1893 8 11800-3850 14400           Aberdeen        226       9983      156                                   
1893 8 12200-3850 14400           Aberdeen         67                 156                                   
1893 8 2 200-3850 14400           Aberdeen         67      10015      122                                   
1893 8 2 600-3850 14400           Aberdeen         67                                                       
1893 8 21000-3850 14400           Aberdeen         67      10092      144                                   
1893 8 7 600-3850 14533           Aberdeen         26                                                       
1893 8 71000-3850 14667           Aberdeen         26                                                       
1893 8 71800-3850 14800           Aberdeen         67                                                       
1893 8 72200-3850 14800           Aberdeen         67                                                       
1893 8 8 200-3850 14800           Aberdeen         67                                                       
1893 8 8 600-3850 14800           Aberdeen         67                                                       
1893 8 81800-3450 15100           Aberdeen         26                                                       
1893 8 82200-3450 15100           Aberdeen         26                                                       
1893 8 9 200-3450 15100           Aberdeen         26                                                       
189212201000-4000  2900           Aberdeen         10                                                       
189212262300-4550  7400           Aberdeen         26       9814      150                                   
18921227 300-4550  7400           Aberdeen         46                                                       
18921227 700-4550  7400           Aberdeen         46       9824      150                                   
189212271100-4550  7575           Aberdeen         67       9828      150                                   
189212272300-4550  7750           Aberdeen         67       9811      150                                   
18921228 300-4550  7925           Aberdeen         93       9781      128                                   
18921228 700-4550  8100           Aberdeen         67                 133                                   
189212281100-4550  8100           Aberdeen         46                 139                                   
189212282200-4550  8333           Aberdeen         26       9869      144                                   
18921229 200-4550  8567           Aberdeen         10       9889      128                                   
18921229 600-4550  8800           Aberdeen         10       9918      133                                   
189212291000-4550  8950           Aberdeen         10       9923      144                                   
189212292200-4550  9100           Aberdeen         10       9910      144                                   
18921230 200-4550  9250           Aberdeen         46       9866      122                                   
18921230 600-4550  9400           Aberdeen         67       9839      122                                   
189212301000-4537  9575           Aberdeen         67      10003      111                                   
189212302100-4525  9750           Aberdeen         10       9801      144                                   
18921231 100-4512  9925           Aberdeen         10                 133                                   
18921231 500-4500 10100           Aberdeen         10       9761      144                                   
18921231 900-4500 10275           Aberdeen         10       9739      150                                   
189212312100-4500 10450           Aberdeen         10       9658      150                                   
1893 1 1 100-4500 10625           Aberdeen         10       9620      139                                   
1893 1 1 500-4500 10800           Aberdeen         10       9620      139                                   
1893 1 1 900-4500 10950           Aberdeen         10       9639      144                                   
1893 1 12100-4500 11100           Aberdeen         10       9698      156                                   
1893 1 2   0-4500 11250           Aberdeen         10       9713      144                                   
1893 1 2 400-4500 11400           Aberdeen          0       9745      156                                   
1893 1 2 800-4500 11575           Aberdeen         10       9764      167                                   
1893 1 22000-4500 11750           Aberdeen         10       9852      167                                   
1893 1 3   0-4500 11925           Aberdeen         26       9887      156                                   
1893 1 3 400-4500 12100           Aberdeen         26       9936      167                                   
18931228 500-4600 10200           Aberdeen        154       9866      128                                   
18931228 900-4600 10200           Aberdeen        154       9840      117                                   
189312281300-4600 10200           Aberdeen        154       9812      122                                   
189312281700-4600 10200           Aberdeen        154       9826      122                                   
189312282100-4600 10200           Aberdeen        154       9890      122                                   
18931229 100-4600 10200           Aberdeen        123       9993      111                                   
18931229 500-4600 10900           Aberdeen         93      10064      133                                   
18931229 900-4600 10900           Aberdeen         67      10093      144                                   
189312291300-4600 10900           Aberdeen         26      10115      150                                   
189312291700-4600 10900           Aberdeen         26      10132      128                                   
189312292100-4600 10900           Aberdeen         26      10133      144                                   
18931230 100-4600 10900           Aberdeen         26      10142      133                                   
18931230 400-4600 11700           Aberdeen         26      10136      144                                   
18931230 800-4600 11750           Aberdeen         26      10126      144                                   
189312301200-4600 11800           Aberdeen         26      10123      122                                   
189312301600-4600 11850           Aberdeen         67      10112      150                                   
189312302000-4600 11900           Aberdeen         67      10098      150                                   
18931231   0-4525 12125           Aberdeen         67      10073      133                                   
18931231 400-4450 12350           Aberdeen         67      10057      144                                   
18931231 800-4450 12200           Aberdeen         67      10038      139                                   
189312311200-4450 12050           Aberdeen         67      10023      150                                   
189312311600-4450 12262           Aberdeen         67      10032      156                                   
189312312000-4450 12475           Aberdeen         93      10012      156                                   
1894 1 1   0-4450 12687           Aberdeen         93      10024      144                                   
1894 1 1 300-4300 12900           Aberdeen         93      10018      150                                   
1894 1 1 700-4300 12900           Aberdeen         93      10015      150                                   
1894 1 11100-4300 12900           Aberdeen         93      10000      156                                   
1894 1 11500-4300 12900           Aberdeen         93      10000      178                                   
1894 1 11900-4300 12900           Aberdeen         93       9984      172                                   
1894 1 12300-4300 12900           Aberdeen         93       9959      161                                   
189312172200-4000  3200           Aberdeen         67       9942      183                                   
189312181000-4000  3400           Aberdeen         67      10029      167                                   
189312181400-4000  3600           Aberdeen         67       9996      167                                   
189312181700-4000  3800           Aberdeen         26       9974      172                                   
189312182100-4200  4000           Aberdeen         67       9863      122                                   
18931219 100-4000  4000           Aberdeen         67       9892      183                                   
18931219 500-4000  4000           Aberdeen         26       9867      167                                   
18931219 900-4200  4000           Aberdeen         26       9867      161                                   
189312191300-4200  4000           Aberdeen         67       9852      150                                   
189312191700-4200  4000           Aberdeen         67       9855      128                                   
189312192100-4400  4600           Aberdeen         67       9903      117                                   
18931220 100-4200  4000           Aberdeen         67       9885      111                                   
18931220 500-4200  4000           Aberdeen         67       9895      111                                   
18931220 900-4400  4600           Aberdeen         67       9905      122                                   
189312201300-4400  4600           Aberdeen         26       9912      122                                   
189312201700-4400  4600           Aberdeen         26       9915      106                                   
189312202100-4600  5200           Aberdeen         67       9954      122                                   
18931221 100-4400  4600           Aberdeen         67       9878      122                                   
18931221 500-4400  4600           Aberdeen         67       9881      106                                   
18931221 900-4600  5200           Aberdeen         67       9911      117                                   
189312211300-4600  5200           Aberdeen         67       9922      111                                   
189312211700-4600  5200           Aberdeen         67       9943      111                                   
189312212000-4600  5900           Aberdeen         93      10028      144                                   
18931222 100-4600  5200           Aberdeen         67       9962      117                                   
18931222 400-4600  5900           Aberdeen         93       9972      117                                   
18931222 800-4600  5900           Aberdeen         93       9993      133                                   
189312221200-4600  5900           Aberdeen         93       9982      139                                   
189312221600-4600  5900           Aberdeen        123      10005      144                                   
18931223   0-4600  5900           Aberdeen         67      10030      133                                   
18931223 400-4600  5900           Aberdeen         26      10041      128                                   
1893 1 3 800-4500 12100           Aberdeen         26       9980      167                                   
1893 1 32000-4350 12700           Aberdeen         10      10071      178                                   
1893 1 4   0-4312 12700           Aberdeen          0      10097      161                                   
1893 1 4 400-4275 12700           Aberdeen          0      10121      156                                   
1893 1 4 800-4237 12700           Aberdeen          0      10111      133                                   
1893 1 41900-4200 13300           Aberdeen         10      10136      189                                   
1893 1 42300-4200 13300           Aberdeen         10      10137      178                                   
1893 1 5 300-4200 13300           Aberdeen          0      10151      178                                   
1893 1 5 700-4200 13300           Aberdeen         10      10149      189                                   
1893 1 51900-4000 13900           Aberdeen         26      10117      167                                   
1893 1 52300-4000 13900           Aberdeen         26      10099      156                                   
1893 1 6 300-4000 13900           Aberdeen         46      10090      167                                   
1893 1 6 700-4000 13900           Aberdeen         46      10073      167                                   
1893 1 61800-3800 14450           Aberdeen         26      10036      200                                   
1893 1 62200-3800 14450           Aberdeen         26      10027      189                                   
1893 1 7 200-3800 14450           Aberdeen         10      10012      200                                   
1893 1 7 600-3800 14450           Aberdeen         10       9999      200                                   
1893 1111800-3850 14800           Aberdeen         10      10054      211                                   
1893 1112200-3850 14800           Aberdeen         10      10058      189                                   
1893 112 200-3850 14800           Aberdeen         10      10038      189                                   
1893 112 600-3850 14800           Aberdeen         10      10023      200                                   
1893 1121800-3500 15100           Aberdeen         10       9993      239                                   
1893 1122200-3500 15100           Aberdeen         10       9987      233                                   
1893 113 200-3500 15100           Aberdeen         10       9960      233                                   
1893 113 600-3500 15100           Aberdeen         10       9918      244                                   
1893 1181000 3418  2640           Aberdeen         67      10147      200                                   
1893 1191000-3418  2640           Aberdeen         67      10148      194                                   
1893 1201000-3615  2630           Aberdeen        123                 194                                   
1893 1211000-3755  2836           Aberdeen         67      10152      189                                   
1893 1221000-3723  3253           Aberdeen         46                 183                                   
1893 1231000-3638  3414           Aberdeen        190      10119      178                                   
1893 1241000-3621  3650           Aberdeen        190      10063      189                                   
1893 1251000-3548  3710           Aberdeen         67      10081      200                                   
1893 1261000-3555  3730           Aberdeen         46      10317      200                                   
1893 1271000-3742  3740           Aberdeen         46      10104      189                                   
1893 128 900-4000  3943           Aberdeen         93      10070      189                                   
1893 129 900-4054  4240           Aberdeen        123      10152      206                                   
1893 130 900-4219  4431           Aberdeen         46      10111      172                                   
1893 131 900-4250  4650           Aberdeen        123      10017      111                                   
1893 2 1 900-4360  5042           Aberdeen        154      10115      139                                   
1893 2 2 800-4342  5370           Aberdeen         67      10223      117                                   
1893 2 3 800-4448  5615           Aberdeen         67                 139                                   
1893 2 4 800-4640  6040           Aberdeen         93      10264      133                                   
1893 2 5 800-4657  6440           Aberdeen         67      10266      122                                   
1893 2 6 800-4693  6715           Aberdeen        123      10107      100                                   
1893 2 7 700-4730  6860           Aberdeen        268                 100                                   
1893 2 8 700-4659  7346           Aberdeen        226                  89                                   
1893 2 9 700-4639  7950           Aberdeen         93      10039      100                                   
1893 210 700-4642  8247           Aberdeen         67      10202      139                                   
1893 211 600-4724  8844           Aberdeen         93      10205      122                                   
1893 212 600-4715  9320           Aberdeen         67      10204      128                                   
1893 213 500-4706  9920           Aberdeen         93      10204      128                                   
1893 214 500-4697 10425           Aberdeen         93      10202      139                                   
1893 215 500-4688 10856           Aberdeen         67      10203      133                                   
1893 216 500-4679 11220           Aberdeen                                                                  
