1892 8 32000-3607 16118           Adelaide         46      10100      167                                   
1892 8 32100-3612 16152           Adelaide         10      10100      167                                   
1892 8 32300-3618 16186           Adelaide         26      10104      167                                   
1892 8 4 100-3623 16220           Adelaide         26      10095      156                                   
1892 8 4 400-3628 16254           Adelaide         26      10081      161                                   
1892 8 4 900-3634 16288           Adelaide         46      10087      167                                   
1892 8 42100-3639 16322           Adelaide         67      10082      156                                   
1892 8 42300-3645 16356           Adelaide         93      10075      156                                   
1892 8 5 100-3650 16390           Adelaide        123      10055      156                                   
1892 8 5 400-3645 16380           Adelaide         26      10040      167                                   
1892 8 5 900-3640 16370           Adelaide         10      10045      172                                   
1892 8 52100-3635 16360           Adelaide         10      10032      150                                   
1892 8 52300-3630 16350           Adelaide         10      10028      156                                   
1892 8 6 100-3625 16340           Adelaide         10      10014      156                                   
1892 8 6 400-3611 16362           Adelaide          0      10000      161                                   
1892 8 6 900-3597 16384           Adelaide         10      10006      167                                   
1892 8 62100-3583 16406           Adelaide        190       9990      156                                   
1892 8 62300-3569 16428           Adelaide        154      10004      156                                   
1892 8 7 100-3555 16450           Adelaide        190      10004      156                                   
1892 8 7 400-3547 16510           Adelaide        190      10013      161                                   
1892 8 7 900-3539 16570           Adelaide        190      10046      161                                   
1892 8 72100-3530 16631           Adelaide         67      10094      156                                   
1892 8 72300-3522 16691           Adelaide         46      10105      156                                   
1892 8 8 100-3514 16751           Adelaide         46      10098      156                                   
1892 8 8 400-3502 16767           Adelaide         26      10090      161                                   
1892 8 8 900-3490 16783           Adelaide         10      10106      167                                   
1892 8 82100-3478 16800           Adelaide         10      10114      156                                   
1892 8 82300-3466 16816           Adelaide         10      10121      156                                   
1892 8 9 100-3454 16832           Adelaide         10      10114      156                                   
1892 8 9 400-3442 16848           Adelaide          0      10105      167                                   
1892 8 9 900-3430 16864           Adelaide          0      10104      172                                   
1894 2282100-3193 16491           Adelaide         26      10200      211                                   
1894 3 1 100-3220 16527           Adelaide         26      10199      222                                   
1894 3 1 500-3247 16563           Adelaide         26      10194      233                                   
1894 3 1 900-3274 16598           Adelaide         46      10201      233                                   
1894 3 12100-3302 16634           Adelaide         46      10205      211                                   
1894 3 2 100-3329 16670           Adelaide         26      10203      222                                   
1894 3 2 500-3357 16680           Adelaide         46      10188      233                                   
1894 3 2 900-3384 16690           Adelaide         46      10189      228                                   
1894 3 22100-3412 16700           Adelaide         46      10174      217                                   
1894 3 3 100-3440 16710           Adelaide         26      10177      222                                   
1894 3 3 500-3442 16717           Adelaide         26      10164      239                                   
1894 3 3 900-3443 16724           Adelaide         26      10171      239                                   
1894 3 31700-3445 16732           Adelaide         10      10165      233                                   
1894 3 32100-3446 16739           Adelaide          0      10169      228                                   
1894 3 4 100-3448 16746           Adelaide          0      10173      244                                   
1894 3 4 500-3448 16746           Adelaide          0      10172      256                                   
1894 3 4 900-3418 16771           Adelaide         10      10186      250                                   
1894 3 42100-3389 16795           Adelaide         26      10197      222                                   
1894 3 5 100-3359 16820           Adelaide         26      10203      222                                   
1894 3 5 500-3347 16842           Adelaide         46      10200      222                                   
1894 3 5 900-3334 16865           Adelaide         46      10210      222                                   
1894 3 52100-3322 16887           Adelaide         46      10205      211                                   
1894 3 6 100-3310 16910           Adelaide         46      10211      211                                   
1894 3 6 500-3289 16922           Adelaide         46      10204      217                                   
1894 3 6 900-3268 16934           Adelaide         46      10210      217                                   
1894 3 62100-3248 16947           Adelaide         26      10196      222                                   
1894 3 7 100-3227 16959           Adelaide         46      10195      228                                   
1894 3 7 500-3206 16971           Adelaide         46      10184      228                                   
1894 3 7 900-3185 16983           Adelaide         46      10187      233                                   
1894 3 72100-3216 17103           Adelaide         26      10182      222                                   
1894 3 8 100-3200 17126           Adelaide         26      10182      222                                   
1894 3 8 500-3184 17148           Adelaide         46      10161      222                                   
1894 3 8 900-3168 17171           Adelaide         26      10165      222                                   
1894 3 82100-3153 17193           Adelaide         10      10168      222                                   
1894 3 9 100-3137 17216           Adelaide         26      10163      233                                   
1894 3 9 500-3160 17201           Adelaide         26      10148      239                                   
1894 3 9 900-3183 17186           Adelaide         46      10154      244                                   
1894 3 92100-3206 17172           Adelaide         46      10158      222                                   
1894 310 100-3229 17157           Adelaide         26      10157      233                                   
1894 310 500-3259 17178           Adelaide         26      10152      244                                   
1894 310 900-3290 17198           Adelaide         26      10156      239                                   
1894 3102100-3320 17219           Adelaide         26      10149      222                                   
1894 311 100-3350 17240           Adelaide         46      10150      217                                   
1894 311 400-3355 17261           Adelaide         46      10143      222                                   
1894 311 800-3360 17282           Adelaide         26      10141      233                                   
1894 3112000-3365 17304           Adelaide         26      10153      222                                   
1894 312   0-3370 17325           Adelaide         26      10153      222                                   
1894 312 400-3385 17333           Adelaide         26      10158      233                                   
1894 312 800-3400 17341           Adelaide         46      10173      244                                   
1894 3122000-3415 17350           Adelaide         46      10197      222                                   
1894 313   0-3430 17358           Adelaide         67      10209      233                                   
1894 313 400-3457 17379           Adelaide         67      10206      233                                   
1894 313 800-3483 17400           Adelaide         26      10216      233                                   
1894 3132000-3510 17421           Adelaide         10      10218      222                                   
1894 314   0-3537 17442           Adelaide         26      10217      233                                   
1894 314 400-3558 17456           Adelaide         26      10215      244                                   
1894 314 800-3580 17471           Adelaide         10      10220      256                                   
1894 3142000-3601 17485           Adelaide          0      10225      228                                   
1894 315   0-3623 17500           Adelaide         10      10222      244                                   
1894 315 400-3644 17514           Adelaide         26      10207      256                                   
1894 315 800-3666 17529           Adelaide         46      10215      250                                   
1894 6 82100-3550 16310           Adelaide         93      10024      178                                   
1894 6 9 100-3550 16310           Adelaide        123      10016      183                                   
1894 6 9 500-3550 16310           Adelaide        123      10012      183                                   
1894 6 9 900-3550 16310           Adelaide         67      10035      189                                   
1894 6 92100-3497 16421           Adelaide         67      10077      178                                   
1894 610 100-3443 16532           Adelaide         67      10083      178                                   
1894 610 500-3443 16532           Adelaide         67      10080      178                                   
1894 610 900-3443 16532           Adelaide         46      10095      189                                   
1894 6102100-3437 16644           Adelaide         67      10117      178                                   
1894 611 100-3431 16757           Adelaide         67      10111      172                                   
1894 611 500-3431 16757           Adelaide         67      10112      167                                   
1894 611 900-3431 16757           Adelaide         67      10117      178                                   
1894 6112100-3393 16948           Adelaide         67      10321      167                                   
1894 612 100-3356 17140           Adelaide         93      10320      167                                   
1894 612 500-3356 17140           Adelaide        123      10186      167                                   
1894 612 900-3356 17140           Adelaide        123      10287      167                                   
1894 6122000-3406 17270           Adelaide         26      10287      167                                   
1894 613   0-3456 17400           Adelaide         10      10254      167                                   
1894 613 400-3456 17400           Adelaide          0      10219      172                                   
1894 613 800-3456 17400           Adelaide         10      10319      178                                   
1894 6132000-3488 17426           Adelaide         10      10322      167                                   
1894 614   0-3520 17453           Adelaide         26      10254      167                                   
1894 614 400-3520 17453           Adelaide         26      10116      167                                   
1894 614 800-3520 17453           Adelaide         10      10119      172                                   
1894 6142000-3534 17451           Adelaide         26      10121      156                                   
1894 615   0-3548 17450           Adelaide         26      10107      161                                   
1894 615 400-3548 17450           Adelaide         10      10099      172                                   
1894 615 800-3548 17450           Adelaide         10      10105      172                                   
1894 6152000-3548 17450           Adelaide         93      10077      161                                   
1894 616   0-3548 17450           Adelaide        154      10047      156                                   
1894 616 400-3548 17450           Adelaide        190      10020      156                                   
1894 616 800-3548 17450           Adelaide        226       9993      156                                   
1902 4 91500-3432 13965           Adelaide         67      10271      167                                   
1902 410 700-3450 13830           Adelaide         26      10277      172                                   
1902 4101100-3468 13695           Adelaide         67      10244      167                                   
1902 4101500-3486 13560           Adelaide         67      10271      167                                   
1902 4101900-3504 13424           Adelaide         67      10269      161                                   
1902 4102300-3522 13289           Adelaide         46      10271      167                                   
1902 411 300-3540 13154           Adelaide         67      10252      183                                   
1902 411 700-3538 13033           Adelaide         67      10218      206                                   
1902 4111100-3537 12912           Adelaide         67      10201      183                                   
1902 4111500-3535 12791           Adelaide         67      10202      178                                   
1902 4112000-3534 12670           Adelaide         46      10209      178                                   
1902 412   0-3532 12549           Adelaide         10      10229      178                                   
1902 412 400-3531 12428           Adelaide         10      10228      183                                   
1902 412 800-3528 12310           Adelaide         46      10218      183                                   
1902 4121200-3526 12191           Adelaide         10      10202      178                                   
1902 4121600-3523 12073           Adelaide         26      10202      178                                   
1902 4122000-3520 11955           Adelaide          0      10192      178                                   
1902 413   0-3518 11836           Adelaide         67      10207      189                                   
1902 413 400-3515 11718           Adelaide         67      10192      194                                   
1902 413 800-3512 11600           Adelaide         93      10278      206                                   
1902 4131200-3510 11481           Adelaide         67      10203      189                                   
1902 4131600-3507 11363           Adelaide         67      10197      206                                   
1902 4132100-3504 11245           Adelaide         46      10198      200                                   
1902 414 100-3502 11126           Adelaide         46      10223      194                                   
1902 4141300-3499 11008           Adelaide         26      10203      211                                   
1902 4141700-3496 10890           Adelaide         26      10196      211                                   
