1894 4 62200-4232  3115           Adriana          93      10051      -77                                   
1894 4 7 200-4232  3115           Adriana          46       9830      -72                                   
1894 4 7 600-4232  3115           Adriana          67                 -72                                   
1894 4 71000-4232  3115           Adriana          67                 -78                                   
1894 4 71400-4232  3115           Adriana          46      10041      -77                                   
1894 4 71800-4244  3322           Adriana          46      10051      -78                                   
1894 4 72200-4256  3528           Adriana          67      10011     -100                                   
1894 4 8 200-4256  3528           Adriana          67      10046      -83                                   
1894 4 8 600-4256  3528           Adriana          67      10043      -86                                   
1894 4 81000-4256  3528           Adriana          67                 -89                                   
1894 4 81400-4256  3528           Adriana         123      10007      -94                                   
1894 4 81800-4256  3528           Adriana         123      10007      -94                                   
1894 4 82200-4270  3577           Adriana                            -100                                   
1894 4 9 200-4283  3627           Adriana          67                -100                                   
1894 4 9 600-4297  3676           Adriana          26                -100                                   
1894 4 91000-4311  3726           Adriana          26                 -97                                   
1894 4 91300-4260  3921           Adriana          26                 -94                                   
1894 4 91700-4210  4115           Adriana          26                 -97                                   
1894 4 92100-4159  4310           Adriana         154      10192     -114                                   
1894 410 100-4159  4310           Adriana         154                -100                                   
1894 410 500-4159  4310           Adriana         154                -106                                   
1894 410 900-4159  4310           Adriana         154                -117                                   
1894 4101300-4125  4362           Adriana         154      10171     -111                                   
1894 4101700-4091  4414           Adriana         154      10184     -111                                   
1894 4102100-4057  4465           Adriana         154      10173      -89                                   
1894 411 100-4023  4517           Adriana         154                -108                                   
1894 411 500-3989  4569           Adriana         190      10182     -106                                   
1894 411 900-3955  4621           Adriana         154      10174     -100                                   
1894 4111300-3921  4673           Adriana         190      10160      -97                                   
1894 4111700-3887  4725           Adriana         190      10172      -92                                   
