1891 2182200 -324 15326           Aeolus          123                                                       
1891 219 200 -324 15326           Aeolus          123                                                       
1891 2192200 -527 15353           Aeolus           67                                                       
1891 220 200 -527 15353           Aeolus           67                                                       
1891 2202200 -642 15436           Aeolus           67                                                       
1891 221 200 -642 15436           Aeolus           67                                                       
1891 2212200 -834 15534           Aeolus           93                                                       
1891 222 200 -834 15534           Aeolus           93                                                       
1891 2222200-1039 15637           Aeolus          226                                                       
1891 223 200-1039 15637           Aeolus          226                                                       
1891 2232200-1159 15732           Aeolus           46                                                       
1891 224 200-1159 15732           Aeolus           46                                                       
1891 2242100-1242 15836           Aeolus           46                                                       
1891 225 100-1242 15836           Aeolus           46                                                       
1891 2252100-1321 16000           Aeolus          123                                                       
1891 226 100-1321 16000           Aeolus          123                                                       
1891 2262100-1359 15849           Aeolus          123                                                       
1891 227 100-1359 15849           Aeolus          123                                                       
1891 2272100-1436 15928           Aeolus           46                                                       
1891 228 100-1436 15928           Aeolus           46                                                       
1891 2282100-1520 16035           Aeolus           26                                                       
1891 3 1 100-1520 16035           Aeolus           26                                                       
1891 3 12100-1551 16127           Aeolus           10                                                       
1891 3 2 100-1551 16127           Aeolus           10                                                       
1891 3 22100-1652 16120           Aeolus           67                                                       
1891 3 3 100-1652 16120           Aeolus           67                                                       
1891 3 32100-1833 16058           Aeolus          154                                                       
1891 3 4 100-1833 16058           Aeolus          154                                                       
1891 3 42100-1836 16137           Aeolus          154                                                       
1891 3 5 100-1836 16137           Aeolus          154                                                       
1891 3 52100-1729 16054           Aeolus          268                                                       
1891 3 6 100-1729 16054           Aeolus          268                                                       
1891 3 62100-1718 16018           Aeolus          268                                                       
1891 3 7 100-1718 16018           Aeolus          268                                                       
1891 3 72100-1727 15945           Aeolus          268                                                       
1891 3 8 100-1727 15945           Aeolus          268                                                       
1891 3 82100-1729 15914           Aeolus          350                                                       
1891 3 9 100-1729 15914           Aeolus          350                                                       
1891 3 92100-1715 15915           Aeolus          268                                                       
1891 310 100-1715 15915           Aeolus          268                                                       
1891 3102100-1824 15824           Aeolus          226                                                       
1891 311 100-1824 15824           Aeolus          226                                                       
1891 3112100 2014 16046           Aeolus           67                                                       
1891 312 100-2014 16046           Aeolus           67                                                       
1891 3122100 2049 16170           Aeolus           46                                                       
1891 313 100-2049 16170           Aeolus           46                                                       
1891 3132100 2133 16012           Aeolus           26                                                       
1891 314 100-2133 16012           Aeolus           26                                                       
1891 3142100 2241 15931           Aeolus           93                                                       
1891 315 100-2241 15931           Aeolus           93                                                       
1891 3152100 2449 15830           Aeolus           93                                                       
1891 316 100-2449 15830           Aeolus           93                                                       
1891 3162200 2557 15647           Aeolus           93                                                       
1891 317 200-2557 15647           Aeolus           93                                                       
1891 3172200 2722 15530           Aeolus           93                                                       
1891 318 200-2722 15530           Aeolus           93                                                       
