1892 8 3   0 1441 11990           Airlie           67      10126      306                                   
1892 8 3 400 1236 12045           Airlie           26      10136      278                                   
1892 8 4   0 1030 12100           Airlie           46      10120      294                                   
1892 8 4 400  825 12155           Airlie           46      10131      300                                   
1892 8 5   0  633 12242           Airlie           46      10127      306                                   
1892 8 5 400  441 12330           Airlie           46      10125      311                                   
1892 8 6   0  170 12430           Airlie           93      10121      278                                   
1892 8 6 400 -100 12530           Airlie           67      10121      278                                   
1892 8 7   0 -178 12594           Airlie           93      10122      289                                   
1892 8 7 400 -256 12659           Airlie           93      10122      289                                   
1892 8 8   0 -450 12744           Airlie           93      10139      272                                   
1892 8 8 300 -645 12830           Airlie           93      10142      272                                   
1892 8 82300 -844 12880           Airlie           93      10139      272                                   
1892 8 9 300-1044 12930           Airlie           93      10140      272                                   
1892 8 92300-1070 12979           Airlie                   10178      289                                   
1892 810 300-1097 13028           Airlie           46      10178      289                                   
1892 8102300-1123 13078           Airlie           67      10158      267                                   
1892 811 300-1150 13127           Airlie           67      10161      267                                   
1892 8112300-1101 13284           Airlie           93      10173      239                                   
1892 812 300-1053 13442           Airlie           93      10171      267                                   
1892 8122300-1052 13637           Airlie          123      10173      278                                   
1892 813 300-1052 13832           Airlie          123      10176      278                                   
1892 8132300-1077 13952           Airlie           93      10170      272                                   
1892 814 300-1102 14073           Airlie           93      10175      267                                   
1892 8142300-1128 14193           Airlie           93      10153      278                                   
1892 815 200-1153 14314           Airlie           93      10180      278                                   
1892 8152200-1316 14368           Airlie           67      10173      261                                   
1892 816 200-1480 14423           Airlie           67      10170      267                                   
1892 8162200-1511 14474           Airlie           67      10172      272                                   
1892 817 200-1543 14525           Airlie           67      10179      272                                   
1892 8292200-4055 14538           Airlie                   10187      133                                   
1892 830 200-3946 14640           Airlie           26      10186      133                                   
1892 8302200-3838 14741           Airlie           67      10193      128                                   
1892 831 200-3730 14842           Airlie           67      10197      156                                   
1892 8312200-3621 14944           Airlie           46      10233      161                                   
1892 9 1 200-3513 15045           Airlie           46      10220      172                                   
1892 9 12200-3504 15049           Airlie           67      10206      150                                   
1892 9 2 200-3494 15054           Airlie           67      10187      167                                   
1892 9 22200-3485 15058           Airlie           67      10205      156                                   
1892 9 3 200-3475 15063           Airlie           67      10203      172                                   
1892 9 32200-3466 15067           Airlie           93      10186      172                                   
1892 9 4 200-3456 15072           Airlie           93      10184      183                                   
1892 9 42200-3447 15076           Airlie           67      10153      167                                   
1892 9 5 200-3437 15081           Airlie           67      10286      178                                   
1892 9 52200-3428 15085           Airlie           67      10158      172                                   
1892 9 6 200-3418 15090           Airlie           67      10166      189                                   
1892 9 62200-3409 15094           Airlie           67      10257      144                                   
1892 9 7 200-3399 15099           Airlie           67      10270      167                                   
1892 9 72200-3390 15103           Airlie           67      10258      139                                   
1892 9 8 200-3380 15108           Airlie           67      10255      156                                   
1892 9 82200-3371 15112           Airlie           67      10264      144                                   
1892 9 9 200-3361 15117           Airlie           67      10255      156                                   
1892 9 92200-3352 15121           Airlie           67      10257      144                                   
1892 910 200-3342 15126           Airlie           67      10255      156                                   
1892 9102200-3333 15130           Airlie           93      10184      178                                   
1892 911 200-3324 15134           Airlie           93      10198      189                                   
1892 9112200-3314 15139           Airlie           67      10218      172                                   
1892 912 200-3305 15143           Airlie           67      10214      194                                   
1892 9122200-3295 15148           Airlie           46      10251      178                                   
1892 913 200-3286 15152           Airlie           26      10249      189                                   
189212 82300-3498 13859           Airlie           67      10165      217                                   
189212 9 300-3581 13850           Airlie           67      10166      217                                   
189212 92300-3664 13840           Airlie           67      10213      178                                   
18921210 300-3747 13831           Airlie           46      10220      183                                   
189212102300-3830 14174           Airlie          123       9958      183                                   
18921211 200-3913 14517           Airlie           93       9982      183                                   
189212112200-3782 14803           Airlie           93      10038      183                                   
18921212 200-3651 15090           Airlie           93      10043      211                                   
189212122200-3520 15105           Airlie           67      10094      217                                   
18921213 200-3389 15120           Airlie           67      10098      211                                   
189212132200-3258 15120           Airlie           93       9991      300                                   
18921214 200-3127 15120           Airlie           93       9985      311                                   
189212142200-2996 15120           Airlie           67      10011      289                                   
18921215 200-2865 15120           Airlie           67      10022      317                                   
189212152200-2734 15120           Airlie           67      10082      256                                   
18921216 200-2603 15120           Airlie           67      10062      267                                   
189212162200-2472 15120           Airlie           67      10192      189                                   
18921217 200-2341 15120           Airlie           67      10206      200                                   
189212172200-2210 15120           Airlie           93                 200                                   
18921218 200-2079 15120           Airlie           93      10184      222                                   
189212182200-1948 15120           Airlie           67      10131      228                                   
18921219 200-1817 15120           Airlie           67      10136      233                                   
189212192200-1686 15120           Airlie           67      10161      200                                   
18921220 200-1555 15120           Airlie           67      10149      211                                   
189212202200-1424 15120           Airlie           46      10129      228                                   
18921221 200-1293 15120           Airlie           46      10134      233                                   
189212212200-1162 15120           Airlie           67      10258      256                                   
18921222 200-1031 15120           Airlie           67      10085      278                                   
189212222200 -900 15120           Airlie           67      10156      256                                   
18921223 200 -769 15120           Airlie           67      10154      267                                   
189212232200-3110 15330           Airlie           46      10250      233                                   
1893 1 8   0 -728 12528           Airlie           46      10113      306                                   
1893 1 8 400 -728 12528           Airlie           26      10117      306                                   
1893 1 9   0 -728 12528           Airlie            0      10126      311                                   
1893 1 9 400 -728 12528           Airlie           10      10128      317                                   
1893 110   0 -728 12528           Airlie           46      10111      300                                   
1893 110 400 -312 12553           Airlie           26      10108      294                                   
1893 111   0 -312 12553           Airlie           46      10316      294                                   
1893 111 400   33 12530           Airlie           67      10350      294                                   
1893 112   0   33 12530           Airlie           93      10318      283                                   
1893 112 400  414 12400           Airlie           67      10283      294                                   
1893 113   0  414 12400           Airlie           46      10150      283                                   
1893 113 400  753 12200           Airlie           67      10251      289                                   
1893 114   0  753 12200           Airlie           67      10185      278                                   
1893 114 400 1143 12117           Airlie           67      10187      272                                   
1893 115   0 1143 12117           Airlie           26      10119      278                                   
1893 115 400 1534 11923           Airlie           46      10130      283                                   
1894 1 6   0 1711 11692           Airlie                   10135      261                                   
1894 1 6 400 1519 11833           Airlie           93      10133      267                                   
1894 1 7   0 1327 11973           Airlie                   10116      261                                   
1894 1 7 400 1135 12114           Airlie           93      10130      272                                   
1894 1 8   0  926 12133           Airlie                   10117      289                                   
1894 1 8 400  718 12153           Airlie           46                                                       
1894 1 9   0  524 12311           Airlie                   10113      283                                   
1894 1 9 400  331 12470           Airlie           67      10113      283                                   
1894 110   0  221 12548           Airlie                   10122      289                                   
1894 110 400  111 12626           Airlie           26      10115      289                                   
1894 111   0  -65 12704           Airlie                   10103      306                                   
1894 111 300 -242 12782           Airlie           67      10104      294                                   
1894 1112300 -418 12860           Airlie                   10103      283                                   
1894 1251600 2223 11284           Airlie          123                                                       
1894 1311600 -738 12544           Airlie            0      10035      294                                   
1894 2 11600 -824 12545           Airlie            0      10013      306                                   
1894 2 21500-1031 12849           Airlie           67      10020      306                                   
1894 2 31500-1031 13125           Airlie           67      10014      306                                   
1894 2 32200-3976 14746           Airlie                   10229      206                                   
1894 2 4 200-3828 14840           Airlie          123      10206      211                                   
1894 2 41500-1032 13402           Airlie           67      10003      267                                   
1894 2 42200-3680 14934           Airlie                   10188      250                                   
1894 2 5 200-3532 15029           Airlie          123      10172      256                                   
1894 2 51500-1032 13834           Airlie           67                                                       
1894 2 52200-3442 15072           Airlie                                                                    
1894 2 6 200-3352 15115           Airlie           26                                                       
1894 2 61500-1170 14084           Airlie           93      10032      300                                   
1894 2 71400-1308 14335           Airlie                   10010      294                                   
1894 2 81400-1530 14519           Airlie           67      10017      294                                   
1894 2 91400-1735 14684           Airlie           67      10034      300                                   
1894 2101400-1941 14850           Airlie           93      10070      294                                   
1894 2102200-3235 15186           Airlie                   10101      267                                   
1894 211 200-3119 15258           Airlie           67      10100      267                                   
1894 2111400-2230 15120           Airlie          123      10076      267                                   
1894 2112200-2934 15296           Airlie                   10117      278                                   
1894 212 200-2750 15333           Airlie           67      10110      289                                   
1894 2121400-2428 15320           Airlie          123                 272                                   
1894 2122200-2590 15293           Airlie                   10104      294                                   
1894 213 200-2430 15254           Airlie          123      10097      311                                   
1894 213 200-2626 15520           Airlie            0                                                       
1894 2132200-2275 15088           Airlie                   10087      267                                   
1894 214 200-2120 14923           Airlie          123      10091      272                                   
1894 2142200-1980 14782           Airlie                   10091      289                                   
1894 215 200-1841 14641           Airlie           67      10097      272                                   
1894 2152200-1641 14600           Airlie                   10066      306                                   
1894 216 200-1441 14560           Airlie           67      10076      306                                   
1894 2162200-1332 14439           Airlie                   10087      294                                   
1894 217 200-1224 14319           Airlie           67      10087      294                                   
1894 2172200-1129 14266           Airlie                   10082      278                                   
1894 218 300-1035 14213           Airlie           67      10075      278                                   
1894 2182300-1038 14139           Airlie                   10083      289                                   
1894 219 300-1041 14065           Airlie           46      10083      289                                   
1894 2192300-1045 13991           Airlie                   10084      283                                   
1894 220 300-1048 13917           Airlie          123      10080      272                                   
1894 2202300-1052 13723           Airlie                   10116      294                                   
1894 221 300-1056 13529           Airlie           93      10083      294                                   
1894 2212300-1103 13338           Airlie                   10150      294                                   
1894 222 300-1150 13147           Airlie           67      10081      306                                   
1894 2222300-1667 13049           Airlie                   10388      294                                   
1894 223 300-1445 13005           Airlie           67      10387      294                                   
1894 2232300-1222 12960           Airlie                   10115      306                                   
1894 224 300-1000 12916           Airlie           46      10077      289                                   
1894 2242300 -777 12871           Airlie                   10078      294                                   
1894 225 300 -555 12827           Airlie           67      10080      300                                   
1894 226   0 -390 12741           Airlie                   10317      289                                   
1894 226 400 -225 12656           Airlie           67      10353      278                                   
1894 227   0  -84 12593           Airlie                   10383      294                                   
1894 227 400   57 12530           Airlie           93      10382      300                                   
1894 228   0  239 12439           Airlie                   10115      289                                   
1894 228 400  422 12348           Airlie           26      10318      283                                   
1894 3 1   0  611 12250           Airlie                   10120      283                                   
1894 3 1 400  800 12152           Airlie           46      10118      278                                   
1894 3 2   0  966 12131           Airlie                   10119      278                                   
1894 3 2 400 1132 12110           Airlie           93      10121      267                                   
1894 3 3   0 1323 12028           Airlie                   10120      278                                   
1894 3 3 400 1514 11946           Airlie           46      10120      283                                   
1894 3 4   0 1680 11851           Airlie                   10130      267                                   
1894 3 4 400 1845 11756           Airlie           26      10128      267                                   
1894 3102100-3641 16045           Airlie           46      10172      183                                   
1894 311 100-3641 16045           Airlie           67      10183      200                                   
1894 3112100-3641 16045           Airlie           67      10188      206                                   
1894 312 200-3545 15511           Airlie           93      10203      211                                   
1894 3122100-3545 15515           Airlie           46      10146      211                                   
1894 3132000-3545 15520           Airlie           26      10112      217                                   
1894 3142200-3544 15524           Airlie          190      10096      206                                   
1894 315 200-3544 15529           Airlie          154      10096      206                                   
1894 3162200-3544 15533           Airlie           26      10172      200                                   
1894 317 200-3544 15538           Airlie           26                 200                                   
1894 3172200-3544 15538           Airlie           46      10144      183                                   
1894 318 100-3600 15848           Airlie           46      10152      178                                   
1894 3182100-3600 15848           Airlie           67      10167      172                                   
1894 319 100-3714 16316           Airlie           67      10160      156                                   
1894 3192100-3714 16534           Airlie           67      10155      167                                   
1894 320 100-3837 16752           Airlie           46      10173      167                                   
1894 3202100-3921 16752           Airlie           26      10184      167                                   
1894 321 100-4005 17225           Airlie           26      10188      167                                   
1894 3222100-3998 17235           Airlie           46      10154      150                                   
1894 323 100-3991 17246           Airlie           67      10134      167                                   
1894 3241900-3984 17256           Airlie           26      10112      133                                   
1894 3282100-3977 17229           Airlie           93      10060      144                                   
1894 329 100-3970 17202           Airlie           67      10046      167                                   
1894 3292100-3963 17176           Airlie           93      10067      139                                   
1894 330 100-3956 17149           Airlie           93      10073      167                                   
1894 3302100-3895 16899           Airlie           46      10064      156                                   
1894 331 100-3835 16649           Airlie           46      10084      156                                   
1894 3312100-3741 16386           Airlie           93      10123      156                                   
1894 4 1 100-3647 16124           Airlie           67      10153      178                                   
1894 4 12100-3647 16124           Airlie           46      10137      189                                   
1894 4 2 200-3509 15615           Airlie           93      10114      200                                   
1894 4222300 -904 14193           Airlie                   10250      294                                   
1894 423 300-1052 14243           Airlie           93      10251      294                                   
1894 4232200-1200 14292           Airlie           93      10387      289                                   
1894 424 200-1348 14342           Airlie           67      10119      283                                   
1894 4242200-1473 14412           Airlie           67      10131      256                                   
1894 425 200-1599 14482           Airlie          123      10132      256                                   
1894 4252200-1724 14552           Airlie          123      10134      267                                   
1894 426 200-1850 14622           Airlie           67      10129      261                                   
1894 4262200-1884 14677           Airlie           67      10148      267                                   
1894 427 200-1918 14732           Airlie           67      10152      267                                   
1894 4272200-2041 14872           Airlie                   10172      272                                   
1894 428 200-2165 15013           Airlie           93      10175      278                                   
1894 4282200-2288 15121           Airlie           93      10193      256                                   
1894 429 200-2411 15230           Airlie           93      10180      256                                   
1894 4292200-2535 15277           Airlie           93      10201      256                                   
1894 430 200-2658 15325           Airlie           67      10196      250                                   
1894 4302200-2735 15333           Airlie           67      10178      244                                   
1894 5 1 200-2812 15341           Airlie           67      10169      239                                   
1894 5 12200-2982 15297           Airlie           67      10157      200                                   
1894 5 2 200-3153 15253           Airlie           93      10157      206                                   
1894 5 22200-3235 15214           Airlie           93      10164      167                                   
1894 5 3 200-3317 15175           Airlie           46      10167      194                                   
1894 5 32200-3399 15136           Airlie                                                                    
1894 5 4 200-3481 15098           Airlie                                                                    
1894 5 42200-3563 15059           Airlie                              183                                   
1894 5 5 200-3645 15020           Airlie           93      10237      178                                   
1894 5 52200-3748 14865           Airlie           93      10255      178                                   
1894 5 6 200-3852 14710           Airlie           93      10239      178                                   
1894 5 62200-3955 14555           Airlie           93      10256      161                                   
1894 5 7 200-4059 14400           Airlie           67      10251      194                                   
1894 5 8 200-3830 14453           Airlie           46      10251      161                                   
1894 5 9 200-3750 14926           Airlie           46      10299      178                                   
1894 510 200-3415 15110           Airlie           46      10307      189                                   
1894 524 200-3030 15154           Airlie           67      10192      211                                   
1894 525 200-2700 15199           Airlie           67      10183      189                                   
1894 526 200-2369 15243           Airlie           93                 244                                   
1894 527 200-2039 15016           Airlie           93      10181      239                                   
1894 528 200-1794 14789           Airlie           93      10163      233                                   
1894 529 200-1550 14562           Airlie           93      10156      272                                   
1894 530 200-1305 14335           Airlie                   10137      278                                   
1894 531 300-1171 14218           Airlie           93      10117      294                                   
1894 5312300 -595 12938           Airlie           93      10131      261                                   
1894 6 1 300-1037 14102           Airlie           67      10085      278                                   
1894 6 2 300-1054 13622           Airlie           67      10104      267                                   
1894 6 3 300-1105 13421           Airlie           67      10084      289                                   
1894 6 4 300-1054 13219           Airlie           46      10049      294                                   
1894 6 5 300-1004 13017           Airlie           67                                                       
1894 6 6 300 -953 12816           Airlie           93      10080      306                                   
1894 6 7 400 -727 12683           Airlie           67      10112      294                                   
1894 6 8 400 -502 12550           Airlie           67      10098      294                                   
1894 6 9 400  -96 12610           Airlie           46      10101      294                                   
1894 610 400  310 12421           Airlie                   10112      311                                   
1894 611 400  654 12204           Airlie                   10097      306                                   
1894 612 400 1108 12131           Airlie                   10080      311                                   
1894 613 400 1500 11904           Airlie                   10061      333                                   
1894 614 400 1844 11639           Airlie           10      10067      328                                   
1894 615 400 2188 11374           Airlie           10      10072      333                                   
189412 21400-2953 15326           Airlie          154      10165      228                                   
189412 31400-2579 15322           Airlie           93      10155      256                                   
189412 41400-2205 15056           Airlie           67      10099      272                                   
189412 51400-1916 14729           Airlie           67      10077      289                                   
189412 61400-1553 14528           Airlie           67      10051      294                                   
189412 71400-1407 14400           Airlie           26      10067      294                                   
189412 81400-1149 14310           Airlie           26      10063      311                                   
189412 91500 -891 14220           Airlie           26      10061      322                                   
1895 1241600 1916 11536           Airlie          123      10149      222                                   
1895 1251600 1609 11787           Airlie          123      10085      256                                   
1895 1261600 1241 12039           Airlie           93      10066      294                                   
1895 1271600  832 12200           Airlie           67      10067      283                                   
1895 1281600  444 12331           Airlie            0      10053      322                                   
1895 1291600   50 12535           Airlie           67      10038      311                                   
1895 1301600 -325 12539           Airlie           67      10028      311                                   
1895 5 71600 1935 11550           Airlie           46      10083      278                                   
1895 5 81600 1613 11805           Airlie           67      10049      311                                   
1895 5 91600 1247 12039           Airlie           67      10002      278                                   
1895 5101600  923 12143           Airlie           93      10047      306                                   
1895 5111600  548 12248           Airlie           67      10046      306                                   
1895 5121600  219 12429           Airlie           67      10042      328                                   
1895 5131600 -100 12614           Airlie           67      10043      322                                   
1895 5141600 -424 12744           Airlie           93      10064      294                                   
1895 5151500 -820 12905           Airlie           93      10071      300                                   
1895 5161500-1203 13009           Airlie           93      10071      289                                   
1895 5171500-1126 13157           Airlie           93      10070      289                                   
1895 5181500-1049 13305           Airlie           93      10070      289                                   
1895 5191500-1100 13637           Airlie           93      10084      289                                   
1895 5201500-1053 14024           Airlie           93      10084      289                                   
1895 5211500-1092 14140           Airlie           93      10084      289                                   
1895 5221400-1132 14257           Airlie           93      10084      289                                   
1895 5231400-1313 14337           Airlie           93      10100      278                                   
1895 5241400-1561 14480           Airlie           93      10108      278                                   
1895 5251400-1810 14623           Airlie           93      10145      244                                   
1895 5261400-1917 14732           Airlie           93      10162      244                                   
1895 5271400-2145 15014           Airlie           67      10154      239                                   
1895 5281400-2416 15316           Airlie           93      10148      244                                   
1895 5291400-2687 15321           Airlie           67      10156      211                                   
1895 5301400-2958 15325           Airlie           67      10141      211                                   
1895 5311400-3229 15329           Airlie           93      10143      211                                   
1895 620 200-3111 15302           Airlie           93      10144      200                                   
1895 621 200-2709 15313           Airlie                   10171      222                                   
1895 622 200-2441 15324           Airlie           67      10150      239                                   
1895 623 200-2137 15023           Airlie                   10112      250                                   
1895 624 200-1842 14787           Airlie           46      10123      272                                   
1895 625 200-1547 14551           Airlie                              261                                   
1895 626 200-1217 14315           Airlie                   10113      278                                   
1895 627 300-1125 14222           Airlie           67                                                       
1895 628 300-1033 13840           Airlie                                                                    
1895 629 300-1040 13410           Airlie                   10050      289                                   
1895 630 300 -842 13192           Airlie           93                                                       
1895 7 2 300 -643 12975           Airlie           67      10083      283                                   
1895 7 3 300 -445 12757           Airlie           93      10095      272                                   
1895 7 4 400  -40 12613           Airlie           46      10063      300                                   
1895 7 5 400  335 12422           Airlie           26                 289                                   
1895 7 6 400  716 12153           Airlie                              300                                   
1895 7 7 400 1128 12116           Airlie           10                 306                                   
1895 7 8 400 1523 11851           Airlie           26      10068      311                                   
1895 7 9 400 1908 11620           Airlie                              294                                   
1895 710 400 2293 11389           Airlie                              306                                   
1895 813 400 2215 11410           Airlie           67      10020      300                                   
1895 8131600 1939 11553           Airlie           67      10050      311                                   
1895 814 400 1939 11553           Airlie           67      10050      311                                   
1895 8141600 1555 11827           Airlie           26      10050      300                                   
1895 815 400 1555 11827           Airlie           26      10050      300                                   
1895 8151600 1214 12054           Airlie           10      10020      311                                   
1895 816 400 1214 12054           Airlie           10      10020      311                                   
1895 8161600  804 12145           Airlie           93      10032      289                                   
1895 817 400  804 12145           Airlie           93      10032      289                                   
1895 8171600  430 12341           Airlie           93      10048      289                                   
1895 818 400  430 12341           Airlie           67      10048      289                                   
1895 8181600   45 12540           Airlie           67      10044      272                                   
1895 819 400   45 12540           Airlie           67      10044      272                                   
1895 8191600 -302 12700           Airlie           93      10047      294                                   
1895 820 400 -302 12700           Airlie           93      10047      294                                   
1895 8201500 -647 12842           Airlie           93      10067      278                                   
1895 821 300 -647 12842           Airlie           93      10067      278                                   
1895 8211500-1054 12945           Airlie           67      10097      267                                   
1895 822 300-1054 12945           Airlie           67      10097      267                                   
1895 8221500-1140 12997           Airlie           46      10095      283                                   
1895 823 300-1227 13050           Airlie           46      10102      283                                   
1895 8231500-1120 13143           Airlie           67      10085      283                                   
1895 824 300-1120 13143           Airlie           67      10085      283                                   
1895 8241500-1052 13549           Airlie           93      10086      272                                   
1895 825 300-1052 13549           Airlie           93      10086      272                                   
1895 8251500-1049 13947           Airlie           67      10080      272                                   
1895 826 300-1049 13947           Airlie           67      10080      272                                   
1895 8261500-1034 14225           Airlie           93      10088      261                                   
1895 827 300-1034 14225           Airlie           93      10088      261                                   
1895 8271400-1322 14339           Airlie           67      10089      261                                   
1895 828 200-1322 14339           Airlie           67      10089      261                                   
1895 8281400-1552 14527           Airlie           67      10124      261                                   
1895 829 200-1552 14527           Airlie           67      10124      261                                   
1895 8291400-1733 14649           Airlie           67      10118      261                                   
1895 830 200-1914 14649           Airlie           67      10119      261                                   
1895 8301400-2113 14943           Airlie           67      10123      244                                   
1895 831 200-2113 14943           Airlie           67      10123      244                                   
1895 8311400-2407 15300           Airlie           93      10130      233                                   
1895 9 1 200-2407 15300           Airlie           93      10130      233                                   
1895 9 11400-2407 15300           Airlie           67      10144      211                                   
1895 9 2 200-2407 15300           Airlie           67      10144      211                                   
1895 929 200-3054 15313           Airlie           67      10210      206                                   
1895 930 100-2649 16329           Airlie           93      10237      228                                   
189510 1 200-2319 15210           Airlie           67      10214      250                                   
189510 2 200-2028 14900           Airlie           93      10143      261                                   
189510 3 200-1827 14650           Airlie           26      10159      261                                   
189510 4 200-1444 14590           Airlie           93      10134      300                                   
189510 5 200-1311 14335           Airlie           67      10084      289                                   
189510 6 300-1170 14094           Airlie           67      10083      294                                   
189510 7 300-1030 13854           Airlie           67      10085      278                                   
189510 8 300-1036 13428           Airlie           46      10083      289                                   
189510 9 300-1201 13117           Airlie           67      10079      322                                   
18951010 300-1123 12986           Airlie           46      10078      322                                   
18951011 300-1046 12856           Airlie           46      10214      311                                   
18951012 400 -822 12640           Airlie           26      10064      300                                   
18951013 400 -624 12592           Airlie           46      10067      300                                   
18951014 400 -427 12544           Airlie           46      10052      306                                   
18951015 400  -36 12613           Airlie           26      10045      311                                   
18951016 400  319 12417           Airlie           67      10049      328                                   
18951017 400 1254 12220           Airlie           46      10044      289                                   
18951018 400 1050 12141           Airlie           67      10062      317                                   
18951019 400 1435 11930           Airlie           93      10080      317                                   
18951020 400 1819 11715           Airlie           93      10320      306                                   
18951021 400 2159 11441           Airlie           93      10130      283                                   
18951022 400 2191 11449           Airlie           67      10138      278                                   
18951023 400 2224 11457           Airlie           93      10095      256                                   
18951024 400 2238 11734           Airlie           93      10169      217                                   
18951025 400 2514 11946           Airlie           93      10180      200                                   
18951026 400 2756 12124           Airlie           67      10190      211                                   
18951027 400 3115 12150           Airlie           26      10193      211                                   
18951028 600 2661  9354           Airlie           26      10153      189                                   
18951029 500 2746  9804           Airlie           26      10279      183                                   
18951030 500 2831 10254           Airlie           26      10281      172                                   
18951031 500 2916 10704           Airlie           26      10136      239                                   
189511 1 500 3001 11154           Airlie           67      10173      244                                   
189511 2 400 3086 11604           Airlie          123      10211      100                                   
189511 3 400 3171 12054           Airlie          123      10258       44                                   
189511 4 400 3256 12504           Airlie           93      10213      100                                   
189511 5 300 3341 12954           Airlie           67      10226      144                                   
189511 6 300 3426 13404           Airlie           93      10271      183                                   
189511 7 300 3469 13520           Airlie           67      10252      178                                   
189511 71500 3457 13497           Airlie           26      10179      211                                   
189511 8 300 3445 13473           Airlie           26      10179      211                                   
189511 9 300 3433 13450           Airlie           26      10172      211                                   
18951110 300 3433 13450           Airlie           67      10186      211                                   
18951111 300 3433 13450           Airlie           67      10186      211                                   
18951112 300 3231 12750           Airlie           67      10165      200                                   
18951113 400 2942 12345           Airlie          190      10262      172                                   
18951114 400 2622 12015           Airlie          154      10280      133                                   
18951115 400 2556 11939           Airlie           67      10261      183                                   
18951116 400 2491 11863           Airlie           67      10259      189                                   
18951117 400 2425 11788           Airlie           67      10186      222                                   
18951118 400 2360 11712           Airlie           67      10171      228                                   
18951119 400 2360 11712           Airlie           67      10184      233                                   
18951120 400 2340 11410           Airlie           67      10196      239                                   
18951121 400 2320 11410           Airlie           46      10199      239                                   
18951122 400 2300 11410           Airlie           46      10215      244                                   
18951123 400 2280 11338           Airlie           26      10189      239                                   
18951124 400 1852 11550           Airlie           46      10152      244                                   
18951125 400 1540 11828           Airlie           67      10118      294                                   
18951126 400 1280 12054           Airlie           46      10084      289                                   
1896 417 200 3185 15356           Airlie           67      10206      239                                   
