1890 5172000-2257 17256           Alanuda          46                 250                                   
1890 518   0-2257 17442           Alanuda          26                                                       
1890 521   0-2257 17628           Alanuda                                                                   
1890 521 400-2257 17814           Alanuda                                                                   
1890 522   0-2257 18000           Alanuda                                                                   
1892 7 11900 1040-16237           Alanuda          67                 267                                   
1892 7 12300  916-16259           Alanuda          26                 250                                   
1892 7 21900  517-16350           Alanuda          26                 267                                   
1892 7 22300  428-16400           Alanuda                             267                                   
1892 7 31900   26-16512           Alanuda          46                 261                                   
1892 7 32300  -24-16524           Alanuda          26                 261                                   
1892 7 41900 -424-16591           Alanuda          67                 261                                   
1892 7 42300 -513-16659           Alanuda          67                 278                                   
1892 7 51900 -910-16900           Alanuda          26                 261                                   
1892 7 52300 -958-16925           Alanuda          46                 256                                   
1892 7 61900-1343-17142           Alanuda          93                 250                                   
1892 7 62300-1539-17165           Alanuda          26                 261                                   
1892 7 71900-1735-17187           Alanuda          93                 233                                   
1892 7 72300-1829-17210           Alanuda         123                 244                                   
1892 7 82000-2240-17432           Alanuda          67                                                       
1892 7 9   0-2333-17583           Alanuda          26                 228                                   
1892 7 92000-2719-17735           Alanuda          46                 167                                   
1892 7 92000-3138 17847           Alanuda          26                 156                                   
1892 710   0-2807-17944           Alanuda          46                 167                                   
1892 710   0-3227 17813           Alanuda          67                 161                                   
1892 7112000-3553 17510           Alanuda         190                 133                                   
1892 712   0-3491 17405           Alanuda          93                 133                                   
1892 7122000-3429 17300           Alanuda          67                 117                                   
1892 713 100-3421 17212           Alanuda          67                                                       
1892 7132100-3356 16961           Alanuda          26                 133                                   
1892 714 100-3358 16710           Alanuda          26                 150                                   
1892 7142100-3345 16206           Alanuda         268                 150                                   
1892 715 100-3345 16106           Alanuda         190                 133                                   
1892 7152200-3341 15744           Alanuda         190                 144                                   
1892 716 200-3342 15702           Alanuda         154                 161                                   
1892 7162200-3348 15207           Alanuda          46                 161                                   
1892 717   0-1154 17485           Alanuda                                                                   
1892 8 11900 1040-16237           Alanuda          67      10087      267                                   
1892 8 12300  916-16259           Alanuda          26      10089      250                                   
1892 8 21900  517-16350           Alanuda          10      10086      267                                   
1892 8 22300  428-16400           Alanuda          67      10092      267                                   
1892 8 31900   26-16512           Alanuda          46      10096      261                                   
1892 8 32300  -24-16524           Alanuda          26      10093      261                                   
1892 8 41900 -424-16645           Alanuda          67      10087      261                                   
1892 8 42300 -513-16659           Alanuda          67      10084      278                                   
1892 8 51900 -910-16900           Alanuda          26      10074      261                                   
1892 8 52300 -958-16925           Alanuda          46      10082      256                                   
1892 8 61900-1343-17142           Alanuda          93      10091      250                                   
1892 8 62300-1539-17145           Alanuda          26      10104      261                                   
1892 8 71900-1735-17202           Alanuda          93      10129      233                                   
1892 8 72300-1829-17210           Alanuda         123      10135      244                                   
1892 8 82000-2240-17432           Alanuda          67      10153      211                                   
1892 8 9   0-2333-17502           Alanuda          26      10161      228                                   
1892 8 92000-2719-17735           Alanuda          46      10113      167                                   
1892 8 92000-3138 17847           Alanuda          26      10094      156                                   
1892 810   0-2807-17807           Alanuda          46      10114      167                                   
1892 810   0-3227 17813           Alanuda          67      10074      161                                   
1892 8112000-3553 17510           Alanuda         190      10007      133                                   
1892 812   0-3650 17405           Alanuda          93      10038      133                                   
1892 8122000-3429 17300           Alanuda          67      10066      117                                   
1892 813 100-3421 17212           Alanuda          67      10084      150                                   
1892 8131400-3356 16815           Alanuda                                                                   
1892 8132100-3356 16815           Alanuda          26      10157      133                                   
1892 814 100-3358 16710           Alanuda          26      10161      150                                   
1892 8142100-3345 16206           Alanuda         268       9999      150                                   
1892 815 100-3345 16106           Alanuda         190      10019      133                                   
1892 8152200-3341 15744           Alanuda         190      10139      144                                   
1892 816 200-3342 15702           Alanuda         154      10159      161                                   
1892 8162200-3348 15207           Alanuda          46      10173      161                                   
1892 817 200-3354 14712           Alanuda                                                                   
1893 1102000 3594-12724           Alanuda          67      10224      172                                   
1893 1112100 3309-13307           Alanuda          93      10145      167                                   
1893 1122100 3024-13837           Alanuda         123      10046      178                                   
1893 1132200 2690-14338           Alanuda         123      10080      200                                   
1893 1142200 2357-14839           Alanuda           0      10126      233                                   
1893 1152200 2222-15340           Alanuda                             239                                   
1893 3 62100 1031 16568           Alanuda         123      10080      267                                   
1893 3 7 100 1115 16351           Alanuda                  10083      272                                   
1893 3 72100 1535 16134           Alanuda         154      10114      256                                   
1893 3 8 100 1622 15917           Alanuda         154      10112      256                                   
1893 3 82200 2033 15700           Alanuda          26      10146      244                                   
1893 3 9 200 2128 15626           Alanuda                  10136      267                                   
1893 3 92200 2224 15552           Alanuda          67      10174      222                                   
1893 310 200 2381 15520           Alanuda                                                                   
1893 3102200 2538 15142           Alanuda                                                                   
1893 311 200 2619 15058           Alanuda          93                                                       
1893 3112200 2769 14655           Alanuda          46      10216      200                                   
1893 312 200 2920 14607           Alanuda          93      10218      211                                   
1893 3122300 3110 14050           Alanuda         123      10193      189                                   
1893 313 300 3152 14024           Alanuda         154                 189                                   
189312312000-2089-17263           Alanuda          67      10093      261                                   
1894 1 1   0-2308-17452           Alanuda          67      10096      272                                   
1894 1 12000-2527-17640           Alanuda          67      10148      233                                   
1894 1 2   0-2746-17829           Alanuda          67      10153      233                                   
1894 1 22000-2989 17953           Alanuda          26      10153      244                                   
1894 1 3   0-3233 17735           Alanuda          10      10145      244                                   
1894 1 32000-3279 17603           Alanuda          46      10047      183                                   
1894 1 4   0-3325 17471           Alanuda                  10061      183                                   
1894 1 42000-3371 17340           Alanuda          67      10137      217                                   
1894 1 5 100-3417 17208           Alanuda          67      10155      194                                   
1894 1 52100-3413 16866           Alanuda          67      10179      211                                   
1894 1 6 100-3410 16524           Alanuda          67      10181      217                                   
1894 1 62100-3380 16172           Alanuda          67      10118      211                                   
1894 1 7 100-3350 15820           Alanuda          93      10095      228                                   
1894 1 72200-3320 15468           Alanuda          46      10117      211                                   
1894 1 8 200-3290 15116           Alanuda          67      10131      206                                   
1894 1222200-3397 15278           Alanuda          93      10094      256                                   
1894 123 200-3400 15619           Alanuda          46      10114      256                                   
1894 1232100-3403 15959           Alanuda          26      10158      233                                   
1894 124 100-3407 16300           Alanuda          10      10156      244                                   
1894 1242100-3409 16615           Alanuda          10      10167      222                                   
1894 125 100-3411 16931           Alanuda          10      10160      222                                   
1894 1252100-3382 17068           Alanuda          10      10135      211                                   
1894 126 100-3353 17206           Alanuda           0      10131      233                                   
1894 1262000-3324 17343           Alanuda          26      10084      228                                   
1894 127   0-3296 17481           Alanuda          10      10070      228                                   
1894 1272000-3267 17618           Alanuda          46      10050      228                                   
1894 128   0-3238 17756           Alanuda          46      10045      233                                   
1894 1282000-3026 17794           Alanuda          10      10073      239                                   
1894 129   0-2815 17832           Alanuda          26      10063      250                                   
1894 1292000-2334 17534           Alanuda          67      10100      289                                   
1894 130 100-1854 17237           Alanuda          67      10092      278                                   
1894 1302100-1627 17158           Alanuda          46      10086      289                                   
1894 131 100-1400 17080           Alanuda          46      10082      306                                   
1894 1312100-1173 17001           Alanuda          10      10071      283                                   
1894 2 1 100 -946 16923           Alanuda          46      10060      267                                   
1894 2 12100 -693 16823           Alanuda          67      10064      278                                   
1894 2 2 100 -440 16724           Alanuda          67      10064      278                                   
1894 2 61900 1429-16106           Alanuda         154      10136      244                                   
1894 2 62300 1429-16019           Alanuda         123      10133      244                                   
1894 2 71900 1429-15932           Alanuda         123      10158      233                                   
1894 2 72300 1849-15845           Alanuda          93      10168      244                                   
1894 2 81900 1849-15812           Alanuda          93      10181      228                                   
1894 2 82300 2012-15780           Alanuda          46      10157      278                                   
1894 2 91800 2175-15599           Alanuda          93      10192      233                                   
1894 2 92200 2338-15417           Alanuda          93      10188      228                                   
1894 2101800 2489-15167           Alanuda          46      10216      206                                   
1894 2102200 2641-14918           Alanuda          93      10223      211                                   
1894 2111800 2790-14663           Alanuda          46      10268      189                                   
1894 2112200 2939-14409           Alanuda          26      10273      189                                   
1894 2121700 3079-14122           Alanuda          26      10282      161                                   
1894 2122100 3220-13836           Alanuda          26      10277      178                                   
1894 2131700 3220-13836           Alanuda          46      10284      133                                   
1894 2132100 3438-13250           Alanuda          26      10293      133                                   
1894 2141700 3438-13250           Alanuda           0      10289      117                                   
1894 2142000 3635-12551           Alanuda           0      10288      133                                   
1894 3251900-1682-17098           Alanuda          93      10101      283                                   
1894 3252300-1901-17237           Alanuda          93      10097      294                                   
1894 3262000-2120-17375           Alanuda          26      10114      278                                   
1894 327   0-2339-17514           Alanuda          26      10114      289                                   
1894 3272000-2545-17682           Alanuda          26      10122      267                                   
1894 328   0-2751-17851           Alanuda          26      10125      261                                   
1894 3282000-2985 17981           Alanuda          26      10113      222                                   
1894 329   0-3219 17813           Alanuda          93      10109      233                                   
1894 3292000-3290 17644           Alanuda          46      10132      200                                   
1894 330   0-3361 17476           Alanuda                  10118      211                                   
1894 3302000-3432 17308           Alanuda          26      10088      189                                   
1894 331 100-3503 17140           Alanuda          26      10073      183                                   
1894 3312100-3457 16971           Alanuda                  10048      167                                   
1894 4 1 100-3412 16803           Alanuda         123      10056      178                                   
1894 4 12100-3375 16466           Alanuda                  10171      194                                   
1894 4 2 100-3338 16130           Alanuda                  10173      222                                   
1894 4 22100-3339 15824           Alanuda          46      10112      200                                   
1894 4 3 200-3340 15518           Alanuda          26      10114      233                                   
1894 5 11900 1316-16145           Alanuda          93                 261                                   
1894 5 12300 1463-16030           Alanuda          93                 267                                   
1894 5 21900 1611-15915           Alanuda                             244                                   
1894 5 22300 1758-15800           Alanuda          67                 261                                   
1894 5 31800 1905-15628           Alanuda                             239                                   
1894 5 32200 2052-15457           Alanuda                             300                                   
1894 5 41800 2200-15285           Alanuda          93                 233                                   
1894 5 42200 2347-15114           Alanuda          93                 244                                   
1894 5 51800 2489-14942           Alanuda          67      10215      211                                   
1894 5 52200 2632-14771           Alanuda                             211                                   
1894 5 61800 2772-14599           Alanuda                             194                                   
1894 5 62200 2912-14428           Alanuda          67                 200                                   
1894 5 71700 3031-14175           Alanuda          67                 178                                   
1894 5 72100 3150-13922           Alanuda          67                 178                                   
1894 5 81700 3277-13655           Alanuda          46                 156                                   
1894 5 82100 3404-13389           Alanuda          46                 161                                   
1894 5 91700 3472-13122           Alanuda         154                 133                                   
1894 5 92100 3541-12856           Alanuda         154                 156                                   
1894 5101600 3640-12588           Alanuda         154                 139                                   
1894 5102000 3739-12320           Alanuda         123                 150                                   
1894 6 11600 3684-12467           Alanuda         123      10142      144                                   
1894 6 12100 3535-12759           Alanuda         123      10145      156                                   
1894 6 21700 3386-13050           Alanuda          67      10156      144                                   
1894 6 22100 3237-13342           Alanuda          46      10160      172                                   
1894 6 31700 3124-13342           Alanuda         123      10170      189                                   
1894 6 32100 3012-13837           Alanuda         123      10199      189                                   
1894 6 41700 2878-14127           Alanuda          26      10304      200                                   
1894 6 42200 2745-14417           Alanuda          67      10239      222                                   
1894 6 51800 2631-14671           Alanuda          67      10223      228                                   
1894 6 52200 2518-14925           Alanuda          67      10223      244                                   
1894 6 61800 2378-15174           Alanuda          67      10204      233                                   
1894 6 62200 2238-15423           Alanuda          67      10197      250                                   
1894 6 71000 2139-15520           Alanuda          10      10163      289                                   
1894 6 71800 2040-15617           Alanuda          93      10159      267                                   
1894 6 72200 1941-15713           Alanuda                  10162      289                                   
1894 6 81900 1842-15810           Alanuda          26      10154      250                                   
1894 6 82300 1743-15907           Alanuda          26      10147      250                                   
1894 6 91900 1501-15981           Alanuda          46      10134      261                                   
1894 6 92300 1259-16056           Alanuda          93      10122      267                                   
1894 6101900 1036-16155           Alanuda          67      10097      267                                   
1894 6102300  813-16254           Alanuda          93      10089      272                                   
1894 6111900  570-16328           Alanuda          93      10068      272                                   
1894 6112300  328-16401           Alanuda          93      10063      261                                   
1894 6121900  102-16475           Alanuda          93      10067      278                                   
1894 6122300 -123-16549           Alanuda          67      10057      278                                   
1894 6131900 -364-16653           Alanuda          46      10069      283                                   
1894 6132300 -606-16757           Alanuda          67      10060      283                                   
1894 6141900 -818-16850           Alanuda          46      10083      289                                   
1894 6142300-1031-16942           Alanuda          46      10087      289                                   
1894 6151900-1193-17035           Alanuda          93      10088      283                                   
1894 6152300-1355-17128           Alanuda          93      10088      289                                   
1894 6161100-1905-17243           Alanuda          93      10110      272                                   
1894 6161900-1905-17243           Alanuda          93      10119      261                                   
1894 6162300-1905-17243           Alanuda          93      10110      272                                   
1894 6171100-1905-17243           Alanuda          93      10100      233                                   
1894 6171900-1905-17243           Alanuda          93      10093      256                                   
1894 618   0-2055-17524           Alanuda          93      10101      233                                   
1894 6181200-2206-17524           Alanuda          93                                                       
1894 6182000-2356-17524           Alanuda          67      10101      200                                   
1894 619   0-2506-17830           Alanuda          93      10098      206                                   
1894 6201200-2657-17830           Alanuda                                                                   
1894 6202000-2807-17830           Alanuda         123      10089      172                                   
1894 6242200-3340 15544           Alanuda          26      10112      200                                   
1894 7 92200-3347 15280           Alanuda          67      10163      178                                   
1894 710 200-3348 15605           Alanuda          93      10155      189                                   
1894 7102100-3349 15930           Alanuda          67      10137      156                                   
1894 711 100-3351 16255           Alanuda          10      10108      167                                   
1894 7112100-3381 16593           Alanuda          10      10081      189                                   
1894 712 100-3411 16932           Alanuda          67      10069      183                                   
1894 7122100-3477 17189           Alanuda          93      10067      156                                   
1894 713   0-3544 17446           Alanuda          93      10063      144                                   
1894 7132000-3468 17445           Alanuda                  10051      128                                   
1894 714   0-3392 17445           Alanuda                  10039      156                                   
1894 7142000-3317 17596           Alanuda          67      10108      167                                   
1894 715   0-3241 17747           Alanuda          93      10122      178                                   
1894 7152000-3000 17786           Alanuda          26      10187      200                                   
1894 716   0-2759 17825           Alanuda          26      10194      211                                   
1894 7162000-2255 17528           Alanuda          46      10146      233                                   
1894 717 100-1752 17232           Alanuda          46      10139      256                                   
1894 7172100-1593 17178           Alanuda                  10108      278                                   
1894 718 100-1433 17124           Alanuda                  10114      278                                   
1894 7182100-1274 17071           Alanuda          67      10106      278                                   
1894 719 100-1115 17017           Alanuda          67      10104      289                                   
1894 7192100 -864 16915           Alanuda          67      10104      283                                   
1894 720 100 -613 16814           Alanuda          93      10099      289                                   
1894 7202100 -359 16718           Alanuda          46      10091      278                                   
1894 721 100 -106 16622           Alanuda          46      10090      278                                   
1894 7212100  152 16526           Alanuda          46      10090      278                                   
1894 722 100  410 16430           Alanuda          46      10089      289                                   
1894 7222100  658 16320           Alanuda          26      10100      267                                   
1894 723 100  907 16210           Alanuda          46      10096      272                                   
1894 824 800 3549-11419           Alanuda          46                                                       
1894 8241600 3549-12032           Alanuda          46      10177      189                                   
1894 8242000 3549-12645           Alanuda          46      10220      211                                   
1894 8251700 3320-13258           Alanuda          10      10223      222                                   
1894 8252100 3320-13258           Alanuda           0      10221      233                                   
1894 8261700 3056-13817           Alanuda          26      10187      222                                   
1894 8262100 3056-13817           Alanuda          26      10185      233                                   
1894 8271700 3056-13817           Alanuda          67      10138      233                                   
1894 8272200 2829-14344           Alanuda          93      10140      233                                   
1894 8281800 2550-14597           Alanuda          10      10140      239                                   
1894 8282200 2350-14850           Alanuda          10      10142      239                                   
1894 8291800 2308-15357           Alanuda          10      10154      244                                   
1894 8292200 2308-15357           Alanuda          10      10156      256                                   
1894 8301800 2161-15496           Alanuda          10      10153      267                                   
1894 8302200 2014-15635           Alanuda          10      10147      300                                   
1894 8311900 1867-15774           Alanuda          46      10146      256                                   
1894 8312300 1720-15913           Alanuda          46      10141      261                                   
1894 9 11900 1206-16116           Alanuda          46      10121      267                                   
1894 9 12100  600 16300           Alanuda          46      10112      272                                   
1894 9 12300 1206-16116           Alanuda          46      10124      272                                   
1894 9 22300  648-16311           Alanuda          46      10107      283                                   
1894 9 31900  395-16406           Alanuda          67      10099      267                                   
1894 9 32300  142-16502           Alanuda          67      10101      272                                   
1894 9 41900  -98-16603           Alanuda          67      10092      267                                   
1894 9 42300 -339-16705           Alanuda          67      10087      278                                   
1894 9 51900 -622-16772           Alanuda          67      10103      283                                   
1894 9 52300 -906-16839           Alanuda          67      10092      278                                   
1894 9 61900-1113-16992           Alanuda          93      10108      283                                   
1894 9 62300-1319-17145           Alanuda          93      10108      289                                   
1894 9 71900-1526-17178           Alanuda          93      10136      267                                   
1894 9 72300-1733-17211           Alanuda          93      10130      272                                   
1894 9121200-3555 17733           Alanuda          67                 156                                   
1894 9121600-3539 17629           Alanuda          67      10148      139                                   
1894 9122000-3522 17526           Alanuda          67      10170      144                                   
1894 913   0-3506 17422           Alanuda          67      10168      161                                   
1894 913 400-3490 17318           Alanuda          67      10151      178                                   
1894 913 900-3473 17215           Alanuda          67      10161      156                                   
1894 9131300-3456 17111           Alanuda         123                 156                                   
1894 9131700-3440 17007           Alanuda          93      10122      144                                   
1894 9132100-3423 16904           Alanuda          93      10099      161                                   
1894 914 100-3407 16800           Alanuda          67      10079      161                                   
1894 914 500-3398 16692           Alanuda          93      10054      167                                   
1894 914 900-3388 16585           Alanuda          93      10080      156                                   
1894 9141300-3379 16477           Alanuda         154                 156                                   
1894 9141700-3370 16369           Alanuda          93      10098      144                                   
1894 9142100-3360 16262           Alanuda          93      10127      156                                   
1894 915 100-3351 16154           Alanuda          93      10151      172                                   
1894 915 500-3348 16051           Alanuda          93      10155      189                                   
1894 915 900-3346 15948           Alanuda          93      10179      167                                   
1894 9151300-3343 15846           Alanuda         154                 167                                   
1894 9151800-3341 15743           Alanuda          93      10186      161                                   
1894 9152200-3338 15640           Alanuda          93                 167                                   
1894 916 200-3336 15537           Alanuda          93      10209      189                                   
1894 916 600-3333 15434           Alanuda         154      10199      189                                   
1894 9161000-3331 15331           Alanuda         154      10217      178                                   
1894 9161800-3328 15228           Alanuda         154      10233      167                                   
189412242200-3398 15304           Alanuda          26      10184      239                                   
18941225 200-3402 15611           Alanuda          46      10186      228                                   
189412252100-3406 15918           Alanuda          93      10174      217                                   
18941226 100-3410 16225           Alanuda          93      10173      222                                   
189412262100-3412 16520           Alanuda         154      10113      200                                   
18941227 100-3415 16816           Alanuda         154      10110      200                                   
189412272100-3417 17029           Alanuda         190      10137      178                                   
18941228 100-3420 17242           Alanuda         226      10147      200                                   
189412282000-3394 17315           Alanuda         154      10206      250                                   
18941229   0-3369 17387           Alanuda         123      10218      233                                   
189412292000-3343 17460           Alanuda         123      10182      206                                   
18941230   0-3318 17533           Alanuda         123      10181      211                                   
189412302000-3218 17725           Alanuda          93      10167      211                                   
18941231   0-3119 17917           Alanuda          93      10169      217                                   
1895 1 12000-2665-17852           Alanuda          26      10105      256                                   
1895 1 2   0-2211-17620           Alanuda          26      10097      261                                   
1895 1 22000-1934-17389           Alanuda          93      10032      278                                   
1895 1 22300-1658-17158           Alanuda          67      10005      289                                   
1895 1 31900-1504-17099           Alanuda         123      10034      272                                   
1895 1 32300-1350-17040           Alanuda         123      10017      272                                   
1895 1 41900-1180-16982           Alanuda          93      10045      278                                   
1895 1 42300-1011-16923           Alanuda          93      10042      294                                   
1895 1 51900 -764-16822           Alanuda          67      10060      283                                   
1895 1 52300 -518-16721           Alanuda          67      10051      294                                   
1895 1 61900 -271-16631           Alanuda          93      10058      289                                   
1895 1 62300  -24-16542           Alanuda          93      10045      289                                   
1895 1 71900  208-16473           Alanuda          67      10058      272                                   
1895 1 72300  440-16404           Alanuda          67      10045      289                                   
1895 1 81900  685-16299           Alanuda          93      10072      272                                   
1895 1 82300  929-16203           Alanuda          93      10072      278                                   
1895 1 91900 1172-16106           Alanuda          93      10104      267                                   
1895 1 92300 1416-16010           Alanuda          67      10108      272                                   
1895 1101900 1623-15923           Alanuda          26      10117      244                                   
1895 1102300 1830-15836           Alanuda          26      10112      261                                   
1895 1111900 1956-15836           Alanuda          67      10108      244                                   
1895 1112200 2083-15694           Alanuda          10      10099      289                                   
1895 1121800 2209-15552           Alanuda          93      10100      244                                   
1895 1122200 2336-15410           Alanuda          67      10109      256                                   
1895 1131800 2490-15126           Alanuda          93      10143      222                                   
1895 1132200 2645-14842           Alanuda          46      10160      228                                   
1895 1141800 2786-14579           Alanuda          10      10170      211                                   
1895 1142200 2928-14316           Alanuda          10      10161      211                                   
1895 1151700 3037-14030           Alanuda         123      10107      178                                   
1895 1152100 3146-13745           Alanuda         154      10094      178                                   
1895 1161700 3132-13437           Alanuda         154      10081      156                                   
1895 1162100 3118-13130           Alanuda         123      10083      183                                   
1895 1171700 3184-12882           Alanuda         123      10129      156                                   
1895 1172000 3250-12635           Alanuda         123      10106      150                                   
1895 1181600 3740-12330           Alanuda         123      10017      122                                   
1895 1252100-1443 16904           Alanuda          46      10076      283                                   
1895 126 100-1702 17070           Alanuda          93      10082      294                                   
1895 1262100-1961 17235           Alanuda          46                 278                                   
1895 127   0-2220 17401           Alanuda          67      10115      294                                   
1895 1272000-2460 17566           Alanuda          26      10130      256                                   
1895 128   0-2701 17732           Alanuda          10      10164      267                                   
1895 1292000-2923 17794           Alanuda          10      10179      244                                   
1895 130   0-3146 17857           Alanuda          10      10183      256                                   
1895 1302000-3384 17680           Alanuda          26      10193      244                                   
1895 131   0-3622 17503           Alanuda          26      10209      200                                   
1895 1312000-3530 17422           Alanuda          10      10186      194                                   
1895 2 1   0-3439 17342           Alanuda          46      10175      217                                   
1895 2 12100-3420 17026           Alanuda          93      10087      233                                   
1895 2 2 100-3401 16711           Alanuda          10      10094      233                                   
1895 2 22100-3366 16408           Alanuda         154      10096      217                                   
1895 2 3 100-3331 16106           Alanuda         190      10131      228                                   
1895 2 32100-3334 15826           Alanuda          26      10214      217                                   
1895 2 4 200-3337 15546           Alanuda          26      10212      250                                   
1895 2101600 3434-12398           Alanuda          67      10141      111                                   
1895 2102000 3404-12703           Alanuda          67      10141      133                                   
1895 2111700 3374-13008           Alanuda          67      10195      150                                   
1895 2112100 3344-13313           Alanuda          67      10185      167                                   
1895 2121700 3234-13616           Alanuda          46      10206      178                                   
1895 2122100 3125-13920           Alanuda          26      10215      200                                   
1895 2131700 3015-13920           Alanuda         154      10128      194                                   
1895 2132200 2906-14448           Alanuda                  10125      206                                   
1895 2141800 2762-14448           Alanuda         123      10208      183                                   
1895 2142200 2618-14946           Alanuda         123      10224      206                                   
1895 2151800 2468-15194           Alanuda          67      10229      206                                   
1895 2152200 2319-15443           Alanuda          67      10223      217                                   
1895 2161800 2152-15567           Alanuda          67      10197      222                                   
1895 2162200 1985-15691           Alanuda          67      10186      267                                   
1895 2171900 1818-15815           Alanuda          46      10177      233                                   
1895 2172300 1651-15939           Alanuda          67      10156      250                                   
1895 2181900 1388-16042           Alanuda          93      10124      256                                   
1895 2182300 1126-16145           Alanuda          93      10119      261                                   
1895 2191900  840-16249           Alanuda          93      10095      278                                   
1895 2192300  555-16352           Alanuda          67      10081      278                                   
1895 2201900  295-16455           Alanuda          67      10086      267                                   
1895 2202300   35-16559           Alanuda          67      10071      272                                   
1895 2211900 -225-16662           Alanuda          67      10080      278                                   
1895 2212300 -485-16766           Alanuda          93      10070      283                                   
1895 2221900 -745-16869           Alanuda          10      10071      278                                   
1895 2222300-1005-16973           Alanuda                             289                                   
1895 2231900-1265-17076           Alanuda          26      10084      272                                   
1895 2232300-1525-17180           Alanuda          67      10075      289                                   
1895 2242000-1785-17283           Alanuda          46      10102      278                                   
1895 225   0-2045-17387           Alanuda          46      10105      289                                   
1895 226   0-2502-17547           Alanuda          46      10134      272                                   
1895 3242000-2257-17814           Alanuda                                                                   
1895 5 31600 3699-12382           Alanuda          10      10197      139                                   
1895 5 32000 3552-12656           Alanuda          46      10187      150                                   
1895 5 41700 3405-12929           Alanuda          46      10312      161                                   
1895 5 42100 3258-13203           Alanuda          26      10594      178                                   
1895 5 51700 3134-13212           Alanuda          10      10264      189                                   
1895 5 52100 3011-13222           Alanuda           0      10260      206                                   
1895 5 61700 2868-13734           Alanuda          10      10232      206                                   
1895 5 62100 2725-14246           Alanuda          10      10238      228                                   
1895 5 7 700 1031  1600           Alanuda          26                 244                                   
1895 5 71800 2667-14538           Alanuda          67      10228      222                                   
1895 5 72200 2609-14830           Alanuda          67      10234      222                                   
1895 5 81800 2430-15589           Alanuda          67      10285      233                                   
1895 5 82300 2252-16348           Alanuda          93      10213      233                                   
1895 5 91900 2114-16246           Alanuda                  10178      239                                   
1895 5 92300 1976-16144           Alanuda          10      10176      267                                   
1895 5101900 1838-16042           Alanuda          26      10130      250                                   
1895 5102300 1700-15940           Alanuda                  10122      256                                   
1895 5111900 1422-16043           Alanuda          67      10106      261                                   
1895 5112300 1145-16147           Alanuda          93      10099      278                                   
1895 5121900  658-16347           Alanuda          67                 267                                   
1895 5122300  394-16426           Alanuda          26      10102      272                                   
1895 5131900  131-16505           Alanuda          26      10100      278                                   
1895 5132300  -28-16555           Alanuda          46                 283                                   
1895 5141900 -187-16604           Alanuda                  10097      278                                   
1895 5142300 -346-16654           Alanuda          26                 283                                   
1895 5151900 -602-16784           Alanuda                                                                   
1895 5152300 -859-16914           Alanuda          10                 294                                   
1895 5161900-1082-16991           Alanuda          26      10100      289                                   
1895 5162300-1304-17069           Alanuda          10                                                       
1895 5171900-1527-17146           Alanuda                  10123      283                                   
1895 5172300-1750-17224           Alanuda          26                                                       
1895 5182000-2257-17628           Alanuda          46                 250                                   
1895 519   0-2257-17442           Alanuda          26      10167      250                                   
1895 5192000-2728-17621           Alanuda          26      10180      211                                   
1895 520   0-2728-17800           Alanuda          26      10179      217                                   
1895 5202000-2847-17804           Alanuda          93      10104      206                                   
1895 521 800-3371 17877           Alanuda         226       9973      189                                   
1895 5211200-2967-17809           Alanuda         268       9974      161                                   
1895 5211600-3454 17724           Alanuda         268       9944      161                                   
1895 5212000-3086-17813           Alanuda          93      10106      206                                   
1895 5212000-3536 17572           Alanuda         268       9960      156                                   
1895 522   0-3206-17818           Alanuda         123      10081      200                                   
1895 522   0-3619 17419           Alanuda         190      10062      150                                   
1895 522 400-3289-17971           Alanuda         154      10012      194                                   
1895 5222000-3451 17353           Alanuda          46      10212      156                                   
1895 5232000-3429 17674           Alanuda          10      10278      161                                   
1895 524   0-3451-17353           Alanuda          46      10235      161                                   
1895 524 100-3408 16701           Alanuda          10      10293      172                                   
1895 5241200-3395 17518           Alanuda         226      10126      183                                   
1895 5251600-3383-17665           Alanuda          67      10205       89                                   
1895 5251900-3370-16848           Alanuda         154      10175       89                                   
1895 5252300-3358-16031           Alanuda         190      10118      206                                   
1895 526 300-3349-15950           Alanuda         226      10075      200                                   
1895 526 700-3340-15869           Alanuda         190      10103      194                                   
1895 5261100-3331-15787           Alanuda          10      10219      167                                   
1895 5261400-3322-15706           Alanuda         226      10141      172                                   
1895 5261800-3313-15625           Alanuda         226      10179      161                                   
1895 5262200-3304-15544           Alanuda         190      10189      183                                   
1895 527 200-3295-15463           Alanuda         154      10193      178                                   
1895 527 600-3286-15382           Alanuda         123      10218      172                                   
1895 5271000-3277-15300           Alanuda          10      10219      167                                   
1895 6102200-3331 15239           Alanuda                  10050      172                                   
1895 611 200-3354 15573           Alanuda         226      10066      178                                   
1895 6112100-3377 15906           Alanuda         123                                                       
1895 612 100-3400 16240           Alanuda         123      10173      183                                   
1895 6122100-3406 16573           Alanuda          67                 178                                   
1895 613 100-3412 16907           Alanuda          93      10196      189                                   
1895 6132100-3507 17176           Alanuda                  10126      167                                   
1895 614   0-3602 17444           Alanuda                  10104      161                                   
1895 616   0-3240 17713           Alanuda                  10107      189                                   
1895 6162000-2776 17981           Alanuda                                                                   
1895 618   0-2311-17750           Alanuda          26      10078      200                                   
1895 619   0-1847-17481           Alanuda          10      10106      278                                   
1895 6192300-1440-17213           Alanuda                  10125      289                                   
1895 6202300-1034-16944           Alanuda          26      10104      289                                   
1895 6212300 -646-16675           Alanuda                                                                   
1895 6222300 -258-16407           Alanuda                                                                   
1895 6232300  130-16138           Alanuda          26      10083      300                                   
1895 6241900  518-15869           Alanuda                  10097      283                                   
1895 6242200  906-15601           Alanuda          46                                                       
1895 6251900 1333-16107           Alanuda          93      10112      267                                   
1895 6252300 1333-16021           Alanuda         123      10113      278                                   
1895 6261900 1575-15934           Alanuda          46      10136      267                                   
1895 6262300 1817-15848           Alanuda          46      10139      278                                   
1895 6271900 1969-15788           Alanuda          46      10158      250                                   
1895 6272200 2122-15728           Alanuda          67      10147      261                                   
1895 6281800 2277-15484           Alanuda          46      10171      244                                   
1895 6282200 2432-15240           Alanuda          46      10172      244                                   
1895 6291800 2585-14986           Alanuda          46      10213      228                                   
1895 6292200 2739-14732           Alanuda          46      10223      233                                   
1895 6301400 2891 -9474           Alanuda          26      10255      211                                   
1895 6301500 3044 -4216           Alanuda          26      10256      217                                   
1895 7 11400 3176 -8920           Alanuda                  10221      189                                   
1895 7 12000 3164 17670           Alanuda          46      10161      183                                   
1895 7 12100 3308-13625           Alanuda          46      10212      206                                   
1895 7 2 300 3020 12966           Alanuda          46      10159      189                                   
1895 7 3 200 2877  8261           Alanuda          10      10129      156                                   
1895 7 31000 2733  3557           Alanuda          10      10138      178                                   
1895 913 100 -547 16755           Alanuda          67      10072      289                                   
189510181700 3602-12751           Alanuda          46      10134      167                                   
189510182100 3602-12751           Alanuda          46      10143      172                                   
189510191700 3602-12751           Alanuda          46      10177      189                                   
189510192100 3338-13322           Alanuda          46      10185      211                                   
189510201700 3338-13322           Alanuda          93      10171      211                                   
189510202100 3122-13856           Alanuda          93      10158      222                                   
189510211700 2984-14133           Alanuda          67      10144      233                                   
189510212200 2847-14411           Alanuda          67      10153      233                                   
189510221800 2733-14656           Alanuda          26      10151      244                                   
189510222200 2620-14902           Alanuda          67      10141      256                                   
189510231800 2477-15116           Alanuda          10      10140      256                                   
189510232200 2335-15331           Alanuda          10      10141      267                                   
189510241800 2161-15487           Alanuda          93      10154      261                                   
189510242200 1987-15642           Alanuda          67      10146      283                                   
189510251900 1813-15798           Alanuda          26      10127      272                                   
189510252300 1639-15954           Alanuda          67      10117      283                                   
189510261900 1421-16090           Alanuda          93      10067      278                                   
189510262300 1204-16226           Alanuda          93      10051      283                                   
189510271900  930-16321           Alanuda          26      10063      289                                   
189510272300  657-16417           Alanuda          26      10055      294                                   
189510281900  407-16486           Alanuda          26      10070      278                                   
189510282300  158-16555           Alanuda          46      10067      294                                   
189510291900  -79-16681           Alanuda          46      10074      278                                   
189510292300 -316-16808           Alanuda          10      10065      289                                   
189510301900 -576-16868           Alanuda          10      10055      289                                   
189510302300 -837-16929           Alanuda          26      10054      300                                   
189510311900-1058-17024           Alanuda          93      10065      278                                   
189510312300-1278-17119           Alanuda         123      10064      289                                   
189511 11900-1499-17164           Alanuda          93      10076      261                                   
189511 12300-1720-17210           Alanuda         123      10090      267                                   
189511 22000-1672-17550           Alanuda          26      10120      228                                   
189511 3   0-2156-17550           Alanuda          10      10116      250                                   
189511 32000-2640-17640           Alanuda          10      10128      194                                   
189511 4   0-2640-17640           Alanuda          46      10129      211                                   
189511 42000-3057 17929           Alanuda          26      10146      206                                   
189511 5   0-3057 17929           Alanuda          10      10143      206                                   
189511 52000-3288 17773           Alanuda         226      10015      172                                   
189511 6   0-3520 17616           Alanuda         154      10046      161                                   
189511 62000-3606 17460           Alanuda          26      10121      161                                   
189511 7   0-3606 17280           Alanuda          10      10127      189                                   
189511 72100-3508 17099           Alanuda          26      10168      156                                   
189511 8 100-3411 16919           Alanuda                  10169      167                                   
189511 82100-3377 16739           Alanuda          10      10148      172                                   
189511 9 100-3343 16558           Alanuda          26      10127      194                                   
189511 92100-3309 16378           Alanuda          46      10070      211                                   
18951110 100-3275 16198           Alanuda          67      10041      222                                   
18951111 100-3241 16017           Alanuda                                                                   
1896 4181900-1333-17132           Alanuda          26      10074      289                                   
1896 4182300-1333-17132           Alanuda          10      10058      289                                   
1896 4191900-1333-17132           Alanuda          26      10062      283                                   
1896 4192300-1704-17208           Alanuda          26      10043      289                                   
1896 4201900-1704-17208           Alanuda          26      10050      283                                   
1896 421   0-2149-17338           Alanuda          26      10049      289                                   
1896 4212000-2149-17338           Alanuda          26      10061      233                                   
1896 422   0-2601-17614           Alanuda          26      10045      244                                   
1896 4222000-2601-17614           Alanuda          67      10124      217                                   
1896 423   0-2923-17937           Alanuda          26      10131      228                                   
1896 424   0-3248 17732           Alanuda          67      10212      206                                   
1896 4242000-2923-17937           Alanuda          93      10194      194                                   
1896 4242000-3248 17732           Alanuda          67      10227      194                                   
1896 425   0-3650 17732           Alanuda          67      10221      211                                   
1896 4252000-3533 17732           Alanuda          26      10204      206                                   
1896 426 100-3416 17201           Alanuda          46      10179      211                                   
1896 4262100-3416 17201           Alanuda          93      10232      172                                   
1896 427 100-3347 16617           Alanuda          67      10249      189                                   
1896 4272100-3347 16617           Alanuda          67      10242      172                                   
1896 428 100-3341 16007           Alanuda          67      10237      200                                   
1896 4282100-3341 16007           Alanuda          26      10226      206                                   
1896 429 200-3339 15332           Alanuda          46      10223      222                                   
