1889 8 1   0-3528 13543           Albany           93      10301      133                                   
1889 8 2   0-3525 13012           Albany           26      10338      150                                   
1889 8 3 100-3518 12438           Albany           93      10169      150                                   
1889 8 4 100-3520 11947           Albany           93      10108      156                                   
1889 8 5 100-3519 11954           Albany          123       9986      117                                   
1889 8 6 100-3518 11962           Albany          123      10062      150                                   
1889 8 7 100-3517 11969           Albany          123      10392      150                                   
1889 8 8 100-3516 11977           Albany           26      10170      144                                   
1889 8 9 100-3515 11984           Albany           67      10226      133                                   
1889 810 100-3514 11992           Albany           67      10245      144                                   
1889 811 100-3513 11999           Albany           93      10261      167                                   
1889 812 100-3512 12007           Albany          123      10202      156                                   
1889 813 100-3511 12014           Albany           26      10220      172                                   
1889 814 100-3510 12022           Albany           67      10233      172                                   
1889 815 100-3590 12520           Albany           67      10268      150                                   
1889 816   0-3525 12931           Albany          123      10288      150                                   
1889 817   0-3460 13342           Albany          123      10392      150                                   
1889 818   0-3395 13753           Albany          123      10189      150                                   
1889 819   0-3330 14164           Albany          123      10045      156                                   
1889 8192300-3265 14575           Albany          123      10066      150                                   
1889 8202300-3200 14986           Albany           67      10209      100                                   
1889 8212300-3135 15397           Albany           67      10310      100                                   
1889 8222200-3070 15808           Albany           26      10352      122                                   
1889 8232200-3005 16219           Albany           26      10364      150                                   
1889 8242200-2940 16630           Albany           67      10359      156                                   
1889 8252200-2875 17041           Albany           67      10342      133                                   
1889 8262100-2810 17452           Albany                   10310      139                                   
1889 8272100-2745 17863           Albany           67      10217      150                                   
1889 9 61500-3553 14031           Albany           26      10189      156                                   
1889 9 71500-3542 13536           Albany           26      10072      167                                   
1889 9 81500-3531 13041           Albany           67                 133                                   
1889 9 91600-3520 12546           Albany           26      10219      139                                   
1889 9101600-3511 12040           Albany           93      10224      144                                   
1889 9111600-3514 12032           Albany                   10243      133                                   
1889 9121600-3517 12024           Albany           26      10154      161                                   
1889 9131600-3520 12016           Albany           26                                                       
1889 9141600-3523 12008           Albany           26      10389      167                                   
1889 9151600-3525 11999           Albany           67                                                       
1889 9161600-3528 11991           Albany           93      10201      167                                   
1889 9171600-3531 11983           Albany           93      10240      150                                   
1889 9181600-3534 11975           Albany           93      10177      144                                   
1889 9191600-3537 11967           Albany           93      10105      172                                   
1889 9201600-3540 11959           Albany           93       9996      178                                   
1889 9221500-3521 13012           Albany           26                 167                                   
1889 9231500-3536 13524           Albany          123                 156                                   
188910 12100-3561-17465           Albany           93      10153      172                                   
188910 22100-3558-17973           Albany           67      10116      189                                   
188910 22100-3555 17519           Albany           26      10066      206                                   
188910 32200-3552 17011           Albany          123      10017      178                                   
188910 42200-3549 16503           Albany           93      10016      139                                   
188910 52200-3546 15995           Albany          123      10206      133                                   
188910 62300-3543 15487           Albany          123      10231      144                                   
188910 72300-3540 14979           Albany           26      10204      144                                   
188910 81400-3537 14471           Albany           26                                                       
188910 9   0-3534 13963           Albany           26      10202      139                                   
18891010   0-3531 13455           Albany           26      10192      178                                   
18891011   0-3528 12947           Albany           67      10187      167                                   
18891012 100-3514 12429           Albany           46      10156      150                                   
18891013 100-3570 11929           Albany           26      10121      161                                   
18891014 100-3479 11915           Albany          123      10035      183                                   
18891015 100-3388 11901           Albany           67      10198      133                                   
18891016 100-3297 11887           Albany           46      10182      183                                   
18891017 100-3206 11873           Albany           26      10215      183                                   
18891018 100-3206 11858           Albany           46      10212      161                                   
18891019 100-3206 11844           Albany          123      10087      183                                   
18891020 100-3206 11830           Albany          123      10248      189                                   
18891021 100-3288 11816           Albany           67      10162      183                                   
18891022 100-3370 11802           Albany            0      10162      167                                   
18891023 100-3452 11788           Albany           67      10082      189                                   
18891024 100-3534 11788           Albany          123      10049      144                                   
18891025 100-3616 12323           Albany          190      10031      156                                   
18891026   0-3518 12842           Albany          154       9989      139                                   
18891027   0-3540 13229           Albany          123      10155      156                                   
18891028   0-3562 13616           Albany           46      10237      172                                   
18891029   0-3584 14003           Albany           26      10233      178                                   
188910292300-3606 14390           Albany           67      10286      144                                   
188910302300-3628 14777           Albany           67      10254      133                                   
1895 3 5 300-3720 13127           Albany          154                 161                                   
