1894 4 6 100-3251 16252           Anthous                  10201      211                                   
1894 4 6 500 3251 16252           Anthous          93      10202      206                                   
1894 4 6 900 3251 16252           Anthous          93      10219      222                                   
1894 4 61300 3251 16252           Anthous                                                                   
1894 4 61700 3251 16252           Anthous          93      10234      217                                   
1894 4 62100 3251 16252           Anthous          93      10245      211                                   
1894 4 7 100 3312 15854           Anthous          93      10255      211                                   
1894 4 7 500 3312 15854           Anthous          93      10245      211                                   
1894 4 7 900 1982 15804           Anthous          67      10240      222                                   
1894 4 71300  653 15754           Anthous                  10230      211                                   
1894 4 71800 -677 15704           Anthous                  10220      211                                   
1894 4 72200-2006 15654           Anthous          26      10225      211                                   
1894 4 8 200-3336 15604           Anthous          67      10238      217                                   
1894 4 8 600-3337 15575           Anthous          26      10223      222                                   
1894 4 81000-3337 15546           Anthous          67      10233      222                                   
1894 4 81400-3338 15517           Anthous          67      10230      222                                   
1894 4 81800-3339 15489           Anthous          67      10221      217                                   
1894 4 82200-3339 15460           Anthous          26      10230      222                                   
1894 4 9 200-3340 15431           Anthous          26      10235      233                                   
1894 4 9 600-3340 15396           Anthous          67      10225      233                                   
1894 4 91000-3341 15361           Anthous          67      10235      233                                   
1894 4 91400-3341 15325           Anthous                  10238      233                                   
1894 4 91800-3342 15290           Anthous          67      10226      228                                   
1894 4 92200-3342 15255           Anthous                  10233      228                                   
1894 410 200-3343 15220           Anthous          67      10225      233                                   
1894 410 600-3343 15185           Anthous          67      10219      228                                   
1894 4101000-3344 15150           Anthous          26      10222      233                                   
1894 4101400-3344 15114           Anthous          26      10225      233                                   
1894 6131300-3247 15789           Anthous          93      10112      200                                   
1894 6131700-3246 15761           Anthous          93      10155      206                                   
1894 6132200-3245 15733           Anthous          93      10145      200                                   
1894 614 200-3245 15705           Anthous          93      10129      194                                   
1894 614 600-3244 15677           Anthous          67      10113      189                                   
1894 6141000-3244 15649           Anthous                  10118      200                                   
1894 6141400-3243 15621           Anthous                  10113      194                                   
1894 6141800-3243 15592           Anthous          26      10102      194                                   
1894 6142200-3242 15564           Anthous          67      10106      194                                   
1894 615 200-3242 15536           Anthous                  10098      183                                   
1894 615 600-3255 15504           Anthous                  10097      189                                   
1894 6151000-3267 15472           Anthous                  10106      194                                   
1894 6151400-3280 15439           Anthous                  10126      178                                   
1894 6151800-3293 15407           Anthous                  10107      189                                   
1894 6152200-3305 15375           Anthous                  10107      189                                   
1894 616 200-3318 15343           Anthous          93      10115      183                                   
1894 616 600-3308 15323           Anthous                  10106      178                                   
1894 6161000-3297 15303           Anthous                  10118      183                                   
1894 6161400-3287 15283           Anthous          26      10143      178                                   
1894 6161800-3277 15263           Anthous                  10131      167                                   
1894 6162200-3266 15243           Anthous                  10141      167                                   
1894 617 200-3256 15223           Anthous                  10141      167                                   
1894 617 600-3271 15220           Anthous                  10127      172                                   
1894 6171000-3286 15218           Anthous          67      10138      183                                   
1894 6171400-3301 15215           Anthous          93      10160      178                                   
1894 6171800-3317 15212           Anthous          67      10143      178                                   
1894 6172200-3332 15210           Anthous          67      10150      178                                   
1894 618 200-3347 15207           Anthous          67      10160      178                                   
1894 618 600-3362 15204           Anthous          26      10144      172                                   
1894 6181000-3377 15202           Anthous          26      10153      183                                   
1894 6271400-3340 15542           Anthous         123      10219      167                                   
1894 6271800-3340 15542           Anthous                                                                   
1894 6272200-3340 15542           Anthous          67      10201      156                                   
1894 628 200-3340 15542           Anthous          93      10197      156                                   
1894 628 600-3340 15542           Anthous          93      10196      161                                   
1894 6281000-3340 15542           Anthous         123      10208      172                                   
1894 6281400-3340 15542           Anthous          67      10251      178                                   
1894 6281800-3340 15542           Anthous         123      10215      172                                   
1894 6282200-3340 15542           Anthous         123      10225      172                                   
1894 629 200-3340 15542           Anthous         123      10231      178                                   
1894 629 600-3340 15542           Anthous         123      10227      178                                   
1894 6291000-3338 15614           Anthous          93      10241      178                                   
1894 6291400-3337 15686           Anthous          67      10241      178                                   
1894 6291700-3335 15759           Anthous          93      10248      178                                   
1894 6292100-3334 15831           Anthous          93      10249      172                                   
1894 630 100-3332 15903           Anthous          93      10247      183                                   
1894 630 500-3336 15956           Anthous          93      10233      183                                   
1894 630 900-3341 16008           Anthous          93      10239      189                                   
1894 6301300-3345 16061           Anthous                  10202      189                                   
1894 6301700-3350 16114           Anthous          67      10227      183                                   
1894 6302100-3354 16166           Anthous          26      10224      178                                   
1894 7 1 100-3359 16219           Anthous          26      10217      178                                   
1894 7 1 500-3359 16219           Anthous          26      10201      178                                   
1894 7 1 900-3359 16219           Anthous          26      10202      189                                   
1894 7 11300-3414 16415           Anthous          93      10140      200                                   
1894 7 11700-3359 16219           Anthous                  10189      189                                   
1894 7 12100-3359 16219           Anthous                  10182      189                                   
1894 7 2 100-3414 16415           Anthous                  10166      189                                   
1894 7 2 500-3414 16415           Anthous                  10144      194                                   
1894 7 2 900-3414 16415           Anthous                  10143      200                                   
1894 9211400-2506 15400           Anthous                  10158      211                                   
1894 9211800-2506 15400           Anthous                  10175      211                                   
1894 9212200-2506 15400           Anthous                  10182      206                                   
1894 922 200-2506 15400           Anthous                             211                                   
1894 922 600-2506 15400           Anthous                  10155      211                                   
1894 9221000-2506 15400           Anthous                  10158      211                                   
1894 9221400-2425 15400           Anthous          67                 222                                   
1894 9221800-2425 15400           Anthous                  10134      211                                   
1894 9222200-2425 15400           Anthous                  10146      217                                   
1894 923 200-2425 15400           Anthous                                                                   
1894 923 600-2425 15400           Anthous                  10118      222                                   
1894 9231000-2425 15400           Anthous          67      10125      222                                   
1894 9231400-2423 15352           Anthous                  10123      217                                   
1894 9231800-2423 15352           Anthous          93      10108      222                                   
1894 9232200-2423 15352           Anthous          93                 222                                   
1894 924 200-2423 15352           Anthous          93                 228                                   
1894 924 600-2423 15352           Anthous          10       9781      228                                   
1894 9241400-2331 15211           Anthous                  10140      211                                   
1894 9241800-2331 15211           Anthous                  10121      206                                   
1894 9242200-2331 15211           Anthous                  10139      194                                   
1894 925 200-2331 15211           Anthous                  10140      189                                   
1894 925 600-2331 15211           Anthous                  10117      189                                   
1894 9251000-2331 15211           Anthous                  10127      206                                   
1894 9251800-2339 15219           Anthous                  10133      211                                   
1894 926 200-2348 15227           Anthous          26                 206                                   
1895 2121300-3279 16020           Anthous                  10190      217                                   
1895 2121700-3271 16053           Anthous                  10215      211                                   
1895 2122100-3262 16087           Anthous                  10221      211                                   
1895 213 100-3253 16120           Anthous                  10217      217                                   
1895 213 500-3244 16153           Anthous                  10193      217                                   
1895 213 900-3235 16187           Anthous                  10199      222                                   
1895 2131300-3226 16220           Anthous                  10063      228                                   
1895 2131700-3218 16253           Anthous                  10169      217                                   
1895 2132100-3209 16287           Anthous                  10158      222                                   
1895 214 100-3200 16320           Anthous                  10140      228                                   
1895 214 500-3189 16307           Anthous                  10102      217                                   
1895 214 900-3179 16295           Anthous                  10077      222                                   
1895 2141300-3168 16282           Anthous                  10062      233                                   
1895 2141700-3157 16270           Anthous                  10041      233                                   
1895 2142100-3147 16257           Anthous                  10048      233                                   
1895 215 100-3136 16245           Anthous                  10058      233                                   
1895 215 500-3135 16242           Anthous                  10056      228                                   
1895 215 900-3134 16239           Anthous                  10061      233                                   
1895 2151300-3133 16236           Anthous                  10123      228                                   
1895 2151700-3132 16234           Anthous                  10065      233                                   
1895 2152100-3131 16231           Anthous                  10088      233                                   
1895 216 100-3130 16228           Anthous                  10090      222                                   
1895 216 500-3147 16240           Anthous                  10100      228                                   
1895 216 900-3164 16253           Anthous                  10113      228                                   
1895 2161300-3180 16265           Anthous                  10124      244                                   
1895 2161700-3197 16278           Anthous                  10113      233                                   
1895 2162100-3214 16290           Anthous                  10123      233                                   
1895 217 100-3231 16303           Anthous                  10122      239                                   
1895 217 500-3248 16315           Anthous                  10114      244                                   
1895 217 900-3265 16328           Anthous                  10121      244                                   
1895 2221200-3266 17479           Anthous                  10184      211                                   
1895 2221600-3253 17474           Anthous                  10191      211                                   
1895 2222000-3241 17469           Anthous                  10196      217                                   
1895 223   0-3228 17464           Anthous                  10193      217                                   
1895 223 400-3215 17459           Anthous                  10182      222                                   
1895 223 800-3203 17454           Anthous                  10184      211                                   
1895 2231200-3190 17449           Anthous                  10156      217                                   
1895 2231600-3177 17444           Anthous                  10170      211                                   
1895 2232000-3165 17439           Anthous                  10170      211                                   
1895 224   0-3152 17434           Anthous                  10165      217                                   
1895 224 400-3169 17429           Anthous                  10151      222                                   
1895 224 800-3185 17424           Anthous                  10156      217                                   
1895 2241200-3202 17419           Anthous                  10162      222                                   
1895 2241600-3219 17414           Anthous                  10159      217                                   
1895 2242000-3235 17409           Anthous                  10160      211                                   
1895 225   0-3252 17404           Anthous                  10160      217                                   
1895 225 400-3267 17411           Anthous                  10159      222                                   
1895 225 800-3282 17418           Anthous                  10160      217                                   
1895 2251200-3297 17424           Anthous                  10180      217                                   
1895 2251600-3312 17431           Anthous                  10162      222                                   
1895 2252000-3327 17438           Anthous                  10166      222                                   
1895 226   0-3342 17445           Anthous                  10180      222                                   
1895 226 400-3341 17462           Anthous                  10173      222                                   
1895 226 800-3341 17479           Anthous                  10180      222                                   
1895 2261200-3340 17495           Anthous                  10186      222                                   
1895 2261600-3339 17512           Anthous                  10181      211                                   
1895 2262000-3339 17529           Anthous                  10184      217                                   
1895 227   0-3338 17546           Anthous                  10179      228                                   
1895 227 400-3337 17563           Anthous                  10173      222                                   
1895 227 800-3337 17580           Anthous                  10183      222                                   
