1892 7202000-3780 17530           Aratapu                  10118      189                                   
1892 8 52200-3370 15225           Aratapu                  10214      200                                   
1892 8 6 200-3370 15225           Aratapu                  10180      200                                   
1892 8 62200-3337 15450           Aratapu                  10157      178                                   
1892 8 7 200-3325 15458           Aratapu                  10158      167                                   
1892 8 72200-3312 15458           Aratapu                  10155      189                                   
1892 8 8 200-3300 15612           Aratapu                  10348      200                                   
1892 8 82200-3277 15661           Aratapu                  10179      200                                   
1892 8 9 200-3254 15710           Aratapu                  10112      200                                   
1892 8 92100-3303 15818           Aratapu                  10080      189                                   
1892 810 100-3352 15927           Aratapu                  10059      200                                   
1892 8102100-3401 16041           Aratapu                  10088      189                                   
1892 811 100-3450 16155           Aratapu                  10093      200                                   
1892 8112100-3437 16305           Aratapu                  10110      178                                   
1892 812 100-3424 16455           Aratapu                  10110      178                                   
1892 8122100-3440 16633           Aratapu                  10321      167                                   
1892 813 100-3455 16812           Aratapu                  10319      178                                   
1892 8132100-3450 16914           Aratapu                  10159      167                                   
1892 814 100-3446 17017           Aratapu                  10158      178                                   
1892 8142100-3443 17123           Aratapu                  10164      178                                   
1892 815 100-3441 17230           Aratapu                  10385      189                                   
1892 8152100-3430 17240           Aratapu                  10110      178                                   
1892 816   0-3420 17250           Aratapu                  10108      189                                   
1892 8162000-3517 17390           Aratapu                  10094      200                                   
1892 817   0-3615 17530           Aratapu                  10086      211                                   
1892 8172000-3770 17530           Aratapu                  10388      189                                   
1892 818   0-3612 17530           Aratapu                  10155      200                                   
1892 8182000-3696 17530           Aratapu                  10175      167                                   
1892 819   0-3780 17530           Aratapu                  10183      167                                   
1892 8192000-3780 17530           Aratapu                  10172      189                                   
1892 820   0-3780 17530           Aratapu                  10157      200                                   
1892 8202000-3780 17530           Aratapu                  10118      189                                   
1892 821   0-3780 17530           Aratapu                  10118      189                                   
1892 8212000-3780 17530           Aratapu                  10113      178                                   
1892 822   0-3780 17530           Aratapu                  10113      178                                   
1892 8222000-3780 17530           Aratapu                  10086      178                                   
1892 823   0-3780 17530           Aratapu                  10086      178                                   
1892 8232000-3780 17530           Aratapu                  10084      189                                   
1892 824   0-3780 17530           Aratapu                  10078      189                                   
1892 8242000-3780 17530           Aratapu                  10049      200                                   
1892 825   0-3780 17530           Aratapu                  10049      200                                   
1892 8252000-3780 17530           Aratapu                  10062      200                                   
1892 826   0-3780 17530           Aratapu                  10071      189                                   
1892 8262000-3780 17530           Aratapu                  10078      189                                   
1892 827   0-3780 17530           Aratapu                  10071      189                                   
1892 8272000-3780 17530           Aratapu                  10057      189                                   
1892 828   0-3780 17530           Aratapu                  10057      189                                   
1892 8282000-3780 17530           Aratapu                  10053      178                                   
1892 829   0-3780 17530           Aratapu                  10053      178                                   
1892 8292000-3780 17530           Aratapu                  10108      167                                   
1892 830   0-3780 17530           Aratapu                  10108      167                                   
1892 8302000-3780 17530           Aratapu                  10111      189                                   
1892 831   0-3780 17530           Aratapu                  10111      189                                   
1892 8312000-3780 17530           Aratapu                  10053      178                                   
1892 9 1   0-3780 17530           Aratapu                  10046      178                                   
1892 9 12000-3780 17530           Aratapu                  10059      178                                   
1892 9 2   0-3765 17530           Aratapu                  10079      178                                   
1892 9 22000-3750 17530           Aratapu                  10388      189                                   
1892 9 3   0-3735 17530           Aratapu                  10183      200                                   
1892 9 32000-3720 17530           Aratapu                  10244      200                                   
1892 9 4   0-3705 17530           Aratapu                  10244      200                                   
