1896 416 200-3779 14502           Arawatta                 10286      156                                   
1896 416 600-3781 14496           Arawatta                 10268      161                                   
1896 4171400-3783 14489           Arawatta          0      10249      172                                   
1896 418 600-3785 14483           Arawatta         46      10237      183                                   
1896 4181400-3807 14591           Arawatta          0      10249      172                                   
1896 4181800-3830 14700           Arawatta          0      10247      167                                   
1896 4182200-3830 14764           Arawatta         26      10274      167                                   
1896 419 200-3780 14828           Arawatta          0      10262      178                                   
1896 419 600-3750 14892           Arawatta         10      10237      183                                   
1896 4191000-3656 14957           Arawatta         26      10236      183                                   
1896 4191400-3561 15021           Arawatta          0      10246      178                                   
1896 4191800-3467 15085           Arawatta         26      10246      194                                   
1896 421 200-3392 15175           Arawatta         93      10161      217                                   
1896 4211400-3317 15192           Arawatta         46      10107      233                                   
1896 4211800-3242 15209           Arawatta         67      10143      217                                   
1896 4212200-3242 15226           Arawatta         67      10159      217                                   
1896 422 200-3136 15243           Arawatta         26      10160      206                                   
1896 422 600-3030 15260           Arawatta         67      10121      217                                   
1896 4221000-2960 15277           Arawatta         67      10155      228                                   
1896 4221400-2890 15294           Arawatta         46      10103      233                                   
1896 4221800-2820 15311           Arawatta         67      10085      239                                   
1896 4222200-2762 15328           Arawatta         67      10116      250                                   
1896 423 200-2703 15345           Arawatta         67      10110      244                                   
1896 425 200-2645 15308           Arawatta         46      10238      244                                   
1896 4251400-2587 15272           Arawatta         93                 244                                   
1896 4251800-2528 15235           Arawatta         46      10192      250                                   
1896 426 200-2470 15198           Arawatta         93      10180      261                                   
1896 426 600-2426 15161           Arawatta         93      10198      250                                   
1896 4261000-2382 15125           Arawatta         93      10216      239                                   
1896 4261400-2338 15088           Arawatta         93      10208      244                                   
1896 4261800-2269 15051           Arawatta         93      10180      250                                   
1896 4262200-2200 15015           Arawatta         93      10211      267                                   
1896 427 200-2131 14978           Arawatta         93      10191      283                                   
1896 427 600-2062 14941           Arawatta         93      10167      261                                   
1896 4271000-1993 14904           Arawatta         93      10193      261                                   
1893 8291500-4130 13390           Arawatta         93                                                       
1893 8301100-4110 13480           Arawatta         67      10193      144                                   
1893 8301500-4090 13570           Arawatta                                                                  
1893 8301900-4070 13660           Arawatta         93      10208      133                                   
1893 8302300-4050 13750           Arawatta         67      10239      128                                   
1893 831 300-4030 13840           Arawatta         67      10261      133                                   
1893 831 700-4010 13930           Arawatta         67      10239      122                                   
1893 8311100-3990 14020           Arawatta         46      10255      111                                   
1893 8311500-3970 14110           Arawatta         26                                                       
1893 8311900-3950 14200           Arawatta         46      10236      100                                   
1893 8312200-3930 14290           Arawatta         46      10251      111                                   
1893 9 2 600-3910 14380           Arawatta         46      10107      122                                   
1893 9 21000-3890 14470           Arawatta         46      10118      117                                   
1893 9 21400-3870 14560           Arawatta         67                                                       
1893 9 21800-3850 14650           Arawatta                 10093      122                                   
1893 9 22200-3830 14740           Arawatta         67      10107      117                                   
1893 9 3 200-3810 14830           Arawatta         67      10091      128                                   
1893 9 3 600-3790 14920           Arawatta         93      10052      122                                   
1893 9 31000-3770 15010           Arawatta         93      10061      144                                   
1893 9 31800-3750 15100           Arawatta         67                 161                                   
1893 9 32200-3730 15190           Arawatta         67                 161                                   
1893 9 4 200-3710 15280           Arawatta         26      10021      161                                   
1893 9 4 600-3690 15370           Arawatta         46      10008      156                                   
1893 9 61000-3670 15460           Arawatta         46      10128      183                                   
1893 9 61400-3650 15550           Arawatta         26                                                       
1893 9 61800-3630 15640           Arawatta         26      10136      172                                   
1893 9 62200-3610 15730           Arawatta         26      10130      172                                   
1893 9 7 100-3590 15820           Arawatta         26                                                       
1893 9 7 500-3570 15910           Arawatta         67      10115      194                                   
1893 9 7 900-3550 16000           Arawatta         93      10088      194                                   
189212191000-3600  2400           Arawatta         67      10047      200                                   
189212201000-3900  2900           Arawatta         10       9973      156                                   
189212211000-4050  3500           Arawatta         46       9966      167                                   
18921222 900-4300  4150           Arawatta         26       9947      106                                   
18921223 900-4500  4800           Arawatta         93       9869       56                                   
18921224 800-4600  5550           Arawatta         26       9910       61                                   
18921225 800-4750  6250           Arawatta         67       9948       67                                   
18921226 700-4800  7000           Arawatta         67       9969       83                                   
18921227 700-4900  7800           Arawatta        123       9763       44                                   
18921228 600-4950  8600           Arawatta         26       9772      100                                   
18921229 600-5000  9400           Arawatta        123       9824       50                                   
18921230 500-5000 10200           Arawatta         93       9910       44                                   
18921231 500-5050 11050           Arawatta          0       9942       56                                   
1893 1 1 400-5050 11850           Arawatta        123       9881       56                                   
1893 1 2 400-5050 12450           Arawatta        154       9796       78                                   
1893 1 3 300-4900 13200           Arawatta         46       9840       94                                   
1893 1 4 300-4700 13850           Arawatta         46      10003      122                                   
1893 1 5 200-4450 14450           Arawatta         46      10035      139                                   
1893 1 6 200-4375 14675           Arawatta         26      10014      200                                   
1893 1 7 200-4300 14900           Arawatta        123       9962      139                                   
1893 1 8 200-4050 15400           Arawatta         67       9897      172                                   
1893 1 9 100-3800 15950           Arawatta          0       9957      206                                   
1893 110 100-3650 16500           Arawatta         26       9956      206                                   
1893 111 100-3500 17100           Arawatta         46       9979      200                                   
1893 1 3   0-4350 17900           Arawatta                            111                                   
1893 2 2   0-4350 17900           Arawatta        123                 111                                   
1893 2 3   0-4350 17900           Arawatta        123      10028      111                                   
1893 2 42300-4700-17000           Arawatta         67       9937      111                                   
1893 2 52300-4900-16350           Arawatta        123       9934      100                                   
1893 2 62200-5000-15600           Arawatta         26       9899      111                                   
1893 2 72200-5150-14800           Arawatta         26       9887       89                                   
1893 2 82100-5300-14000           Arawatta         26       9929       89                                   
1893 2 92100-5400-13200           Arawatta         26       9975       83                                   
1893 2102000-5550-12350           Arawatta         67      10039       72                                   
1893 2112000-5550-11500           Arawatta         67      10019       67                                   
1893 2121900-5600-10700           Arawatta        123       9946       61                                   
1893 2131900-5600 -9900           Arawatta        123       9930       56                                   
1893 2141800-5700 -9000           Arawatta         26       9855       67                                   
1893 2151700-5700 -8200           Arawatta         46       9783       72                                   
1893 2161700-5700 -7200           Arawatta        154       9785       56                                   
1893 2171600-5450 -6450           Arawatta        154       9915       78                                   
1894 922 200-1608 14548           Arawatta         46      10133      244                                   
1894 6131400-3857 14642           Arawatta         10      10125      150                                   
1894 6131800-3854 14580           Arawatta         67      10126      144                                   
1894 6132200-3851 14517           Arawatta         67      10127      139                                   
1894 614 200-3849 14455           Arawatta         26      10122      167                                   
1894 6161400-3846 14505           Arawatta         10      10126      144                                   
1894 6161800-3851 14555           Arawatta         26      10163      128                                   
1894 6162200-3857 14642           Arawatta         10      10162      133                                   
1894 617 200-3809 14716           Arawatta         10      10156      167                                   
1894 617 600-3760 14790           Arawatta         26      10131      150                                   
1894 6171000-3712 14865           Arawatta         10      10131      150                                   
1894 6171400-3663 14939           Arawatta         10      10124      144                                   
1894 6171800-3615 15013           Arawatta         26      10141      144                                   
1894 6172200-3534 15046           Arawatta         26      10135      178                                   
1894 618 200-3440 15079           Arawatta         10      10132      189                                   
1894 618 600-3346 15112           Arawatta         46      10150      178                                   
1894 6201000-3252 15145           Arawatta         46      10206      183                                   
1894 6201400-3158 15178           Arawatta         10      10242      183                                   
1894 6201800-3064 15211           Arawatta         26      10250      172                                   
1894 6202200-2970 15244           Arawatta         10      10234      161                                   
1894 621 200-2876 15277           Arawatta         10      10251      194                                   
1894 621 600-2782 15310           Arawatta         26      10251      189                                   
1894 6211800-2688 15343           Arawatta         10      10604      211                                   
1894 6212200-2594 15376           Arawatta         26      10251      222                                   
1894 623 600-2500 15409           Arawatta         93      10180      200                                   
1894 6231000-2406 15442           Arawatta        123      10151      211                                   
1894 6231400-2312 15475           Arawatta        123      10166      217                                   
1894 6231800-2218 15508           Arawatta         67      10126      211                                   
1894 6232200-2124 15541           Arawatta         93      10137      200                                   
1894 624 200-2030 15574           Arawatta         26      10137      194                                   
1894 624 600-1936 15607           Arawatta         26      10125      222                                   
1894 521 300 1300  1300           Arawatta         67      10049      156                                   
1894 521 700 1300  1300           Arawatta         67      10042      156                                   
1894 5231900 1300  1300           Arawatta         46      10049      200                                   
1894 5241100 1300  1300           Arawatta         26      10042      178                                   
1894 318 200-3012 15316           Arawatta         46      10154      239                                   
1894 3221000-4317 14450           Arawatta         46      10098      239                                   
1804 2291800-2194 15140           Arawatta                                                                  
1804 2292200-2263 15142           Arawatta                                                                  
1894 214 600-2332 15144           Arawatta         93      10067      267                                   
1894 2141000-2401 15146           Arawatta        123      10089      256                                   
1894 2141400-2446 15187           Arawatta         93                                                       
1894 2141800-2491 15228           Arawatta        123      10071      250                                   
1894 2142200-2536 15269           Arawatta        123      10089      244                                   
1894 215 200-2580 15310           Arawatta        123                 256                                   
1894 215 600-2625 15310           Arawatta        123      10088      256                                   
1894 2151000-2670 15312           Arawatta         93      10105      256                                   
1894 2161400-2715 15315           Arawatta                                                                  
1894 217 200-2760 15317           Arawatta        123      10102      233                                   
1894 217 600-2805 15320           Arawatta        123      10096      233                                   
1894 2171000-2850 15322           Arawatta        123      10109      239                                   
1894 2171400-2894 15325           Arawatta                                                                  
1894 2171800-2939 15327           Arawatta        123                                                       
1894 2172200-2984 15330           Arawatta        123      10140      222                                   
1894 218 200-3029 15332           Arawatta         93      10159      250                                   
1894 218 600-3074 15335           Arawatta         93      10116      244                                   
1894 1271800-1116  9468           Arawatta         46      10047      267                                   
1894 1272200-1116  9496           Arawatta          0      10026      272                                   
1894 128 200-1116  9523           Arawatta         10      10043      289                                   
1894 128 600-1116  9550           Arawatta         26      10033      289                                   
1894 1281000-1116  9577           Arawatta         26      10017      283                                   
1894 1281400-1116  9604           Arawatta         46      10039      272                                   
1894 1281800-1116  9631           Arawatta         67                                                       
1894 1282200-1116  9659           Arawatta         46      10033      272                                   
1894 129 200-1116  9686           Arawatta         46      10052      278                                   
1894 129 600-1528  9713           Arawatta         67      10033      283                                   
1894 1291000-1528  9713           Arawatta         67      10026      283                                   
1894 1291400-1528  9713           Arawatta         67      10050      239                                   
1894 1291800-1528  9713           Arawatta         67      10054      233                                   
1894 1292200-1528  9713           Arawatta         67      10053      239                                   
1894 130 200-1528  9713           Arawatta         67      10061      256                                   
1894 130 500-1919 10027           Arawatta         67      10054      267                                   
1894 130 900-1919 10027           Arawatta         93      10047      267                                   
1894 1301300-1919 10027           Arawatta         93      10072      239                                   
1894 1301700-1919 10027           Arawatta         93      10049      217                                   
1894 1302100-1919 10027           Arawatta         67      10062      217                                   
1894 131 100-1919 10027           Arawatta         67      10076      239                                   
1894 131 500-2022 10125           Arawatta         67      10056      239                                   
1894 131 900-2126 10223           Arawatta         93      10036      222                                   
1894 1311300-2229 10321           Arawatta         93      10054      217                                   
1894 1311700-2332 10419           Arawatta         67      10039      211                                   
1894 1312100-2435 10517           Arawatta         67      10035      217                                   
1894 2 1 100-2539 10615           Arawatta         67      10054      228                                   
1894 2 1 500-2642 10713           Arawatta         67      10047      239                                   
1894 2 1 900-2745 10713           Arawatta         93      10036      228                                   
1894 2 11300-2849 10713           Arawatta        123      10043      211                                   
1894 2 11700-2952 10713           Arawatta         67      10043      211                                   
1895 1 21400-2890 15447           Arawatta         46      10084      250                                   
1895 1 22200-2972 15425           Arawatta         67      10154      217                                   
1895 1 3 200-3055 15403           Arawatta         67      10138      233                                   
1895 1 3 600-3012 15381           Arawatta         26      10102      250                                   
1895 1 31000-2868 15359           Arawatta         46      10093      256                                   
1895 1 31800-2725 15337           Arawatta         46      10067      244                                   
1895 1 32200-2712 15315           Arawatta         93      10091      239                                   
1895 1 4 200-2712 15315           Arawatta         67      10096      272                                   
1895 1271800-3535 15047           Arawatta         67      10149      211                                   
1895 1272200-3482 15079           Arawatta         67      10162      194                                   
1895 128 200-3430 15111           Arawatta         67      10149      228                                   
1895 2 5 200-2065 15220           Arawatta         46      10072      267                                   
1895 3 22200-2411 15270           Arawatta         26      10134      250                                   
1895 6211400-2725 15325           Arawatta         67      10148      200                                   
1895 6221400-2662 15122           Arawatta         67      10146      211                                   
1895 6221800-2599 15188           Arawatta         67      10157      200                                   
1895 6222200-2536 15255           Arawatta         93      10146      244                                   
1895 623 200-2473 15321           Arawatta         67      10151      233                                   
1895 623 600-2422 15249           Arawatta         67      10124      289                                   
1895 6231000-2372 15176           Arawatta         67      10134      228                                   
1895 6231400-2321 15134           Arawatta         67      10143      211                                   
1895 6232200-2271 15092           Arawatta         26      10163      211                                   
1895 624 200-2220 15050           Arawatta         26      10161      222                                   
1895 630 200-1913 14683           Arawatta         67      10150      217                                   
1895 5211400-2725 15397           Arawatta         67      10275      206                                   
1895 522 600-2725 15382           Arawatta         67      10270      233                                   
1895 5221000-2725 15368           Arawatta         93      10298      211                                   
1895 5221400-2725 15354           Arawatta         67      10275      206                                   
1895 5221800-2725 15339           Arawatta         67      10257      211                                   
1895 5222200-2725 15325           Arawatta         93      10263      178                                   
1895 5241400-2725 15311           Arawatta         67                 211                                   
1895 5251400-2725 15296           Arawatta         67      10173      211                                   
1895 5251800-2631 15282           Arawatta         67      10193      211                                   
1895 5252200-2536 15268           Arawatta        123      10192      228                                   
1895 526 200-2442 15253           Arawatta        123      10184      233                                   
1895 526 600-2354 15239           Arawatta         67      10173      294                                   
1895 5261000-2401 15146           Arawatta         67      10204      233                                   
1895 5261300-2335 15055           Arawatta         67      10208      206                                   
1895 5262200-2268 15050           Arawatta         67      10215      200                                   
1895 527 200-2202 15045           Arawatta         67      10199      233                                   
1895 527 600-2160 15005           Arawatta         46      10189      294                                   
1895 527 900-2119 14965           Arawatta         46      10194      200                                   
1895 5271000-2077 14924           Arawatta                            200                                   
1895 5271800-2035 14884           Arawatta         46      10186      206                                   
1895 5272200-1994 14844           Arawatta         93      10177      200                                   
1895 528 200-1952 14804           Arawatta         46      10168      228                                   
1895 528 600-1859 14711           Arawatta         46      10151      311                                   
1895 5281400-1767 14618           Arawatta         46      10162      239                                   
1895 5291000-1747 14606           Arawatta         46      10161      228                                   
1895 5291400-1727 14594           Arawatta         46      10161      244                                   
1895 5291800-1707 14582           Arawatta         26      10144      244                                   
1895 5301000-1688 14570           Arawatta         46      10164      244                                   
1895 5312200-1668 14558           Arawatta         93      10145      239                                   
1895 6 1 200-1648 14546           Arawatta         93      10147      244                                   
1895 6 1 600-1688 14577           Arawatta         93      10158      261                                   
1895 6 11800-1727 14597           Arawatta         93      10165      222                                   
1895 6 12200-1767 14618           Arawatta         93      10177      211                                   
1895 6 2 200-1873 14658           Arawatta         46      10189      222                                   
1895 6 2 600-1913 14683           Arawatta         67      10349      233                                   
1895 6 21400-1935 14725           Arawatta         67      10187      217                                   
1895 6 31000-1958 14767           Arawatta         67      10179      222                                   
1895 6 31400-1980 14809           Arawatta         93      10239      189                                   
1895 6 31800-2003 14851           Arawatta         93      10206      183                                   
1895 6 32200-2030 14893           Arawatta        123      10215      172                                   
1895 6 4 200-2083 14935           Arawatta        123      10226      172                                   
1895 6 4 600-2136 14977           Arawatta        123      10239      194                                   
1895 6 41000-2189 15019           Arawatta        123      10241      183                                   
1895 6 41400-2242 15061           Arawatta         93      10241      189                                   
1895 6 41800-2295 15103           Arawatta         67      10242      183                                   
1895 6 5 600-2348 15145           Arawatta         46      10201      228                                   
1895 6 51000-2401 15187           Arawatta         93      10225      211                                   
1895 6 51400-2454 15229           Arawatta        123      10188      211                                   
1895 6 51800-2507 15271           Arawatta        123      10222      211                                   
1895 6 52200-2560 15313           Arawatta        123      10226      211                                   
1895 6 6 200-2613 15355           Arawatta        123      10223      211                                   
1895 6 6 600-2666 15397           Arawatta         93      10222      217                                   
1895 6 61000-2719 15439           Arawatta         67      10246      200                                   
1895 6 71400-2772 15481           Arawatta         26      10190      211                                   
1895 6 8 200-2825 15523           Arawatta         67      10211      211                                   
1895 6 81000-2878 15565           Arawatta         26      10188      211                                   
1895 6 81800-2931 15607           Arawatta         46      10175      211                                   
1895 6 82200-2984 15649           Arawatta         26      10156      183                                   
1895 6 9 200-3037 15691           Arawatta         26      10112      189                                   
1895 6 9 600-3090 15733           Arawatta         26      10079      189                                   
1895 6 9 900-3143 15775           Arawatta         67       9921      183                                   
1895 610   0-3196 15817           Arawatta        154       9982      167                                   
1895 6101300-3249 15859           Arawatta         93      10167      133                                   
1895 611 900-3302 15901           Arawatta        123      10155      122                                   
