1892 8 42300 -331-15918           Archer           10                                                       
1892 8 52300 -649-16030           Archer           10                                                       
1892 8 62300 -850-16380           Archer           26                                                       
1892 8 72300-1042-16525           Archer           26                                                       
1892 8 82300-1110-16847           Archer           10                                                       
1892 8 92300-1130-17170           Archer           26                                                       
1892 8102300-1130-17170           Archer           10                                                       
1892 8112300-1130-17170           Archer           10                                                       
1892 8122300 -924-17110           Archer           26                                                       
1892 8132300 -910-17146           Archer           26                                                       
1892 8142300 -836-17228           Archer           26                                                       
1892 8152300 -836-17228           Archer           26                                                       
1892 8162300 -836-17228           Archer           26                                                       
1892 818   0-1024-17435           Archer           26                                                       
1892 819   0-1217-17726           Archer           46                                                       
1892 819   0-1412 17941           Archer           67                                                       
1892 820   0-1632 17712           Archer           67                                                       
1892 821   0-1815 17429           Archer           26                                                       
1892 822 100-1949 17146           Archer           10                                                       
1892 823 100-2115 16911           Archer           10                                                       
1892 824 100-2325 16649           Archer            0                                                       
1892 825 100-2511 16432           Archer           26                                                       
1892 826 100-2654 16159           Archer           46                                                       
1892 827 100-2816 16030           Archer           93                                                       
1892 828 100-2855 15935           Archer           46                                                       
1892 829 100-2854 15753           Archer           67                                                       
1892 830 200-2944 15500           Archer           10                                                       
1892 831 200-3110 15344           Archer           67                                                       
1892 9 1 200-3110 15344           Archer           10                                                       
189212 1 100  555 16939           Archer           26      10095      317                                   
189212 1 100  555 16939           Archer           26      10095      317                                   
189212 2 100  460 17115           Archer           10      10082      311                                   
189212 2 100  460 17115           Archer           10      10082      311                                   
189212 3   0  146 17259           Archer           46      10096      306                                   
189212 3   0  146 17259           Archer           46      10096      306                                   
189212 4   0  146 17259           Archer           26      10093      306                                   
189212 4   0  146 17259           Archer           26      10093      306                                   
189212 5   0  124 17315           Archer           10      10110      300                                   
189212 5   0  124 17291           Archer           10      10110      300                                   
189212 6   0   13 17325           Archer           46      10095      311                                   
189212 6   0   13 17323           Archer           46      10095      311                                   
189212 7   0   90 17335           Archer           26      10096      306                                   
189212 7   0   90 17335           Archer           26      10096      306                                   
189212 8   0   23 17324           Archer           10      10101      317                                   
189212 8   0   23 17324           Archer           10      10101      317                                   
189212 9   0   23 17324           Archer           10      10104      317                                   
189212 9   0   23 17324           Archer                   10104      317                                   
18921210   0   23 17324           Archer           10      10100      322                                   
18921210   0   23 17324           Archer                   10100      322                                   
18921211   0  -42 17427           Archer           10      10088      311                                   
18921211   0  -42 17427           Archer           10      10085      311                                   
18921212   0  -42 17427           Archer           26      10082      306                                   
18921212   0  -42 17427           Archer           26      10082      306                                   
18921213   0 -150 17530           Archer           26      10086      306                                   
18921213   0 -150 17530           Archer           26      10086      306                                   
18921214   0  120 17507           Archer           46      10090      300                                   
18921214   0 -120 17557           Archer           46      10090      300                                   
18921215   0  120 17507           Archer           46      10096      306                                   
18921215   0 -120 17557           Archer           46      10096      306                                   
18921216   0  121 17625           Archer           26      10102      311                                   
18921216   0 -175 17625           Archer           26      10102      311                                   
18921217   0  231 17554           Archer           46      10082      328                                   
18921217   0 -231 17554           Archer           46      10082      328                                   
18921218   0  240 17651           Archer           26      10096      306                                   
18921218   0 -240 17651           Archer           26      10096      306                                   
18921219   0  240 17651           Archer           26      10082      311                                   
18921219   0 -240 17651           Archer           26      10082      311                                   
18921220   0  454 17570           Archer           10      10090      300                                   
18921220   0 -454 17570           Archer           10      10087      300                                   
18921221   0  746 17256           Archer           10      10103      306                                   
18921221   0 -746 17256           Archer           10      10103      306                                   
18921222 100 1034 17126           Archer           10      10093      333                                   
18921222 100-1024 17126           Archer           10      10093      333                                   
18921223 100 1222 16842           Archer           10      10110      317                                   
18921223 100-1228 16842           Archer           10      10110      317                                   
18921224 100 1438 16554           Archer           46      10107      317                                   
18921224 100-1438 16554           Archer           46      10107      317                                   
18921225 100 1716 16320           Archer           67      10127      306                                   
18921225 100-1716 16320           Archer           67      10127      306                                   
18921226 100 2020 16133           Archer           26      10152      311                                   
18921226 100-2020 16133           Archer           26      10152      311                                   
18921227 100 2324 15940           Archer           26      10138      306                                   
18921227 100-2315 15940           Archer                   10138      306                                   
18921228 200 2611 15725           Archer           46      10122      289                                   
18921228 200-2611 15725           Archer           46      10122      289                                   
18921229 200-2850 15500           Archer           46      10113      278                                   
18921229 200-2850 15500           Archer           46      10113      278                                   
18921230 200-3211 15238           Archer           67      10104      267                                   
18921230 200-3089 15238           Archer           67      10103      267                                   
1893 122 200-3251 15210           Archer          123      10121      244                                   
1893 123 200-3215 15516           Archer          190      10092      278                                   
1893 124 100-3024 15822           Archer          123      10176      250                                   
1893 125 100-2939 16249           Archer           67      10159      283                                   
1893 126 100-2813 16625           Archer           46      10137      289                                   
1893 127 100-2672 16982           Archer           93      10127      283                                   
1893 128   0-2531 17340           Archer           10      10128      272                                   
1893 129   0-2343 17756           Archer           67      10127      289                                   
1893 130   0-2117 17956           Archer           26      10128      272                                   
1893 2 1   0-1958-17780           Archer           67      10124      294                                   
1893 2 2   0-1710-17520           Archer           93      10122      300                                   
1893 2 3   0-1342-17345           Archer           93      10099      306                                   
1893 2 32300-1180-17150           Archer           93      10099      300                                   
1893 2 42300-1180-17150           Archer           46      10095      322                                   
1893 2 52300 -924-17190           Archer           67      10085      339                                   
1893 2 62300 -927-17113           Archer           93      10087      328                                   
1893 2 72300 -927-17113           Archer           67      10099      317                                   
1893 2 82300 -834-17229           Archer           67      10098      322                                   
1893 2 92300 -924-17227           Archer          154      10115      300                                   
1893 211   0 -917-17539           Archer           93      10117      306                                   
1893 212   0 -954-17929           Archer           67      10109      317                                   
1893 212   0 -832 17910           Archer           67      10101      322                                   
1893 213   0 -832 17910           Archer           67      10094      322                                   
1893 214   0 -832 17910           Archer           46      10108      322                                   
1893 215   0 -820 17858           Archer           46      10112      317                                   
1893 216   0 -733 17845           Archer           26      10112      317                                   
1893 217   0 -840 17829           Archer           10      10113      311                                   
1893 218   0 -715 17710           Archer           26      10110      306                                   
1893 219   0 -660 17720           Archer           46      10106      328                                   
1893 220   0 -610 17654           Archer           46      10109      311                                   
1893 221   0 -539 17660           Archer           67      10105      311                                   
1893 222   0 -327 17633           Archer           93      10095      311                                   
1893 223   0 -240 17652           Archer           67      10109      328                                   
1893 224   0 -232 17554           Archer           46      10093      322                                   
1893 225   0 -150 17531           Archer           46      10095      311                                   
1893 226   0 -123 17623           Archer           67      10107      322                                   
1893 227   0 -123 17623           Archer           46      10105      311                                   
1893 228   0 -121 17600           Archer           46      10108      311                                   
1893 3 1   0  113 17440           Archer           67      10108      311                                   
1893 3 2   0  113 17440           Archer           46      10106      306                                   
1893 3 3   0   60 17411           Archer           93      10106      306                                   
1893 3 4   0   17 17354           Archer           67      10100      300                                   
1893 3 5   0   10 17325           Archer          123      10089      306                                   
1893 3 6   0   47 17335           Archer           93      10110      300                                   
1893 3 7   0   83 17335           Archer           67      10097      300                                   
1893 3 8   0  120 17300           Archer           93      10110      300                                   
1893 3 9   0  128 17254           Archer           67      10107      300                                   
1893 310   0  210 17318           Archer           46      10118      294                                   
1893 311   0  210 17318           Archer           46      10115      294                                   
1893 312 100  350 17248           Archer           46      10109      311                                   
1893 313 100  350 17248           Archer           46      10095      311                                   
1893 314 100  114 17040           Archer           10      10108      311                                   
1893 315 100  -33 16656           Archer           26      10105      311                                   
1893 316 100  -33 16656           Archer           26      10104      317                                   
1893 317 100  132 16745           Archer           26      10097      300                                   
1893 318 100  437 16841           Archer           10      10099      306                                   
1893 319 100  446 16834           Archer           10      10113      306                                   
1893 320 100  534 16850           Archer           93      10114      300                                   
1893 321 100  555 16939           Archer           67      10113      306                                   
1893 322 100  711 17110           Archer           46      10111      300                                   
1893 323 100  780 17120           Archer           93      10115      294                                   
1893 324 100  780 17120           Archer           67      10113      289                                   
1893 325 100  780 17120           Archer           46      10104      300                                   
1893 326 100  740 17143           Archer           46      10097      306                                   
1893 327 100  740 17143           Archer           26      10104      300                                   
1893 328 100  622 17140           Archer           26      10101      300                                   
1893 329 100  647 17132           Archer           26      10101      300                                   
1893 330 100  760 17122           Archer           67      10111      300                                   
1893 331 100  760 17122           Archer           67      10107      306                                   
1893 6 4 200-3140 15310           Archer          154      10270      178                                   
1893 6 5 200-2849 15543           Archer           93      10227      217                                   
1893 6 6 100-2539 15751           Archer           93      10226      228                                   
1893 6 7 100-2227 15946           Archer           93      10178      239                                   
1893 6 8 100-1922 16208           Archer           93      10146      261                                   
1893 6 9 100-1639 16315           Archer          154      10130      267                                   
1893 610 100-1437 16609           Archer           46      10102      289                                   
1893 611 100-1222 16843           Archer           46      10116      300                                   
1893 612 100-1105 17125           Archer           46      10131      306                                   
1893 613   0-1022 17501           Archer           67      10133      294                                   
1893 614   0 -938 17750           Archer           67      10121      306                                   
1893 615   0 -920 17948           Archer           26      10115      300                                   
1893 616   0 -857 17953           Archer           46      10144      306                                   
1893 617   0 -830 17948           Archer           46      10118      300                                   
1893 618   0 -732 17845           Archer           67      10114      300                                   
1893 619   0 -732 17845           Archer           46      10110      306                                   
1893 620   0 -804 17829           Archer           46      10117      306                                   
1893 621   0 -712 17713           Archer           67      10141      300                                   
1893 622   0 -606 17720           Archer           67      10117      322                                   
1893 623   0 -545 17606           Archer           46      10140      306                                   
1893 624   0 -539 17606           Archer           46      10116      306                                   
1893 625   0 -240 17652           Archer           26      10119      306                                   
1893 626   0 -240 17652           Archer           46      10130      306                                   
1893 627   0 -233 17554           Archer           46      10118      317                                   
1893 628   0 -114 17530           Archer           26      10112      328                                   
1893 629   0 -120 17628           Archer           46      10120      300                                   
1893 630   0 -120 17628           Archer           67      10114      300                                   
1893 8 1 100  398 17120           Archer           93      10121      300                                   
1893 8 2 100  379 17120           Archer           67      10125      311                                   
1893 8 3 100  359 17120           Archer           46      10118      317                                   
1893 8 4 100  340 17120           Archer           67      10115      311                                   
1893 8 6 100  321 17118           Archer           46      10130      306                                   
1893 8 7 100  301 17149           Archer           67      10123      306                                   
1893 8 8 100  282 17149           Archer           67      10126      306                                   
1893 8 9 100  262 17140           Archer           46      10114      300                                   
1893 810 100  243 17132           Archer           67      10110      300                                   
1893 811 100  224 17120           Archer           46      10117      300                                   
1893 812 100  204 17135           Archer           46                 311                                   
1893 813 100  185 17150           Archer           93      10094      294                                   
1893 814 100  165 17203           Archer           46      10096      306                                   
1893 815   0  146 17257           Archer           67      10096      306                                   
1893 817   0  127 17257           Archer           93      10098      294                                   
1893 818   0  107 17310           Archer           46      10113      306                                   
1893 819   0   88 17310           Archer           46      10113      306                                   
1893 820   0   68 17351           Archer           46      10110      300                                   
1893 821   0   49 17351           Archer           67      10109      306                                   
1893 822   0   30 17351           Archer           67      10109      306                                   
1893 823   0   10 17351           Archer           46      10113      306                                   
1893 824 100   -9 17135           Archer           93      10109      306                                   
1893 825 100  -29 17135           Archer           93      10114      300                                   
1893 826   0  -48 17427           Archer           67      10109      306                                   
1893 827   0  -48 17427           Archer           67      10109      306                                   
1893 828   0  -48 17427           Archer           46      10109      306                                   
1893 829   0  -48 17460           Archer           46      10117      300                                   
1893 830 100  -48 17210           Archer           67      10116      306                                   
1893 831 100  -48 17015           Archer           67      10121      294                                   
1894 1 1 100  340 17244           Archer           93      10051      294                                   
1894 1 2   0  244 17257           Archer           67      10061      294                                   
1894 1 3   0  240 17318           Archer           67      10054      294                                   
1894 1 4   0  130 17357           Archer           46      10043      300                                   
1894 1 5   0   20 17397           Archer                                                                    
1894 1 6   0   20 17436           Archer          123      10049      306                                   
1894 1 7   0   11 17475           Archer           67      10057      294                                   
1894 1 8   0   11 17515           Archer           67      10054      294                                   
1894 1 9   0   11 17554           Archer           67      10074      294                                   
1894 110   0   11 17594           Archer           46      10072      289                                   
1894 111   0   11 17633           Archer           46      10063      300                                   
1894 112   0   11 17672           Archer           26      10074      294                                   
1894 113   0   11 17712           Archer           26      10062      306                                   
1894 114   0   11 17751           Archer           26      10066      306                                   
1894 115   0   11 17790           Archer           46      10072      306                                   
1894 116   0   11 17830           Archer           67      10055      328                                   
1894 117   0   11 17869           Archer           46      10055      311                                   
1894 118   0   11 17909           Archer           46      10050      317                                   
1894 119   0   11 17948           Archer           46                 311                                   
1894 121   0   11-17937           Archer           67      10073      300                                   
1894 122   0   11-17926           Archer           67      10081      294                                   
1894 122   0   11 17910           Archer                   10080      300                                   
1894 123   0   11 17825           Archer           46      10079      306                                   
1894 124   0   11 17642           Archer           46      10058      289                                   
1894 125   0   11 17347           Archer           93      10068      289                                   
1894 126 100   11 17045           Archer           46      10079      283                                   
1894 127 100   11 16732           Archer           26      10079      283                                   
1894 128 100   11 16412           Archer                   10066      283                                   
1894 129 100   11 16056           Archer           93      10080      256                                   
1894 130 200   11 15700           Archer           67      10102      250                                   
1894 131 200   11 15313           Archer           26      10069      267                                   
1894 226 200-3217 15511           Archer                                                                    
1894 226 200 3326 15342           Archer           26      10145      250                                   
1894 227 100-3111 15915           Archer                   10209      233                                   
1894 228 100-3005 16319           Archer                              239                                   
1894 3 1 100   20 16632           Archer           67      10157      261                                   
1894 3 2 100   20 16937           Archer           93      10134      278                                   
1894 3 3 100   20 17247           Archer           46      10107      300                                   
1894 3 4   0   20 17512           Archer           10                 300                                   
1894 3 5   0   20 17778           Archer           10      10085      333                                   
1894 3 7   0   20-17957           Archer           10      10096      306                                   
1894 3 8   0   20-17941           Archer                   10073      322                                   
1894 3 9   0   20-17935           Archer           26      10066      300                                   
1894 3 9   0   20 17946           Archer           46      10064      294                                   
1894 310   0   20 17895           Archer           67      10068      289                                   
1894 311   0   20 17845           Archer           67      10063      300                                   
1894 312   0   20 17845           Archer           26      10062      306                                   
1894 313   0   20 17829           Archer           46      10063      300                                   
1894 314   0   20 17829           Archer           46      10071      311                                   
1894 315   0   20 17829           Archer           26      10069      328                                   
1894 316   0   20 17713           Archer           26      10075      311                                   
1894 317   0   20 17668           Archer           26      10071      311                                   
1894 318   0   20 17623           Archer           46      10069      306                                   
1894 319   0   20 17660           Archer           67      10062      306                                   
1894 320   0   20 17640           Archer           67      10062      306                                   
1894 321   0   20 17554           Archer           46                 306                                   
1894 322   0   20 17522           Archer           67      10052      306                                   
1894 323   0   20 17490           Archer           46                 306                                   
1894 324   0   20 17459           Archer           46                 306                                   
1894 325   0   20 17427           Archer           46      10071      311                                   
1894 326   0   20 17357           Archer           46      10071      311                                   
1894 327   0   20 17357           Archer           26      10084      317                                   
1894 328   0   90 17325           Archer           26      10084      317                                   
1894 329   0  100 17300           Archer           26      10092      311                                   
1894 330   0  146 17257           Archer           46      10085      311                                   
1894 331   0  200 17317           Archer           26      10096      306                                   
1894 4 1 100  340 17244           Archer           26                 306                                   
1894 4 2 100  222 17216           Archer           26      10086      306                                   
1894 4 3 100  -31 16935           Archer           46      10083      300                                   
1894 4 4 100  -32 16655           Archer           46      10089      306                                   
1894 4 5 100  140 16722           Archer           46      10082      306                                   
1894 4 6 100  436 16841           Archer           67      10079      306                                   
1894 4 7 100  436 16841           Archer           26      10077      300                                   
1894 4 8 100  535 16860           Archer           46      10074      300                                   
1894 4 9 100  535 16860           Archer           46      10073      306                                   
1894 410 100  555 16939           Archer           46      10078      294                                   
1894 411 100  790 17131           Archer           67      10078      294                                   
1894 412 100  790 17131           Archer           67      10074      300                                   
1894 413 100  841 17111           Archer           46      10084      300                                   
1894 414 100  817 17190           Archer           26      10089      294                                   
1894 415 100  731 17110           Archer           46      10095      294                                   
1894 416 100  790 17113           Archer           26      10078      300                                   
1894 417 100  790 17113           Archer           46      10073      306                                   
1894 418 100  790 17113           Archer           67      10069      311                                   
1894 419 100  658 17141           Archer           26      10071      300                                   
1894 420 100  680 17140           Archer           67      10081      278                                   
1894 421 100  750 17150           Archer           46      10082      294                                   
1894 422 100  760 17142           Archer           67      10088      294                                   
1894 423 100  760 17142           Archer           67      10088      294                                   
1894 424 100  730 17133           Archer           67      10075      294                                   
1894 425 100  790 17113           Archer           46      10075      294                                   
1894 426 100  790 17113           Archer           46      10078      294                                   
1894 427 100  555 16939           Archer           46      10076      289                                   
1894 428 100  435 17100           Archer           46      10081      294                                   
1894 429 100  340 17249           Archer           46      10064      294                                   
1894 430 100  146 17227           Archer           67      10050      300                                   
1894 5 1   0  110 17300           Archer           26      10064      294                                   
1894 5 2   0   65 17324           Archer           46      10067      300                                   
1894 5 3   0   20 17351           Archer                   10073      300                                   
1894 5 4   0   20 17351           Archer                   10073      300                                   
1894 5 5   0 -110 17488           Archer           46      10046      300                                   
1894 5 6   0 -123 17625           Archer           67      10069      306                                   
1894 5 7   0 -120 17558           Archer           46      10045      306                                   
1894 5 9   0 -117 17619           Archer           10      10067      300                                   
1894 625 100 3229 16550           Archer           67                 200                                   
1894 7 1   0-2050 17536           Archer           26      10132      250                                   
1894 7 2   0-1850 17825           Archer           46      10123      272                                   
1894 7 3   0-1860 17952           Archer           67      10127      272                                   
1894 7 4   0-1816 17538           Archer           46      10132      278                                   
1894 7 52300-1847-17215           Archer           93      10104      289                                   
1894 7 62300-1950-17050           Archer           67      10096      278                                   
1894 7 72300-1950-17050           Archer           46      10092      283                                   
1894 7 82300-1950-17050           Archer           26      10096      278                                   
1894 7 92300-1950-17050           Archer           26      10121      272                                   
1894 7102300-1950-17050           Archer           10      10132      267                                   
1894 7112300-1950-17050           Archer           10      10124      272                                   
1894 7122300-1950-17050           Archer           46      10119      283                                   
1894 7132300-1654-17038           Archer           67      10120      289                                   
1894 7142300-1349-17144           Archer           46      10120      300                                   
1894 7152300-1150-17180           Archer           67      10100      294                                   
1894 717   0 -925-17846           Archer           46      10110      289                                   
1894 718   0 -925-17846           Archer           46      10081      300                                   
1894 719   0 -911-17710           Archer           46      10080      306                                   
1894 720   0 -837-17725           Archer           46      10077      322                                   
1894 721   0 -844-17455           Archer           46      10090      306                                   
1894 722   0 -839-17819           Archer           46      10097      306                                   
1894 722   0 -924 17955           Archer           67      10093      311                                   
1894 723   0 -924 17955           Archer           67      10097      306                                   
1894 724   0 -831 17912           Archer           26      10079      311                                   
1894 725   0 -840 17829           Archer           26      10083      311                                   
1894 726   0 -840 17829           Archer           10      10089      294                                   
1894 727   0 -732 17845           Archer           26      10086      311                                   
1894 728   0 -712 17713           Archer           26      10097      306                                   
1894 729   0 -660 17720           Archer           46      10082      311                                   
1894 730   0 -660 17720           Archer           67      10086      311                                   
1894 731   0 -539 17660           Archer           67      10080      300                                   
1894 8 1   0 -370 17637           Archer           67      10081      294                                   
1894 8 2   0 -233 17583           Archer           26                 300                                   
1894 8 3   0 -154 17530           Archer           26                 306                                   
1894 8 4   0 -127 17557           Archer                              311                                   
1894 8 5   0 -112 17514           Archer           46                 311                                   
1894 8 6   0  -80 17470           Archer           26                 311                                   
1894 8 7   0  -48 17427           Archer           26                 294                                   
1894 8 8   0   21 17399           Archer           10                 311                                   
1894 8 9   0   83 17372           Archer                                                                    
1894 810   0  146 17344           Archer           26                 306                                   
1894 811   0  118 17317           Archer           67                 306                                   
1894 812 100  340 17244           Archer           26                 311                                   
1894 813 100  456 17040           Archer           26                 294                                   
1894 814 100  555 16939           Archer           46                 306                                   
1894 815 100  535 16860           Archer           26                 311                                   
1894 816 100  436 16841           Archer           26                 306                                   
1894 817 100  353 16837           Archer           46                 306                                   
1894 818 100  270 16833           Archer           26                 300                                   
1894 819 100  -31 16829           Archer           26                 306                                   
1894 820 100   32 16826           Archer           46                 300                                   
1894 821 100   94 16822           Archer           46                 306                                   
1894 822 100  157 16818           Archer           67                 306                                   
1894 823 100  441 17010           Archer                              294                                   
1894 824 100  790 17113           Archer                              300                                   
1894 825 100  845 17190           Archer                              300                                   
1894 826 100  790 17113           Archer           26                 306                                   
1894 827 100  790 17113           Archer           46                 306                                   
1894 828 100  790 17113           Archer           46                 311                                   
1894 829 100  790 17113           Archer           46                 311                                   
1894 830 100  790 17113           Archer           46                 317                                   
1894 831 100  790 17113           Archer           46                 306                                   
1894 9 1 100  657 17141           Archer           46      10072      311                                   
1894 9 2 100  657 17141           Archer           46      10076      306                                   
1894 9 3 100  657 17141           Archer           67      10084      300                                   
1894 9 4 100  612 17140           Archer           67      10072      311                                   
1894 9 5 100 -555 16939           Archer           67      10070      300                                   
1894 9 6 100  436 16841           Archer           46      10079      306                                   
1894 9 7 100 -400 17048           Archer           67      10081      294                                   
1894 9 8 100 -314 17218           Archer           93      10082      289                                   
1894 9 9   0 -125 17254           Archer           46      10064      294                                   
1894 910   0 -110 17357           Archer           26      10071      311                                   
1894 911   0  -94 17351           Archer           26      10071      311                                   
1894 912   0  -79 17351           Archer           10      10087      317                                   
1894 913   0  -63 17389           Archer           26      10077      294                                   
1894 914   0  -48 17427           Archer           26      10089      306                                   
1894 915   0 -112 17441           Archer           67      10067      300                                   
1894 916   0 -120 17628           Archer           46      10073      300                                   
1894 917   0 -120 17628           Archer            0      10059      306                                   
1894 918   0 -154 17530           Archer           46      10069      306                                   
1894 919   0 -233 17554           Archer           46      10067      300                                   
1894 920   0 -240 17653           Archer           67      10069      306                                   
1894 921   0 -544 17744           Archer           46      10074      300                                   
1894 922   0 -842 17940           Archer           93      10081      300                                   
1894 923   0-1220 18000           Archer           67      10076      294                                   
1894 925   0-1510-17944           Archer           46      10084      294                                   
1894 925   0-1738 17928           Archer           10      10082      294                                   
1894 926   0-1880 17825           Archer           26      10077      311                                   
1894 927   0-1944 17610           Archer           46      10116      278                                   
1894 928   0-2143 17284           Archer           46      10132      250                                   
1894 929 100-2342 16958           Archer           26      10135      239                                   
1894 930 100-2537 16716           Archer           26      10152      228                                   
1895 1 1   0 -110 17310           Archer           46      10044      317                                   
1895 1 2   0 -124 17350           Archer           46      10059      306                                   
1895 1 3   0  124 17350           Archer           46      10058      311                                   
1895 1 4   0 -146 17257           Archer           46      10065      311                                   
1895 1 5   0 -200 17317           Archer           26      10045      306                                   
1895 1 6 100 -340 17244           Archer           26      10045      311                                   
1895 1 7 100  340 17244           Archer           26      10029      306                                   
1895 1 8 100 -439 17011           Archer           46      10056      306                                   
1895 1 9 100 -436 16841           Archer           26      10063      306                                   
1895 110 100 -535 16860           Archer           46      10059      306                                   
1895 111 100  535 16860           Archer           26      10075      289                                   
1895 112 100 -555 16939           Archer           26      10075      294                                   
1895 113   0 -710 17313           Archer           67      10061      300                                   
1895 114   0  710 17313           Archer           93      10080      306                                   
1895 115   0  710 17313           Archer           93      10081      300                                   
1895 116   0  710 17313           Archer          123      10061      294                                   
1895 117   0  710 17313           Archer           46      10059      289                                   
1895 118   0  710 17313           Archer           46      10057      283                                   
1895 119 100 -740 17144           Archer           46      10060      283                                   
1895 120 100  740 17149           Archer           46      10057      283                                   
1895 121 100  740 17149           Archer           67      10058      278                                   
1895 122 100  740 17149           Archer           46      10053      283                                   
1895 123 100 -610 17140           Archer           46      10045      289                                   
1895 124 100 -555 16939           Archer           46      10069      289                                   
1895 125 100 -429 17127           Archer           26      10048      289                                   
1895 126 100 -340 17244           Archer           26      10055      289                                   
1895 127   0 -100 17310           Archer           67      10045      306                                   
1895 128   0  -21 17351           Archer           26      10046      300                                   
1895 129   0   21 17351           Archer           26      10046      300                                   
1895 130   0  -48 17427           Archer           46      10054      294                                   
1895 131   0  -48 17427           Archer           67      10040      300                                   
1895 6 1 100  555 16939           Archer           46      10093      306                                   
1895 6 21300  555 16939           Archer           26      10083      306                                   
1895 619 100-1360 16832           Archer           67      10087      294                                   
1895 7 1 200-3090 15326           Archer           93      10142      172                                   
1895 7 2 200-3244 15215           Archer           46      10195      144                                   
1895 723 200-3253 15515           Archer          123      10013      144                                   
1895 724 100-3232 16015           Archer          123      10028      178                                   
1895 725 100-3190 16480           Archer           93      10073      189                                   
1895 726 100-2854 16740           Archer           67      10108      183                                   
1895 727 100-2644 17090           Archer           46      10101      194                                   
1895 728   0-2440 17250           Archer           93      10069      217                                   
1895 729   0-2230 17531           Archer           67      10092      233                                   
1895 730   0-1914 17747           Archer           46      10135      244                                   
1895 731   0-1880 17825           Archer           46      10161      250                                   
1895 8 1   0 1728 17946           Archer           67      10146      256                                   
1895 8 3   0 1518-17720           Archer           67      10120      261                                   
1895 8 4   0 1330-17435           Archer           67      10092      283                                   
1895 8 42300 1135-17152           Archer           26      10096      294                                   
1895 8 52300 1116-17120           Archer           26      10089      300                                   
1895 8 62300 1116-17120           Archer            0      10084      306                                   
1895 8 72300  920-17140           Archer           10      10081      300                                   
1895 8 82300 -950-17138           Archer           10      10080      306                                   
1895 810   0 -728-17432           Archer           26      10080      306                                   
1895 811   0 -537-17719           Archer            0      10079      306                                   
1895 811   0 -346 17944           Archer           46      10078      311                                   
1895 812   0 -153 17644           Archer           67      10077      317                                   
1895 813   0  -48 17427           Archer           67      10071      311                                   
1895 814   0  -48 17427           Archer           67      10070      317                                   
1895 815   0  -48 17427           Archer           46      10071      311                                   
1895 816   0 -332 17625           Archer           46      10063      300                                   
1895 817   0 -618 17623           Archer           67      10063      306                                   
1895 818   0 -830 17912           Archer           46      10062      311                                   
1895 819   0 -830 17912           Archer           46      10062      311                                   
1895 820   0 -920 17948           Archer           26      10066      311                                   
1895 821   0 -732 17845           Archer           26      10062      311                                   
1895 822   0 -840 17829           Archer           67      10063      306                                   
1895 823   0 -840 17829           Archer           67      10056      311                                   
1895 824   0 -840 17829           Archer           46      10073      306                                   
1895 825   0 -840 17829           Archer           46      10079      311                                   
1895 826   0 -712 17713           Archer           46      10072      311                                   
1895 827   0 -660 17720           Archer           67      10062      311                                   
1895 828   0 -618 17623           Archer           46      10072      311                                   
1895 829   0 -539 17660           Archer           46      10067      300                                   
1895 830   0 -240 17652           Archer           46      10068      311                                   
1895 831   0 -233 17554           Archer           46       9745      317                                   
1895 9 1   0  154 17530           Archer           26      10071      311                                   
1895 9 2   0  154 17530           Archer           93      10060      317                                   
1895 9 3   0  120 17628           Archer           46      10071      317                                   
1895 9 4   0  120 17628           Archer           46      10071      311                                   
1895 9 5   0  112 17440           Archer           67      10066      306                                   
1895 9 6   0   20 17350           Archer           46      10069      306                                   
1895 9 7   0   20 17350           Archer            0      10064      317                                   
1895 9 8   0  111 17300           Archer            0      10054      317                                   
1895 9 9   0  111 17300           Archer            0      10061      311                                   
1895 910   0  124 17350           Archer           26      10058      311                                   
1895 911   0  124 17350           Archer           46      10060      317                                   
1895 912   0  230 17316           Archer           26      10069      306                                   
1895 913   0  146 17257           Archer           26      10069      267                                   
1895 914   0  146 17257           Archer           46      10055      289                                   
1895 915 100  340 17244           Archer           26      10055      311                                   
1895 916 100   70 17057           Archer           46      10070      300                                   
1895 917 100  -52 16935           Archer           46      10045      311                                   
1895 918   0 -830 17912           Archer           46      10062      311                                   
1895 918 100  -25 16720           Archer           26      10069      306                                   
1895 919 100  -25 16720           Archer           26      10061      311                                   
1895 920 100  134 16754           Archer           46      10081      294                                   
1895 921 100  436 16841           Archer           67      10089      289                                   
1895 922 100  436 16841           Archer           26      10087      300                                   
1895 923 100  535 16860           Archer           26      10083      306                                   
1895 924 100  555 16939           Archer           26      10085      311                                   
1895 925 100  790 17003           Archer           26      10086      311                                   
1895 926 100  790 17003           Archer           26      10082      311                                   
1895 927 100  790 17003           Archer           26      10112      317                                   
1895 928 100  790 17003           Archer           10      10078      317                                   
1895 929 100  790 17003           Archer           46      10120      306                                   
1895 930 100  790 17003           Archer                   10114      306                                   
189510 1 100  750 17144           Archer           46      10078      317                                   
189510 2 100  750 17144           Archer           67      10062      289                                   
189510 3 100  750 17044           Archer          123      10052      272                                   
189510 4 100  750 17044           Archer           46      10080      306                                   
189510 5 100  750 17044           Archer           10      10081      322                                   
189510 6 100  750 17044           Archer           26      10077      306                                   
189510 7 100  610 17140           Archer           46      10062      311                                   
189510 8 100  555 16939           Archer           26      10080      306                                   
189510 9 100  433 17016           Archer           26      10095      311                                   
18951010 100  340 17244           Archer           10      10080      322                                   
18951011   0  230 17307           Archer           46      10082      311                                   
18951012   0  146 17257           Archer                   10070      322                                   
18951013   0  124 17350           Archer           26      10060      317                                   
18951014   0  124 17350           Archer           10      10076      322                                   
18951015   0  124 17350           Archer           46      10055      311                                   
18951016   0  124 17350           Archer           67      10084      278                                   
18951017   0   21 17351           Archer           93      10072      306                                   
18951018   0   21 17351           Archer           93      10069      306                                   
18951019   0   21 17351           Archer           67      10062      306                                   
18951020   0  -28 17427           Archer           93      10062      306                                   
18951021   0  -28 17427           Archer           67      10059      306                                   
18951022   0 -112 17441           Archer           67      10045      311                                   
18951023   0 -112 17441           Archer           46      10059      306                                   
18951024   0 -120 17628           Archer           46      10062      306                                   
18951025   0 -127 17557           Archer           46      10061      311                                   
18951026   0 -240 17652           Archer           46      10076      306                                   
18951027   0 -438 17628           Archer           26      10050      322                                   
18951028   0 -618 17623           Archer           46      10062      311                                   
18951029   0 -712 17703           Archer                   10049      311                                   
18951030   0 -840 17829           Archer           26      10066      311                                   
18951031   0 -840 17829           Archer                   10066      328                                   
1896 1 1   0 -840 17829           Archer          123                 289                                   
1896 1 2   0 -840 17829           Archer           93      10038      294                                   
1896 1 3   0 -840 17829           Archer           26      10058      300                                   
1896 1 4   0 -712 17713           Archer           67      10055      294                                   
1896 1 5   0 -712 17713           Archer           46      10063      306                                   
1896 1 6   0 -712 17713           Archer           46      10076      306                                   
1896 1 7   0 -660 17720           Archer           67      10065      294                                   
1896 1 8   0 -618 17623           Archer           26      10054      317                                   
1896 1 9   0 -416 17628           Archer           26      10063      306                                   
1896 110   0 -240 17652           Archer           46      10055      311                                   
1896 111   0 -233 17554           Archer           26      10071      311                                   
1896 112   0 -154 17530           Archer           26      10055      328                                   
1896 113   0 -120 17628           Archer           10      10064      317                                   
1896 114   0 -127 17557           Archer           10      10053      322                                   
1896 115   0 -112 17441           Archer           26      10067      317                                   
1896 116   0 -112 17441           Archer           26      10070      322                                   
1896 117   0  -48 17427           Archer           46      10071      311                                   
1896 118   0   21 17351           Archer           67      10076      306                                   
1896 119   0   21 17351           Archer           10      10070      317                                   
1896 120   0   21 17351           Archer           10      10074      317                                   
1896 121   0  100 17310           Archer           26      10071      311                                   
1896 122   0  124 17350           Archer           46      10075      311                                   
1896 123   0  124 17350           Archer           46      10081      317                                   
1896 124   0  124 17350           Archer           26      10088      311                                   
1896 125   0  230 17317           Archer           46      10071      311                                   
1896 126   0  146 17257           Archer           46      10068      311                                   
1896 127   0  146 17257           Archer           67      10060      317                                   
1896 128   0  146 17257           Archer           46      10078      311                                   
1896 129   0  124 17350           Archer           46      10082      311                                   
1896 130   0  136 17250           Archer           67      10062      306                                   
1896 131 100  420 17053           Archer           46      10073      306                                   
1896 2 1 100  555 16939           Archer           46      10080      306                                   
1896 2 1 100  340 17244           Archer           26      10083      283                                   
1896 2 2   0  230 17307           Archer           46      10073      300                                   
1896 2 2 100  790 17113           Archer           46      10090      306                                   
1896 2 3   0  146 17257           Archer           67      10104      317                                   
1896 2 3 100  790 17113           Archer           67      10073      306                                   
1896 2 4   0  124 17305           Archer           46      10076      306                                   
1896 2 4 100  790 17113           Archer           46      10107      306                                   
1896 2 5   0  124 17350           Archer           67      10071      311                                   
1896 2 5 100  790 17113           Archer           67      10083      306                                   
1896 2 6   0  100 17300           Archer           46      10081      311                                   
1896 2 6 100  790 17113           Archer           93      10084      300                                   
1896 2 7   0  100 17300           Archer           67      10071      311                                   
1896 2 7 100  790 17113           Archer           67      10074      300                                   
1896 2 8   0   20 17351           Archer           46      10072      306                                   
1896 2 8 100  740 17144           Archer           93      10064      300                                   
1896 2 9   0   20 17351           Archer           46      10046      300                                   
1896 2 9 100  740 17144           Archer           67      10067      300                                   
1896 210   0   20 17351           Archer           26      10070      300                                   
1896 210 100  740 17144           Archer           93      10061      300                                   
1896 211   0   20 17351           Archer           46      10070      317                                   
1896 211 100  740 17144           Archer           46      10060      306                                   
1896 212   0   20 17351           Archer           46      10076      306                                   
1896 212 100  740 17144           Archer           67      10049      311                                   
1896 213   0 -112 17441           Archer           46      10059      306                                   
1896 213 100  610 17140           Archer           93      10049      289                                   
1896 214   0 -127 17557           Archer           67      10062      306                                   
1896 214 100  555 16939           Archer           46      10073      306                                   
1896 215   0 -442 17615           Archer           10      10062      311                                   
1896 215 100  535 16860           Archer           67      10047      300                                   
1896 216   0 -641 17649           Archer           26      10069      311                                   
1896 216 100  436 16840           Archer           93      10048      294                                   
1896 217   0 -800 17823           Archer           26      10069      311                                   
1896 217 100  436 16840           Archer           10      10075      311                                   
1896 218   0 -800 17823           Archer           67      10079      311                                   
1896 218 100  421 16836           Archer           26      10079      306                                   
1896 219   0 -800 17823           Archer           46      10072      311                                   
1896 219 100  160 16738           Archer           46      10072      306                                   
1896 220   0-1120 17643           Archer           46      10090      311                                   
1896 220 100  -25 16720           Archer           67      10068      311                                   
1896 221   0-1408 17438           Archer           46      10081      311                                   
1896 221 100  -25 16720           Archer           67      10066      306                                   
1896 222 100 -135 16360           Archer           26      10075      333                                   
1896 222 100-1700 17216           Archer           46      10084      306                                   
1896 223 100 -244 15990           Archer           10      10076      322                                   
1896 223 100-1930 17010           Archer           26      10084      311                                   
1896 224 100-2157 16860           Archer           46      10101      300                                   
1896 224 200 -426 15559           Archer           46      10078      294                                   
1896 225 100-2421 16535           Archer           46      10095      306                                   
1896 225 200 -451 15249           Archer           46      10068      311                                   
1896 226 100-2630 16232           Archer           67      10067      278                                   
1896 226 200 -426 15491           Archer           67      10077      300                                   
1896 227 100-2890 15935           Archer           46      10077      289                                   
1896 227 200 -426 15733           Archer           26      10074      294                                   
1896 228 100 -426 15976           Archer           46      10069      306                                   
1896 228 200-3090 15630           Archer           10      10093      267                                   
1896 229 100 -426 16218           Archer           10      10063      306                                   
1896 3 1 200 -147 15218           Archer           46      10056      306                                   
1896 3 1 200-3212 15327           Archer           46      10096      256                                   
1896 3 2 200 -429 15218           Archer           10      10048      311                                   
1896 3 3 200 -710 15350           Archer           10      10079      311                                   
1896 3 4 200 -991 15421           Archer           10      10074      306                                   
1896 3 5 200-1273 15428           Archer           46      10065      306                                   
1896 3 6 200-1554 15428           Archer           93      10084      300                                   
1896 3 7 200-1845 15423           Archer           46      10103      294                                   
1896 3 8 200-2137 15425           Archer           46      10116      289                                   
1896 311 200 3016 15256           Archer           46      10126      267                                   
1896 5 1   0  830 17912           Archer           26      10082      317                                   
1896 6 1 100  515 16819           Archer           67      10079      306                                   
1896 6 2 100  535 16860           Archer           67      10073      306                                   
1896 6 3 100  555 16939           Archer           46      10069      306                                   
1896 6 4 100  790 17113           Archer           67      10081      300                                   
1896 6 5 100  790 17113           Archer           46      10084      300                                   
1896 6 6 100  790 17113           Archer           46      10083      306                                   
1896 6 7 100  790 17113           Archer           67      10083      306                                   
1896 6 8 100  790 17113           Archer           46      10083      306                                   
1896 6 9 100  790 17113           Archer           67      10068      294                                   
1896 610 100  790 17113           Archer           67      10063      306                                   
1896 611 100  740 17144           Archer           93      10070      306                                   
1896 612 100  740 17144           Archer           46      10052      311                                   
1896 613 100  740 17144           Archer           46      10052      311                                   
1896 614 100  740 17144           Archer           26      10070      306                                   
1896 615 100  740 17144           Archer           46      10072      294                                   
1896 616 100  610 17140           Archer           46      10052      311                                   
1896 617 100  555 16939           Archer           67      10053      306                                   
1896 618 100  436 16841           Archer           46      10073      306                                   
1896 619 100  436 16841           Archer           10      10077      300                                   
1896 620 100  137 16740           Archer           26      10062      306                                   
1896 621 100 -129 16624           Archer           26      10061      311                                   
1896 622 100 -438 16443           Archer           26      10076      328                                   
1896 623 100 -755 16311           Archer           26      10096      311                                   
1896 624 100-1112 16218           Archer           26      10091      306                                   
1896 625 100-1440 16113           Archer           67      10096      283                                   
1896 626 100-1651 15928           Archer           67      10125      256                                   
1896 627 200-1950 15740           Archer           46      10162      244                                   
1896 628 200-2330 15670           Archer           46      10151      244                                   
1896 629 200-2552 15431           Archer           67      10098      250                                   
1896 630 200-2926 15326           Archer           67      10128      189                                   
1896 726 200-3213 15454           Archer           46      10102      172                                   
1896 727 100-3047 15854           Archer           46      10107      178                                   
1896 728 100-2846 16219           Archer           10      10112      178                                   
1896 729 100-2629 16558           Archer           26      10124      200                                   
1896 730 100-2416 16931           Archer           10      10139      222                                   
1896 731 100-2204 17241           Archer           46      10113      228                                   
1896 8 1   0-2039 17628           Archer           67      10088      267                                   
1896 8 2   0-1808 17825           Archer           46      10101      283                                   
1896 8 3   0-1808 17825           Archer           46      10110      250                                   
1896 8 4   0-1602 17906           Archer           26      10110      267                                   
1896 8 6   0-1221-17934           Archer           46      10102      283                                   
1896 8 6   0 -920 17948           Archer           67      10089      294                                   
1896 8 7   0 -830 17912           Archer           26      10113      289                                   
1896 8 8   0 -804 17829           Archer           46      10098      300                                   
1896 8 9   0 -804 17829           Archer           67      10108      300                                   
1896 810   0 -804 17829           Archer           93      10073      306                                   
1896 811   0 -804 17829           Archer          123      10063      306                                   
1896 812   0 -732 17845           Archer           67      10073      306                                   
1896 813   0 -732 17845           Archer           67      10073      283                                   
1896 814   0 -712 17713           Archer           46      10083      283                                   
1896 815   0 -606 17720           Archer           26      10066      306                                   
1896 816   0 -618 17623           Archer           46      10073      306                                   
1896 817   0 -618 17623           Archer           67      10053      306                                   
1896 818   0 -322 17643           Archer           46      10073      300                                   
1896 819   0 -233 17554           Archer           10      10071      294                                   
1896 820   0 -154 17530           Archer           10      10096      306                                   
1896 821   0 -120 17628           Archer           46      10082      306                                   
1896 822   0 -127 17557           Archer           26      10073      300                                   
1896 823   0 -112 17441           Archer           10      10081      311                                   
1896 824   0 -112 17441           Archer           26      10086      306                                   
1896 825   0  -48 17427           Archer           26      10108      311                                   
1896 826   0  -48 17427           Archer           26      10083      300                                   
1896 827   0   20 17351           Archer           26      10090      300                                   
1896 828   0   20 17351           Archer           26      10081      294                                   
1896 829   0  100 17300           Archer           26      10082      306                                   
1896 830   0  100 17300           Archer           26      10085      311                                   
1896 831   0  100 17300           Archer           46      10100      278                                   
1896 9 1   0  124 17305           Archer           26      10082      306                                   
1896 9 2   0  124 17350           Archer           10      10092      306                                   
1896 9 3   0  124 17350           Archer           10      10096      306                                   
1896 9 4   0  124 17350           Archer           26      10085      311                                   
1896 9 5   0  146 17257           Archer           10      10092      311                                   
1896 9 6   0  146 17257           Archer           26      10074      294                                   
1896 9 7   0  146 17257           Archer           46      10079      306                                   
1896 9 8   0  203 17317           Archer           10      10086      306                                   
1896 9 9 100  304 17244           Archer           26      10081      317                                   
1896 910 100  102 17100           Archer           26      10086      306                                   
1896 911 100  -52 16935           Archer           26      10084      317                                   
1896 912 100  -33 16655           Archer           10      10088      311                                   
1896 913 100  -33 16655           Archer           10      10081      317                                   
1896 914 100  -33 16655           Archer           26      10070      317                                   
1896 915 100  212 16750           Archer           26      10087      300                                   
1896 916 100  436 16841           Archer           26      10078      311                                   
1896 917 100  436 16841           Archer           26      10089      311                                   
1896 918 100  535 16806           Archer           46      10096      306                                   
1896 919 100  555 16939           Archer           46      10096      306                                   
1896 920 100  709 17113           Archer           67      10080      306                                   
1896 921 100  790 17113           Archer           67      10079      311                                   
1896 922 100  790 17113           Archer           46      10078      317                                   
1896 923 100  790 17113           Archer           46      10082      311                                   
1896 924 100  790 17113           Archer           10      10083      306                                   
1896 925 100  790 17113           Archer           46      10087      306                                   
1896 926 100  704 17144           Archer           67      10072      294                                   
1896 927 100  740 17144           Archer           26      10073      306                                   
1896 928 100  740 17144           Archer           26      10080      306                                   
1896 929 100  740 17144           Archer           10      10072      311                                   
1896 930 100  610 17140           Archer           26      10054      317                                   
189610 1 100  555 16939           Archer           26      10065      311                                   
189610 2 100  412 17145           Archer           10      10063      306                                   
189610 3 100  304 17244           Archer           46      10064      317                                   
189610 4 100  340 17244           Archer           26      10058      311                                   
189610 5   0  203 17317           Archer           26      10058      311                                   
189610 6   0  124 17257           Archer           46      10068      311                                   
189610 7   0  124 17257           Archer           67      10079      306                                   
189610 8   0   20 17351           Archer           26      10078      311                                   
189610 9   0   20 17351           Archer           67      10078      311                                   
18961010   0   20 17351           Archer           10      10090      322                                   
18961011   0   20 17351           Archer           10      10088      333                                   
18961012   0   20 17351           Archer           10      10081      317                                   
18961013   0   10 17340           Archer           10      10092      328                                   
18961014   0 -154 17530           Archer           46      10091      317                                   
18961015   0 -240 17652           Archer           26      10094      317                                   
18961016   0 -550 17712           Archer           26      10101      317                                   
18961017   0 -732 17845           Archer           46      10098      317                                   
18961018   0 -732 17845           Archer           10      10086      328                                   
18961019   0 -732 17845           Archer           10      10081      322                                   
18961020   0 -840 17829           Archer           26      10081      322                                   
18961021   0 -840 17829           Archer           46      10082      317                                   
18961022   0 -840 17829           Archer           46      10079      311                                   
18961023   0-1050 17650           Archer           67      10086      294                                   
18961024   0-1318 17515           Archer           93      10093      278                                   
18961025 100-1621 17243           Archer           46      10101      278                                   
18961026 100-1950 17033           Archer           46      10095      267                                   
18961027 100-2214 16816           Archer           46      10125      256                                   
18961028 100-2438 16424           Archer           46      10137      233                                   
18961029 100-2641 16216           Archer           26      10126      289                                   
18961030 100-2850 15920           Archer           67      10118      244                                   
18961031 200-3150 15543           Archer           93      10101      217                                   
189611 1 200-3247 15310           Archer           67      10182      183                                   
18961126 200-3224 15440           Archer           67      10137      250                                   
18961127 200-3070 15725           Archer           46      10139      250                                   
18961128 100-2741 16041           Archer           10      10152      256                                   
18961129 100-2542 16350           Archer           46      10136      244                                   
18961130 100-2390 16658           Archer           10      10113      256                                   
189612 1 100 2015 16940           Archer           67      10105      267                                   
189612 2 100-1807 17015           Archer           46      10106      272                                   
189612 3   0 1518 17343           Archer           46      10097      278                                   
189612 4   0 1242 17629           Archer           46      10098      306                                   
189612 5   0-1020 17960           Archer           46      10100      311                                   
189612 6   0 -920 17948           Archer           46      10093      311                                   
189612 7   0 -920 17948           Archer           46      10084      306                                   
189612 8   0 -830 17912           Archer           26      10073      311                                   
189612 9   0 -732 17845           Archer           46      10083      306                                   
18961210   0 -800 17823           Archer           26      10087      306                                   
18961211   0 -800 17823           Archer           26      10072      311                                   
18961212   0 -712 17713           Archer           26      10070      306                                   
18961213   0 -606 17720           Archer           46      10080      306                                   
18961214   0 -618 17623           Archer           46      10073      306                                   
18961215   0 -305 17538           Archer           46      10072      306                                   
18961216   0 -154 17530           Archer           10      10068      311                                   
18961217   0 -120 17628           Archer           26      10085      311                                   
18961218   0 -127 17557           Archer           26      10065      328                                   
18961219   0 -112 17441           Archer           10      10045      306                                   
18961220   0  -48 17427           Archer           26      10046      322                                   
18961221   0  -48 17427           Archer           46      10048      311                                   
18961222   0  -48 17427           Archer           26      10062      306                                   
18961223   0  124 17350           Archer           67      10056      306                                   
18961224   0  124 17350           Archer           67      10056      306                                   
18961225   0  124 17350           Archer           26      10050      317                                   
18961226   0  124 17350           Archer           26      10061      311                                   
18961227   0  130 17360           Archer           67      10040      300                                   
18961228   0   20 17351           Archer           46      10049      306                                   
18961229   0   20 17351           Archer           46      10063      300                                   
18961230   0   20 17351           Archer           26      10080      300                                   
18961231   0   20 17351           Archer           26      10080      300                                   
1897 1 1   0   20 17321           Archer           46      10052      306                                   
1897 1 2   0  100 17300           Archer           67      10048      289                                   
1897 1 3   0  100 17300           Archer           46      10078      289                                   
1897 1 4   0  146 17257           Archer           46      10084      294                                   
1897 1 5   0  146 17257           Archer           10      10089      306                                   
1897 1 6   0  230 17317           Archer           46      10082      311                                   
1897 1 7   0  230 17317           Archer           26      10071      317                                   
1897 1 8 100  340 17244           Archer           26      10072      311                                   
1897 1 9 100  340 17244           Archer           10      10079      289                                   
1897 110 100  136 17019           Archer           10      10073      300                                   
1897 111 100  -22 16712           Archer           26      10073      300                                   
1897 112 100  -33 16655           Archer           26      10072      306                                   
1897 113 100  -33 16655           Archer           46      10062      306                                   
1897 114 100  210 16745           Archer           67      10081      294                                   
1897 115 100  456 16841           Archer           67      10063      300                                   
1897 116 100  456 16841           Archer           46      10084      300                                   
1897 117 100  456 16841           Archer           46      10052      306                                   
1897 118 100  535 16806           Archer           46      10069      306                                   
1897 119 100  555 16939           Archer           46      10085      311                                   
1897 120 100  790 17113           Archer           46      10073      306                                   
1897 121 100  790 17113           Archer           26      10063      306                                   
1897 122 100  790 17113           Archer           46      10072      311                                   
1897 123 100  740 17144           Archer           46      10070      306                                   
1897 124 100  740 17144           Archer           67      10075      294                                   
1897 125 100  740 17144           Archer           93      10074      300                                   
1897 126 100  740 17144           Archer           67      10071      300                                   
1897 127 100  740 17144           Archer           67      10072      294                                   
1897 128 100  610 17140           Archer           67      10075      294                                   
1897 129 100  555 16939           Archer           67      10073      306                                   
1897 130 100  429 17125           Archer           46      10073      306                                   
1897 131 100  340 17244           Archer           26      10069      306                                   
