1893 212 200 -709 10495           Argus            67      10214      267                                   
1893 213 200-1047 10603           Argus            93      10197      256                                   
1893 214 200-1411 10711           Argus            10      10218      256                                   
1893 215 200-1742 10814           Argus            10      10257      272                                   
1893 216 200-2067 10945           Argus            26      10255      256                                   
1893 217 200-2393 11106           Argus            67      10267      239                                   
1893 218 200-2718 11154           Argus           154      10271      228                                   
1893 219 200-2949 11244           Argus           123      10311      244                                   
1893 220 100-3252 11403           Argus           123      10355      239                                   
1893 221 100-3403 11618           Argus           190      10361      211                                   
1893 222 100-3555 11941           Argus           154      10295      211                                   
1893 223 100-3625 12324           Argus           154      10275      211                                   
1893 224   0-3676 12800           Argus            93      10278      194                                   
1893 225   0-3728 13300           Argus           123      10278      200                                   
1893 226   0-3759 13733           Argus            67      10394      150                                   
1893 227   0-3833 14158           Argus           123                 156                                   
1893 3112300-3229 15235           Argus           123      10426      211                                   
1893 3122300-2826 15342           Argus           154      10383      211                                   
1893 3132300-2440 15325           Argus           154      10314      244                                   
1893 3142300-2137 15024           Argus           123      10271      244                                   
1893 3152300-1930 14707           Argus           123      10258      233                                   
1893 3162300-1645 14554           Argus            67      10264      250                                   
1893 3172300-1407 14411           Argus            67      10225      256                                   
1893 3182300-1213 14315           Argus            93      10216      267                                   
1893 320   0-1044 14207           Argus            46      10219      283                                   
1893 321   0-1038 13758           Argus            93      10204      294                                   
1893 322   0-1074 13351           Argus            26      10216      261                                   
1893 323   0-1110 12945           Argus            67      10208      267                                   
1893 324   0-1122 12876           Argus                    10207      278                                   
1893 325   0-1135 12806           Argus                    10199      283                                   
1893 326 100-1147 12737           Argus            26      10190      294                                   
1893 327 100-1118 12337           Argus            46      10218      289                                   
1893 328 100-1042 11916           Argus            67      10206      278                                   
1893 329 100 -847 11544           Argus            67      10222      261                                   
1893 330 100 -637 11321           Argus            67      10219      278                                   
1893 331 200 -601 10930           Argus            67      10217      289                                   
1893 4 1 200 -441 10805           Argus            67      10222      278                                   
1893 4 2 200 -281 10680           Argus            67      10220      267                                   
1893 4 3 200 -122 10555           Argus            46      10233      267                                   
1893 4 4 200   38 10430           Argus            26      10226      272                                   
