188910 1   0 3484 13848           Austral                             172                                   
1892 4221000 3023  3254           Austral          26      10095      206                                   
1892 4231000 2519  3531           Austral          93      10116      244                                   
1892 424 900 2015  3835           Austral          67      10108      289                                   
1892 425 900 1525  4146           Austral          46      10089      267                                   
1892 426 900 1217  4525           Austral          10      10058      283                                   
1892 427 900 1206  5056           Austral          26      10068      283                                   
1892 428 800 1107  5630           Austral          46      10088      283                                   
1892 429 800 1015  6113           Austral          46      10091      283                                   
1892 430 800  926  6623           Austral          46      10089      294                                   
1892 5 1 700  833  7113           Austral          10      10092      294                                   
1892 5 2 700  736  7612           Austral          26      10082      294                                   
1892 5 3 700  656  7950           Austral          26      10062      289                                   
1892 5 4 700  334  8139           Austral          46      10073      283                                   
1892 5 5 600  -30  8510           Austral          46      10072      289                                   
1892 5 6 600 -520  8831           Austral          67      10083      283                                   
1892 5 7 600 -919  9159           Austral          93      10092      278                                   
1892 5 8 600-1370  9455           Austral          93      10113      278                                   
1892 5 9 500-1648  9757           Austral          93      10138      261                                   
1892 510 500-2047 10153           Austral          67      10174      239                                   
1892 511 500-2457 10590           Austral          26      10174      211                                   
1892 512 500-2913 10980           Austral          10      10171      211                                   
1892 513 400-3324 11326           Austral          67      10140      178                                   
1892 514 400-3502 11754           Austral         123      10229      156                                   
1892 5141600-3508 11994           Austral                                                                   
1892 515 400-3514 12234           Austral          67      10278      128                                   
1892 5151000-3514 12234           Austral          93      10263      117                                   
1892 5151600-3514 12234           Austral          67      10262      122                                   
1892 5152200-3514 12234           Austral          67      10246      117                                   
1892 516 400-3514 12234           Austral          67      10257      133                                   
1892 5161000-3514 12234           Austral          67      10209      133                                   
1892 8121000 2922  3360           Austral          67      10054      267                                   
1892 8131000 2431  3650           Austral          67       9995      339                                   
1892 814 900 1940  3940           Austral          26      10016      317                                   
1892 815 900 1448  4275           Austral          26       9999      322                                   
1892 816 900 1243  4611           Austral          46      10048      306                                   
1892 817 900 1239  5220           Austral          67      10047      267                                   
1892 818 800 1145  5750           Austral         123      10056      256                                   
1892 819 800 1023  6322           Austral          93      10054      261                                   
1892 820 700  900  6912           Austral          67      10049      272                                   
1892 821 700  749  7459           Austral          93      10063      267                                   
1892 823 700  447  8045           Austral          93      10021      250                                   
1892 824 600   19  8400           Austral          93      10043      278                                   
1892 825 600 -352  8747           Austral          26      10058      289                                   
1892 826 600 -870  9100           Austral          10      10059      289                                   
1892 827 600-1149  9420           Austral         123      10092      239                                   
1892 828 200-3811 14633           Austral          67      10145     -111                                   
1892 828 600-1520  9657           Austral         123      10138      217                                   
1892 829 500-1960 10010           Austral          67      10170      200                                   
1892 830 500-2245 10318           Austral          46      10178      200                                   
1892 831 500-2644 10712           Austral          46      10188      178                                   
1892 9 1 300-3704 13704           Austral          46      10235     -100                                   
1892 9 1 500-3032 11034           Austral          67      10147      161                                   
1892 9 11900-3674 13574           Austral          10      10182     -106                                   
1892 9 12300-3645 13444           Austral          10      10180      -94                                   
1892 9 2 300-3615 13314           Austral          10      10191      -78                                   
1892 9 2 400-3358 11410           Austral          93      10135      189                                   
1892 9 21900-3586 13185           Austral          26      10206      -94                                   
1892 9 22300-3556 13055           Austral          26      10205      -89                                   
1892 9 3 300-3527 12925           Austral          26      10205      -89                                   
1892 9 3 400-3550 11827           Austral         123      10041      194                                   
1892 9 32000-3524 12688           Austral          46      10075     -111                                   
1892 9 4   0-3520 12451           Austral         154      10102     -111                                   
1892 9 4 400-3525 12450           Austral         154      10087      117                                   
1892 9 4 400-3517 12214           Austral         190      10155     -111                                   
1892 9 41900-3540 12900           Austral         154      10070      100                                   
1892 9 42000-3513 11746           Austral         123      10194     -106                                   
1892 9 5   0-3513 11644           Austral          67      10248     -106                                   
1892 9 5 300-3542 13114           Austral         190      10029      106                                   
1892 9 5 400-3467 11467           Austral          46      10286     -100                                   
1892 9 5 700-3544 13328           Austral         190      10016      122                                   
1892 9 52000-3420 11290           Austral           0      10273     -100                                   
1892 9 6 100-3374 11113           Austral          10      10272     -100                                   
1892 9 6 500-3328 10936           Austral          10      10270      -89                                   
189212161000 3038  3121           Austral          26      10130      222                                   
189212171000 2659  3425           Austral          67      10110      222                                   
189212181000 2280  3729           Austral          10      10074      261                                   
18921219 900 1717  4028           Austral          67      10111      283                                   
18921220 900 1245  4319           Austral          67      10116      261                                   
18921221 900 1211  4845           Austral          93      10144      250                                   
18921222 800 1142  5415           Austral          67      10131      250                                   
18921223 800 1037  5954           Austral          67      10115      261                                   
18921224 800  942  6510           Austral          46      10113      272                                   
18921225 700  844  7040           Austral          26      10102      278                                   
18921226 700  737  7610           Austral          26      10084      278                                   
18921226 800  737  7610           Austral          93      10083      267                                   
18921226 900  737  7610           Austral          67      10083      267                                   
18921227 700  537  7950           Austral          67      10098      294                                   
18921228 700  337  8150           Austral          67      10081      272                                   
18921229 600  -42  8511           Austral          26      10076      283                                   
18921230 600 -570  8857           Austral          26      10077      278                                   
18921231 600 -927  9210           Austral          26      10112      278                                   
1893 1 1 600-1332  9534           Austral          67      10082      261                                   
1893 1 2 500-1734  9940           Austral          93      10090      244                                   
1893 1 3 500-2131 10234           Austral          93      10095      228                                   
1893 1 4 500-2544 10552           Austral         154      10103      222                                   
1893 1 5 500-2900 10859           Austral         123      10053      211                                   
1893 1 52000-3600 11474           Austral          67      10204      -78                                   
1893 1 6   0-3500 11265           Austral          67      10176      -78                                   
1893 1 6 500-3230 11229           Austral         154      10049      211                                   
1893 1 6 500-3400 11057           Austral          46      10160      -67                                   
1893 1 62100-3300 10849           Austral         123      10189      -83                                   
1893 1 7 100-3200 10640           Austral         123      10188      -83                                   
1893 1 7 400-3510 11724           Austral         123      10064      194                                   
1893 1 7 500-3100 10432           Austral          93      10213      -78                                   
1893 1 7 800-3510 11724           Austral          93      10074      178                                   
1893 1 72100-3000 10229           Austral          67      10238      -72                                   
1893 1 8 100-2900 10025           Austral          67      10237      -72                                   
1893 1 8 400-3517 12214           Austral          67      10066      167                                   
1893 1 8 500-2800  9822           Austral          67      10261      -61                                   
1893 1 82200-2686  9625           Austral          46      10234      -67                                   
1893 1 9 200-2572  9427           Austral          46      10234      -67                                   
1893 1 9 300-3533 12833           Austral          93      10039      244                                   
1893 1 9 600-2458  9230           Austral          67      10229      -44                                   
1893 1 91100-3535 13034           Austral          93      10070      183                                   
1893 1 92200-2376  9032           Austral          46      10229      -50                                   
1893 110 200-3533 13439           Austral          46      10110      206                                   
1893 110 200-2294  8833           Austral          26      10230      -56                                   
1893 110 600-2212  8635           Austral          46      10200      -42                                   
1893 1101500-3604 13439           Austral          67      10082      172                                   
1893 1102200-2115  8439           Austral          26      10188      -50                                   
1893 111 200-3676 13439           Austral          26                                                       
1893 111 300-2019  8242           Austral          46      10199      -42                                   
1893 111 700-3747 13794           Austral          46      10083      194                                   
1893 111 700-1922  8046           Austral          67      10183      -31                                   
1893 1112300-1823  7869           Austral          46      10157      -39                                   
1893 112 200-3819 14150           Austral          26      10072      183                                   
1893 112 300-1724  7691           Austral          46      10156      -33                                   
1893 112 700-1625  7514           Austral          46      10154      -22                                   
1893 1122300-1522  7325           Austral          26      10156      -39                                   
1893 113 300-1419  7135           Austral          26      10140      -28                                   
1893 113 700-1316  6946           Austral          46      10134      -33                                   
1893 1131400-3827 14340           Austral         123      10140      161                                   
1893 1132300-1215  6767           Austral                  10127      -36                                   
1893 114 100-3834 14530           Austral         123      10112      228                                   
1893 114 400-1113  6587           Austral                  10127      -36                                   
1893 114 800-1012  6408           Austral          10      10139      -28                                   
1893 1141800-3842 14721           Austral          67      10131      156                                   
1893 115   0 -927  6257           Austral          26      10099      -31                                   
1893 115 200-3850 14911           Austral          46      10138      194                                   
1893 115 400 -842  6106           Austral          26      10112      -31                                   
1893 115 800 -757  5955           Austral          46      10114      -42                                   
1893 116 200-3858 15101           Austral          46      10086      267                                   
1893 126 100 2777  3915           Austral                                                                   
1893 126 600 2868  3695           Austral          93      10192     -125                                   
1893 1261000 2959  3474           Austral          67      10218     -117                                   
1893 127 200 3050  3253           Austral         123      10233     -122                                   
1893 127 600 3141  3033           Austral          93      10231     -106                                   
1893 1271000 3232  2812           Austral          93      10259     -106                                   
1893 128 200 3323  2591           Austral          26      10220     -111                                   
1893 128 600 3414  2371           Austral          10      10221     -111                                   
1893 1281100 3505  2150           Austral          26      10222     -111                                   
1893 129 300 3596  1929           Austral          10      10262     -106                                   
1893 129 700 3687  1709           Austral           0      10276     -106                                   
1893 1291100 3778  1488           Austral           0      10290     -106                                   
1893 130 200-3799 15040           Austral          93      10111      233                                   
1893 130 300 3869  1267           Austral           0      10293     -117                                   
1893 130 700 3960  1047           Austral           0      10291     -100                                   
1893 1301100 4051   826           Austral           0      10292     -100                                   
1893 131 400 4142   605           Austral           0      10295     -117                                   
1893 131 800 4233   385           Austral           0      10309     -111                                   
1893 1311200 4324   164           Austral           0      10324     -117                                   
1893 2 1 200-3813 14838           Austral          93      10120      222                                   
1893 2 2 200-3827 14636           Austral          46      10056      306                                   
1893 2 3 200-3841 14434           Austral          67      10048      311                                   
1893 2 4 300-3856 14233           Austral          93      10041      250                                   
1893 2 5 300-3870 14031           Austral          67      10102      167                                   
1893 2 6 300-3785 13373           Austral          67      10074      189                                   
1893 2 7 400-3700 12715           Austral          26      10079      194                                   
1893 2 8 400-3615 12058           Austral           0       9997      261                                   
1893 2 81400-3530 11400           Austral         154       9946      200                                   
1893 2 9 300-3522 13253           Austral         123      10111      178                                   
1893 210 400-3517 12643           Austral           0      10146      189                                   
1893 211 400-3510 12080           Austral          93      10055      211                                   
1893 2111600-3477 11797           Austral         154      10108      172                                   
1893 212 400-3445 11515           Austral         154      10108      211                                   
1893 213 500-3015 11031           Austral         123      10075      250                                   
1893 2131700-3015 11031           Austral         123      10062      244                                   
1893 214 500-2554 10631           Austral          93      10038      228                                   
1893 2141700-2554 10631           Austral          46      10072      222                                   
1893 215 500-2131 10310           Austral          46      10104      239                                   
1893 216 500-1719  9918           Austral          67      10088      261                                   
1893 217 600-1300  9533           Austral          46      10047      289                                   
1893 218 600 -848  9216           Austral          67      10058      278                                   
1893 219 600 -433  8851           Austral          46      10084      278                                   
1893 220 600  -12  8523           Austral          10      10094      278                                   
1893 221 700  430  8120           Austral          46      10105      272                                   
1893 222 300  872  7717           Austral           0      10092      278                                   
1893 313 100 1248  4510           Austral          10      10181      -39                                   
1893 313 500 1248  4510           Austral          26      10180      -33                                   
1893 313 900 1248  4510           Austral          26      10166      -28                                   
1893 314 100 1238  4615           Austral          10      10168      -39                                   
1893 314 500 1228  4721           Austral          10      10181      -39                                   
1893 314 900 1218  4826           Austral          10      10194      -33                                   
1893 315 100 1027  4892           Austral          10      10166      -33                                   
1893 315 500  837  4957           Austral          10                 -28                                   
1893 315 900  646  5023           Austral          26      10177      -22                                   
1893 316 100  444  5062           Austral           0      10138      -33                                   
1893 316 500  241  5102           Austral          10      10135      -17                                   
1893 316 900   39  5141           Austral          10      10161      -11                                   
1893 317 100  -69  5219           Austral           0      10150      -28                                   
1893 317 400 -177  5296           Austral          10                                                       
1893 317 800 -285  5374           Austral          26      10173       -6                                   
1893 318   0 -394  5452           Austral          10      10151      -28                                   
1893 318 400 -502  5529           Austral          10      10137      -28                                   
1893 318 800 -610  5607           Austral           0      10136      -17                                   
1893 319   0 -721  5756           Austral           0      10110      -22                                   
1893 319 400 -832  5905           Austral           0      10137      -22                                   
1893 319 800 -943  6054           Austral           0                 -22                                   
1893 320   0-1069  6215           Austral          10      10112      -28                                   
1893 320 400-1195  6375           Austral          26                 -28                                   
1893 320 800-1321  6536           Austral          67      10141      -33                                   
1893 321   0-1414  6697           Austral          93      10087      -28                                   
1893 321 300-1507  6857           Austral          93      10087      -28                                   
1893 321 700-1600  7018           Austral          93      10128      -28                                   
1893 3212300-1700  7158           Austral          93      10129      -33                                   
1893 322 300-1800  7298           Austral          93      10155      -28                                   
1893 322 700-1900  7438           Austral          93      10169      -28                                   
1893 3222300-2139  7936           Austral          67      10185      -33                                   
1893 323 300-2139  7936           Austral          93      10211      -28                                   
1893 323 700-2139  7936           Austral          93      10224      -28                                   
1893 3232300-2139  7936           Austral          93      10214      -50                                   
1893 324 300-2139  7936           Austral          93      10227      -44                                   
1893 324 600-2410  8443           Austral          93      10255      -44                                   
1893 3242200-2510  8614           Austral          67      10271      -56                                   
1893 325 200-2611  8784           Austral          67      10260      -61                                   
1893 325 600-2711  8955           Austral          67      10260      -61                                   
1893 3252200-2792  9170           Austral          46      10236      -72                                   
1893 326 200-2872  9385           Austral          46      10249      -67                                   
1893 326 600-2953  9600           Austral          67      10250      -67                                   
1893 3262100-3038  9808           Austral          26      10239      -78                                   
1893 327 100-3123 10016           Austral          26      10253      -78                                   
1893 327 500-3208 10224           Austral          26      10252      -67                                   
1893 3272100-3246 10453           Austral          26      10228      -83                                   
1893 328 100-3285 10683           Austral          46      10230      -89                                   
1893 328 500-3323 10912           Austral          93      10243      -89                                   
1893 3282100-3361 11173           Austral          67      10257      -89                                   
1893 329 400-3400 11435           Austral          26      10256      -83                                   
1893 3292000-3438 11696           Austral          10      10259      -94                                   
1893 330   0-3477 11958           Austral          26      10258      -89                                   
1893 330 400-3515 12219           Austral          26      10256      -78                                   
1893 3302000-3515 12219           Austral          93      10219      -94                                   
1893 331   0-3520 12583           Austral         123      10206      -94                                   
1893 331 300-3526 12947           Austral         154      10219      -94                                   
1893 8 81000-3239 15036           Austral           0                                                       
1893 8 91800-2727 15741           Austral         123                                                       
1893 810 100-2618 15916           Austral          67                                                       
1893 810 900-2509 16044           Austral          10                                                       
1893 8101700-2400 16240           Austral           0                                                       
1893 8141700-2228 16646           Austral                                                                   
1893 815 100-2326 16437           Austral          26      10209      230                                   
1893 815 900-2425 16227           Austral          10      10188      200                                   
1893 8161700-2523 16018           Austral           0                                                       
1893 817 100-2708 15805           Austral          67                                                       
1893 8171000-2819 15592           Austral          67                                                       
1893 8261000 2525  3532           Austral          67      10037      353                                   
1893 827 900 2030  3827           Austral          67      10048      328                                   
1893 828 900 1550  4124           Austral          46      10038      331                                   
1893 829 900 1224  4520           Austral          26      10028      283                                   
1893 830 900 1259  5039           Austral           0      10023      292                                   
1893 831 800 1222  5633           Austral         123      10050      253                                   
1893 9 1 800 1047  6210           Austral          93      10087      250                                   
1893 9 2 700  929  6753           Austral          26      10090      267                                   
1893 9 3 700  811  7324           Austral          46      10085      275                                   
1893 9 4 700  780  7920           Austral          46      10063      267                                   
1893 9 5 700  693  7984           Austral          26      10061      278                                   
1893 9 6 700  435  8100           Austral          46      10089      244                                   
1893 9 7 600   15  8442           Austral          67      10077      278                                   
1893 9 8 600 -475  8810           Austral          26      10083      244                                   
1893 9 81800-1010  9253           Austral          46      10075      256                                   
1893 9 9 600 -813  9119           Austral          10      10042      253                                   
1893 9 91800-1010  9253           Austral         190      10072      233                                   
1893 910 600-1280  9429           Austral           0      10074      247                                   
1893 9101000-1280  9428           Austral         123      10086      239                                   
1893 9101400-1280  9428           Austral         190      10106      239                                   
1893 9101800-1530  9713           Austral         123      10157      222                                   
1893 9102200-1280  9713           Austral         154      10104      231                                   
1893 911 500-1405  9713           Austral         154      10105      231                                   
1893 911 600-1530  9713           Austral          93      10104      239                                   
1893 9111000-1530  9713           Austral         123      10095      231                                   
1893 9111700-1750  9865           Austral         123      10158      222                                   
1893 912 500-1970 10017           Austral          93      10166      222                                   
1893 913 500-2330 10548           Austral          26      10202      200                                   
189311301900-3525 13020           Austral          46      10315     -106                                   
189312 1 300-3523 13233           Austral          67      10326      -94                                   
189312 11100-3523 13500           Austral          67      10295     -100                                   
189312 11900-3519 13526           Austral          26      10193     -100                                   
189312 2 300-3515 13552           Austral          46      10285      -89                                   
189312 21100-3652 13656           Austral          67      10282      -94                                   
189312 21900-3817 13830           Austral          26      10289      -94                                   
189312 3 300-3847 14053           Austral          46      10274      -83                                   
189312 31100-3840 14149           Austral           0      10261      -89                                   
189312 31900-3833 14245           Austral           0      10249      -94                                   
189312 4 200-3826 14340           Austral          10      10238      -31                                   
189312 41000-3820 14436           Austral          10      10217      -67                                   
189312 41800-3813 14532           Austral           0      10180      -83                                   
189312 5 200-3806 14628           Austral          10      10191      -68                                   
189312 51000-3640 14803           Austral          10      10162      -67                                   
189312 51800-3446 14846           Austral          26      10122      -72                                   
189312 6 200-3252 14889           Austral          46      10126      -29                                   
189312 61000-3058 14932           Austral          67      10157      -67                                   
189312 61800-2864 14975           Austral          46                 -72                                   
189312 7 200-2670 15018           Austral          26      10175      -33                                   
18931216 300  659 13235           Austral          26      10117      222                                   
1894 1 8 100-4448  4822           Austral          46      10143      122                                   
1894 1 8 500-4448  4822           Austral          67      10131      117                                   
1894 1 8 900-4448  4822           Austral          93      10112      128                                   
1894 1 81300-4448  4822           Austral          93      10093      117                                   
1894 1 81700-4448  4822           Austral          93      10110       94                                   
1894 1 82000-4541  5520           Austral          93      10108       89                                   
1894 1 9   0-4541  5520           Austral         123      10108       89                                   
1894 1 9 400-4541  5520           Austral         123      10092       83                                   
1894 1 9 800-4541  5520           Austral         123      10078      100                                   
1894 1 91200-4541  5520           Austral         123      10080       83                                   
1894 1 91600-4541  5520           Austral         190      10083       72                                   
1894 1 91900 1386  7683           Austral          67      10103      261                                   
1894 1 92000-4549  5736           Austral         190      10082       78                                   
1894 1 92300 1259  7744           Austral           0      10080      272                                   
1894 110   0-4549  5952           Austral         154      10094       78                                   
1894 110 300 1133  7806           Austral          10      10082      278                                   
1894 110 400-4549  6168           Austral         154      10100       78                                   
1894 110 700 1006  7868           Austral          10      10083      289                                   
1894 110 800-4549  6384           Austral         190      10108      117                                   
1894 1101100  879  7930           Austral          10      10056      289                                   
1894 1101200-4549  6600           Austral         154      10105       89                                   
1894 1101500  753  7992           Austral          67      10093      267                                   
1894 1101500-4549  6816           Austral         154      10122       78                                   
1894 1101900  626  8053           Austral          10      10096      269                                   
1894 1101900-4929  7032           Austral         154      10122       78                                   
1894 1102300  499  8115           Austral          46      10078      272                                   
1894 1102300-4929  7032           Austral         123      10137       72                                   
1894 111 300  373  8177           Austral          46      10091      272                                   
1894 111 300-4929  7032           Austral         154      10140       67                                   
1894 111 700  246  8239           Austral          46      10085      267                                   
1894 111 700-4929  7032           Austral         154      10157       89                                   
1894 1111000  119  8301           Austral          26      10065      267                                   
1894 1111100-4929  7032           Austral         123      10153       83                                   
1894 1111400   -7  8363           Austral          10      10082      269                                   
1894 1111500-4929  7032           Austral          67                  78                                   
1894 1111800 -134  8424           Austral          26      10081      272                                   
1894 1111900-4829  7753           Austral          67      10144       89                                   
1894 1112200 -134  8486           Austral          10      10065      267                                   
1894 1112300-4728  7753           Austral          67      10137      106                                   
1894 112 200 -134  8548           Austral          26      10079      267                                   
1894 112 300-4628  7753           Austral          93      10108      111                                   
1894 112 600 -134  8610           Austral          26      10070      278                                   
1894 112 700-4528  7753           Austral         123      10084      117                                   
1894 1121000 -134  8672           Austral          10      10050      278                                   
1894 1121100-4428  7753           Austral         123      10061      117                                   
1894 1121400 -134  8734           Austral          10      10070      278                                   
1894 1121500-4327  7753           Austral         123      10072      111                                   
1894 1121800 -134  8796           Austral          46      10072      264                                   
1894 1121900-4519  8244           Austral         123                 122                                   
1894 1121900-4227  7753           Austral         123                 106                                   
1894 1122200 -134  8858           Austral          26      10061      272                                   
1894 1122200-4519  8353           Austral         123                                                       
1894 113 200 -558  8920           Austral          67      10076      264                                   
1894 113 200-4519  8461           Austral         123      10091      100                                   
1894 113 600 -615  9052           Austral          67      10078      275                                   
1894 113 600-4519  8570           Austral         123      10095      128                                   
1894 1131000 -672  9183           Austral          67      10046      289                                   
1894 1131000-4519  8678           Austral         123      10079      133                                   
1894 1131400 -729  9315           Austral          67      10061      256                                   
1894 1131400-4519  8787           Austral         123      10066      117                                   
1894 1131800 -785  9447           Austral          26      10066      269                                   
1894 1131800-4519  8895           Austral          46                 111                                   
1894 1132200 -842  9579           Austral          10      10055      256                                   
1894 1132200-4519  9004           Austral         123      10034      117                                   
1894 114 200 -899  9710           Austral          10      10063      267                                   
1894 114 200-4519  9112           Austral         123      10042      122                                   
1894 114 500 -956  9842           Austral          10      10052      272                                   
1894 114 600-4519  9221           Austral         123      10049      139                                   
1894 114 900 -956  9842           Austral          10      10039      272                                   
1894 1141000-4521  9338           Austral         123      10061      128                                   
1894 1141300 -956  9842           Austral          10      10060      269                                   
1894 1141400-4524  9455           Austral          46      10076      122                                   
1894 1141800-4526  9572           Austral         123                 128                                   
1894 1142200-4528  9690           Austral          46      10089      122                                   
1894 115 100-4531  9807           Austral          67      10101      111                                   
1894 115 500-4533  9924           Austral          93      10095      128                                   
1894 115 900-4532 10055           Austral          93      10091      128                                   
1894 1151300-4531 10186           Austral         123                 128                                   
1894 1151700-4529 10317           Austral         123                 144                                   
1894 1152100-4528 10449           Austral         123      10094      133                                   
1894 116   0 -530  5452           Austral          10      10151      -31                                   
1894 116 100-4527 10580           Austral         123                 128                                   
1894 116 500-4526 10711           Austral         123      10108      150                                   
1894 116 800 -530  5452           Austral          10      10147       -6                                   
1894 116 900-4491 10832           Austral         123      10106      144                                   
1894 1161300-4456 10954           Austral         123      10114      139                                   
1894 1161600 -530  5452           Austral           0      10150      -22                                   
1894 1161700-4420 11075           Austral         123                 144                                   
1894 1162100-4385 11197           Austral         123                 144                                   
1894 117   0-4350 11318           Austral         123                 139                                   
1894 117   0 -300  5300           Austral           0      10137      -28                                   
1894 117 400-4315 11440           Austral         123      10119      150                                   
1894 117 800-4280 11561           Austral         123      10101      144                                   
1894 117 800 -300  5300           Austral          26      10150      -22                                   
1894 1171200-4245 11683           Austral         123      10088      139                                   
1894 1171700 -105  5225           Austral          26      10137      -28                                   
1894 118 100   42  5155           Austral          10      10139      -39                                   
1894 118 900  253  5119           Austral          26      10151      -33                                   
1894 1181700  456  5045           Austral          26      10138      -33                                   
1894 119 100  649  5010           Austral          26      10153      -39                                   
1894 119 400-4219 12740           Austral         123      10111      156                                   
1894 119 500-2934 10932           Austral         154                                                       
1894 119 900  842  4959           Austral          46      10192      -33                                   
1894 1191600-3335 11333           Austral          26      10104      189                                   
1894 1191700 1044  4908           Austral          26      10155      -44                                   
1894 1192000-3335 11333           Austral         123      10109      178                                   
1894 120   0-3335 11333           Austral          67      10113      178                                   
1894 120 100 1226  4906           Austral           0      10181      -39                                   
1894 120 400-3335 11333           Austral          67      10116      178                                   
1894 120 800-3335 11333           Austral          67      10092      178                                   
1894 120 900 1226  4600           Austral          10      10182      -44                                   
1894 1201200-3335 11333           Austral          67      10097      189                                   
1894 1201600-3335 11333           Austral                                                                   
1894 1201700 1248  4400           Austral          10      10170      -50                                   
1894 1202000-3335 11333           Austral          67                                                       
1894 121   0-3335 11333           Austral          67      10122      183                                   
1894 121 100 1248  4315           Austral          10      10170      -50                                   
1894 121 300-3917 14011           Austral          46      10148      189                                   
1894 121 400-3335 11333           Austral          46      10132      206                                   
1894 121 800-3335 11333           Austral          67      10126      200                                   
1894 121 900 1248  4229           Austral          26      10180      -33                                   
1894 1211200-3335 11333           Austral          67      10167      178                                   
1894 1211600-3335 11333           Austral          67                 167                                   
1894 1211700 1222  4144           Austral          26      10169      -44                                   
1894 1212000-3335 11333           Austral          67      10125      167                                   
1894 122   0-3335 11333           Austral          93      10181      175                                   
1894 122 100 1353  4025           Austral          93      10156      -44                                   
1894 122 400-3524 12554           Austral         123      10179      175                                   
1894 122 800-3527 12554           Austral         123      10159      172                                   
1894 122 900 1537  3907           Austral          67      10169      -39                                   
1894 1221200-3529 12554           Austral         123      10167      164                                   
1894 1221600-3532 12554           Austral         123      10161      164                                   
1894 1221700 1718  3800           Austral          26      10158      -44                                   
1894 1222000-3535 12554           Austral         123      10153      167                                   
1894 123   0-3537 12554           Austral         123      10156      172                                   
1894 123 200 1900  3700           Austral           0      10145      -44                                   
1894 123 300-3540 13023           Austral         123      10151      183                                   
1894 123 700-3540 13023           Austral         123      10147      183                                   
1894 1231000 2049  3553           Austral          67      10174      -50                                   
1894 1231100-3540 13023           Austral         123      10153      172                                   
1894 1231500-3540 13023           Austral         123      10153      172                                   
1894 1231800 2237  3650           Austral          46      10165      -67                                   
1894 1231900-3540 13023           Austral         123      10120      167                                   
1894 1232300-3540 13023           Austral         154      10128      178                                   
1894 124 200 2395  3400           Austral          46      10181      -78                                   
1894 124 300-3543 13633           Austral         154      10109      208                                   
1894 124 700-3543 13633           Austral         154      10083      206                                   
1894 1241000 2553  3300           Austral          93      10194      -72                                   
1894 1241100-3543 13633           Austral          67      10074      217                                   
1894 1241500-3543 13633           Austral          46      10069      211                                   
1894 1241800 2726  3144           Austral          93      10198      -89                                   
1894 125 200 2900  2988           Austral          26      10243     -106                                   
1894 1251000 2900  2832           Austral          10      10191     -117                                   
1894 1251800 2900  2676           Austral           0      10258     -117                                   
1894 2 2 500-3958 15850           Austral         154      10039      189                                   
1894 3 82000-2100 11540           Austral          93      10155      294                                   
1894 5141900  882  7645           Austral          67      10085      278                                   
1894 515 700  802  7713           Austral          46      10059      289                                   
1894 5151100  722  7781           Austral          67      10048      294                                   
1894 5151500  642  7848           Austral          67      10078      294                                   
1894 5151900  561  7915           Austral          67      10084      278                                   
1894 5152300  481  7983           Austral          67      10078      272                                   
1894 516 300  401  8050           Austral          67      10080      278                                   
1894 516 700  321  8118           Austral          67      10067      278                                   
1894 5161100  241  8185           Austral          67      10050      278                                   
1894 5161400  161  8253           Austral          67      10080      278                                   
1894 5161800   80  8320           Austral          26      10071      311                                   
1894 5162200    0  8388           Austral           0      10061      272                                   
1894 517 200  -80  8455           Austral          26      10080      281                                   
1894 517 600 -160  8523           Austral          46      10079      283                                   
1894 5171000 -219  8575           Austral          46      10077      278                                   
1894 5171400 -279  8627           Austral          46      10074      278                                   
1894 5171800 -338  8679           Austral          46      10082      267                                   
1894 5172200 -397  8731           Austral          46      10055      267                                   
1894 518 200 -457  8783           Austral          67      10107      278                                   
1894 518 600 -516  8835           Austral          46      10097      283                                   
1894 5181000 -583  8888           Austral          67      10061      278                                   
1894 5181400 -649  8941           Austral          67      10078      275                                   
1894 5181800 -716  8994           Austral          67      10105      256                                   
1894 5182200 -783  9048           Austral          46      10059      267                                   
1894 519 200 -849  9101           Austral          26      10077      261                                   
1894 519 600 -916  9154           Austral          67      10088      261                                   
1894 5191000 -983  9207           Austral          26      10072      256                                   
1894 5191400-1049  9260           Austral          46      10086      253                                   
1894 5192200-1454  9472           Austral          67      10071      250                                   
1894 520 200-1482  9521           Austral          67      10092      267                                   
1894 520 600-1510  9570           Austral          67      10087      261                                   
1894 5201000-1538  9619           Austral          67      10073      261                                   
1894 5201400-1566  9668           Austral          67      10108      256                                   
1894 5202200-1595  9717           Austral          67      10101      239                                   
1894 521 100-1623  9766           Austral         123      10128      239                                   
1894 521 500-1651  9815           Austral          93      10122      256                                   
1894 521 900-1714  9864           Austral          93      10101      239                                   
1894 5211300-1776  9913           Austral          93      10136      233                                   
1894 5211700-1839  9962           Austral          93      10157      233                                   
1894 5212100-1902 10011           Austral         123      10134      211                                   
1894 522 100-1964 10060           Austral          93      10150      239                                   
1894 522 500-2027 10109           Austral          67      10150      239                                   
1894 522 900-2115 10158           Austral          93      10134      239                                   
1894 5221300-2203 10207           Austral          67                                                       
1894 5221700-2290 10256           Austral          67      10169      217                                   
1894 5222100-2378 10305           Austral          67      10168      206                                   
1894 523 100-2466 10354           Austral          67      10178      211                                   
1894 523 500-2554 10403           Austral          93      10172      211                                   
1894 523 900-2585 10452           Austral          67      10155      211                                   
1894 5231300-2616 10501           Austral          67      10179      211                                   
1894 5231700-2646 10550           Austral          93      10167      206                                   
1894 5232100-2677 10599           Austral         123      10174      206                                   
1894 524 100-2708 10648           Austral          93      10195      200                                   
1894 524 500-2739 10697           Austral          67      10181      206                                   
1894 524 900-2770 10746           Austral          67      10174      206                                   
1894 5241300-2801 10795           Austral          67      10196      200                                   
1894 5241700-2831 10844           Austral          46                 194                                   
1894 6 52300-4441  7720           Austral          46      10203      100                                   
1894 6 6 300-4441  7720           Austral          46      10197       94                                   
1894 6 6 700-4441  7720           Austral          26                 100                                   
1894 6 61100-4441  7720           Austral          26      10182       83                                   
1894 6 61500-4441  7720           Austral          46      10181       89                                   
1894 6 61900-4438  7880           Austral          46      10158       89                                   
1894 6 62300-4435  8039           Austral          46      10144       89                                   
1894 6 7 300-4433  8199           Austral          67      10123       94                                   
1894 6 7 600-4430  8359           Austral          67      10081      122                                   
1894 6 71000-4430  8359           Austral          93      10059      111                                   
1894 6 71400-4430  8359           Austral          93      10027      122                                   
1894 6 71800-4430  8359           Austral          93       9989      128                                   
1894 6 72200-4430  8359           Austral         154       9955      128                                   
1894 6 8 200-4430  8359           Austral         154       9929      122                                   
1894 6 8 600-4439  9100           Austral         154       9918      128                                   
1894 6 81000-4439  9100           Austral         123       9926      122                                   
1894 6 81400-4439  9100           Austral          67       9942      128                                   
1894 6 81800-4433  9253           Austral          46       9953      139                                   
1894 6 82200-4427  9406           Austral          46       9955      128                                   
1894 6 9 200-4421  9559           Austral          46       9966      122                                   
1894 6 9 600-4415  9712           Austral          46       9962      128                                   
1894 6 91000-4415  9712           Austral          46       9942      122                                   
1894 6 91400-4415  9712           Austral          93       9908      128                                   
1894 6 91800-4415  9712           Austral          93       9863      133                                   
1894 6 92200-4415  9712           Austral          67       9842      139                                   
1894 610 200-4415  9712           Austral          93       9806      128                                   
1894 610 500-4318 10258           Austral         123       9758      128                                   
1894 610 900-4221 10258           Austral         123       9744      128                                   
1894 6101300-4124 10258           Austral         154       9762      133                                   
1894 6101700-4027 10258           Austral         190       9778      133                                   
1894 7 31200 4312    10           Austral          26      10202      -28                                   
1894 7 32000 4256   265           Austral          10                                                       
1894 7 4 400 4200   520           Austral          26      10207      -61                                   
1894 7 41100 4067   775           Austral          26                                                       
1894 7 41900 3935  1030           Austral           0      10200      -39                                   
1894 7 5 300 3835  1240           Austral           0      10217      -67                                   
1894 7 51100 3732  1423           Austral          26                 -44                                   
1894 7 51900 3640  1640           Austral          26                                                       
1894 7 6 300 3550  1900           Austral          26                                                       
1894 7 61100 3510  2108           Austral          46                                                       
1894 7 61800 3415  2314           Austral          10                                                       
1894 7 7 200 3320  2526           Austral          26                 -50                                   
1894 7 71000 3224  2733           Austral          67      10151      -22                                   
1894 7 71800 3137  2794           Austral          26      10115      -50                                   
1894 7 8 200 3049  2856           Austral           0      10117      -67                                   
1894 7 81000 2962  2917           Austral           0      10108      -17                                   
1894 7 81800 2875  2979           Austral          26      10110      -33                                   
1894 7 9 200 2787  3040           Austral          46                 -44                                   
1894 7 91000 2700  3180           Austral          46      10092      -13                                   
1894 7 91800 2310  3321           Austral          26                                                       
1894 710 200 2315  3430           Austral          10                                                       
1894 7101000 2129  3535           Austral          26                                                       
1894 7101800 1943  3640           Austral           0                                                       
1894 711 200 1750  3745           Austral           0      10072       -6                                   
1894 711 900 1600  3855           Austral          26      10080       22                                   
1894 7111700 1415  4011           Austral          67      10096        0                                   
1894 712 100 1225  4130           Austral          93      10071      -17                                   
1894 712 900 1232  4225           Austral          26      10067       11                                   
1894 7121700 1240  4320           Austral          26      10071      -17                                   
1894 7222300-2142  7910           Austral          10      10218      -72                                   
1894 723 700-2227  8050           Austral          26      10231      -67                                   
1894 7231500-2337  8235           Austral          46      10234      -78                                   
1894 7232200-2430  8430           Austral          67      10250      -89                                   
1894 724 600-2520  8600           Austral          67      10263      -86                                   
1894 7241400-2610  8750           Austral          67      10263      -83                                   
1894 7242200-2715  8930           Austral          93      10265      -92                                   
1894 725 600-2800  9115           Austral          93      10279      -89                                   
1894 7251400-2900  9300           Austral          46      10282     -100                                   
1894 7252200-3000  9500           Austral          46      10282     -100                                   
1894 726 600-3036  9710           Austral          67      10295      -94                                   
1894 7261300-3112  9930           Austral          67      10296      -94                                   
1894 7262100-3200 10130           Austral          67      10284     -100                                   
1894 727 500-3252 10300           Austral          67      10297      -94                                   
1894 7271300-3320 10542           Austral          46      10284      -94                                   
1894 7272100-3349 10800           Austral          67      10258      -96                                   
1894 728 500-3437 11015           Austral          93      10244      -89                                   
1894 7281300-3500 11230           Austral         123      10205      -89                                   
1894 7282000-3502 11520           Austral         154      10180     -100                                   
1894 729 400-3505 11605           Austral         123      10180     -100                                   
1894 7291200-3510 11824           Austral          93      10234     -106                                   
1894 7292000-3515 12005           Austral          93      10246      -94                                   
1894 730 400-3520 12311           Austral         123      10285     -111                                   
1894 7301200-3525 12334           Austral          67      10275     -111                                   
1894 7301900-3530 12800           Austral          67      10276     -117                                   
1894 731 300-3532 13020           Austral          93      10275     -106                                   
1894 7311100-3535 13245           Austral          93      10235     -106                                   
189412281800-3430 14850           Austral          26      10104      -50                                   
189412291000-3530 14830           Austral          46      10135      -67                                   
189412291800-3726 14715           Austral          67      10169     -100                                   
18941230 200-3853 14600           Austral          67      10181      -89                                   
189412301000-3980 14622           Austral          26      10184     -100                                   
189412301800-3947 14471           Austral          10      10198     -106                                   
18941231 200-3913 14321           Austral          46      10216      -56                                   
189412311100-3879 14171           Austral                  10208      -89                                   
189412311900-3846 14020           Austral           0      10183     -100                                   
1895 1 1 300-3800 13800           Austral                  10193      -83                                   
1895 1 11100-3625 13732           Austral                  10150      -72                                   
1895 1 11900-3588 13665           Austral                  10109      -69                                   
1895 1 2 300-3551 13597           Austral           0      10087      -19                                   
1895 1 21100-3514 13530           Austral          10      10095      -67                                   
1895 1 21900-3530 13315           Austral          26      10070      -78                                   
1895 1 3 300-3518 13074           Austral         123      10072      -89                                   
1895 1 31100-3518 12833           Austral         123      10139      -94                                   
1895 1 32000-3518 12620           Austral         154      10140     -100                                   
1895 1 4 400-3500 12410           Austral          46      10191      -89                                   
1895 1 41200-3500 12145           Austral          10      10191      -89                                   
1895 1 42000-3510 11915           Austral          10      10192      -94                                   
1895 1 52000-3520 11685           Austral                                                                   
1895 1 6 400-3530 11455           Austral                             -78                                   
1895 1 61300-3540 11225           Austral                  10205      -89                                   
1895 118 900   56  5153           Austral          26      10151      -33                                   
1895 1181700  250  5125           Austral          26      10139      -39                                   
1895 119 100  643  5011           Austral          46      10153      -39                                   
1895 1191700  831  4949           Austral          46      10154      -44                                   
1895 120 100 1019  4886           Austral          67      10195      -44                                   
1895 120 900 1207  4824           Austral          46      10208      -39                                   
1895 1201700 1243  4689           Austral          67      10196      -44                                   
1895 121 100 1280  4553           Austral          46      10196      -44                                   
1895 121 900 1316  4418           Austral          26      10194      -33                                   
1895 1211700 1352  4283           Austral          26      10195      -39                                   
1895 122 100 1389  4147           Austral          67      10183      -44                                   
1895 122 900 1425  4012           Austral          93      10181      -33                                   
1895 1221700 1592  3908           Austral          26      10183      -39                                   
1895 123 100 1760  3804           Austral          26      10186      -50                                   
1895 1231000 1927  3700           Austral          26      10171      -39                                   
1895 1231800 2079  3550           Austral          46      10174      -50                                   
1895 1241000 2231  3400           Austral           0      10216      -56                                   
1895 1241800 2383  3321           Austral           0      10206      -72                                   
1895 125 200 2535  3242           Austral          10      10200     -106                                   
1895 1251000 2688  3163           Austral           0      10199      -94                                   
1895 1251800 2840  3084           Austral           0      10165     -122                                   
1895 126 200 2992  3005           Austral           0      10170     -144                                   
1895 1261000 3144  2926           Austral           0      10177     -100                                   
1895 1261800 3296  2926           Austral           0      10182     -122                                   
1895 127 200 3448  2926           Austral           0      10175     -156                                   
1895 1271000 3600  2926           Austral          10      10182     -106                                   
1895 1271800 3752  2926           Austral           0      10183     -106                                   
1895 2 1 400 1130  6395           Austral          10      10096      256                                   
1895 2 12000 1092  6503           Austral          26      10082      256                                   
1895 2 2   0 1055  6612           Austral          46      10071      261                                   
1895 2 2 400 1017  6720           Austral                                                                   
1895 2 2 700  980  6829           Austral          10      10087      267                                   
1895 2 21100  942  6937           Austral          26      10065      278                                   
1895 2 21500  905  7046           Austral          26      10081      261                                   
1895 2 21900  867  7154           Austral          10      10071      278                                   
1895 2 22300  830  7263           Austral          26      10057      261                                   
1895 2 3 300  792  7371           Austral          26      10094      261                                   
1895 2 3 700  755  7480           Austral          26      10067      261                                   
1895 2 31100  755  7558           Austral          26      10064      261                                   
1895 2 31500  755  7637           Austral           0      10069      272                                   
1895 2 31900  755  7715           Austral          10      10066      267                                   
1895 2 32300  722  7793           Austral          46      10059      267                                   
1895 2 4 300  690  7872           Austral          26      10079      267                                   
1895 2 4 700  657  7950           Austral          26      10076      289                                   
1895 2 41100  605  7977           Austral          26      10049      289                                   
1895 2 41500  552  8003           Austral          26      10059      267                                   
1895 2 41900  500  8030           Austral          10      10065      272                                   
1895 2 5 700  448  8057           Austral          10      10064      294                                   
1895 2 51900  244  8240           Austral          10      10080      278                                   
1895 2 6 600   40  8423           Austral           0      10067      294                                   
1895 2 61800 -339  8744           Austral          10      10083      261                                   
1895 2 7 600 -339  8744           Austral          10      10065      289                                   
1895 2 71800 -557  8962           Austral          46      10071      256                                   
1895 2 8 600 -775  9180           Austral          46      10060      283                                   
1895 2 81800 -994  9305           Austral          26      10060      267                                   
1895 2 9 600-1212  9431           Austral          46      10043      294                                   
1895 2 91800-1424  9594           Austral          46      10103      239                                   
1895 210 500-1637  9757           Austral          26      10093      267                                   
1895 2101700-1842  9947           Austral          46      10115      222                                   
1895 211 500-2047 10138           Austral          46      10100      239                                   
1895 2111700-2246 10328           Austral          93      10104      200                                   
1895 212 500-2445 10519           Austral          67      10120      217                                   
1895 2121700-2643 10685           Austral          93      10113      183                                   
1895 213 500-2842 10852           Austral          93      10112      200                                   
1895 2131700-3045 11048           Austral         123      10093      183                                   
1895 214 500-3249 11244           Austral          93      10095      200                                   
1895 2141600-3380 11491           Austral          93      10146      161                                   
1895 215 400-3512 11739           Austral          93      10096      183                                   
1895 215 800-3514 11817           Austral          67      10112      172                                   
1895 2151200-3515 11895           Austral          93      10120      161                                   
1895 2152000-3517 11972           Austral          93      10137      161                                   
1895 216   0-3518 12050           Austral          93      10150      167                                   
1895 216 400-3520 12128           Austral          93      10150      167                                   
1895 216 800-3520 12128           Austral          93      10150      167                                   
189510 1 800 4246   402           Austral          46                 -61                                   
189510 9 800 1156  5280           Austral          26      10104      250                                   
189510 92000 1106  5510           Austral          26                 256                                   
18951010 800 1056  5740           Austral          26                 256                                   
189510102000 1007  6060           Austral                                                                   
18951011 800  959  6380           Austral          10      10083      289                                   
189510112000  959  6613           Austral                                                                   
18951012 700  916  6847           Austral                  10067      283                                   
189510121900  873  7136           Austral                                                                   
18951013 700  830  7426           Austral          46                 283                                   
189510131500  830  7426           Austral                  10075      278                                   
189510131900  770  7684           Austral                                                                   
18951014 700  710  7943           Austral          10      10082      294                                   
189510141900  612  7991           Austral                                                                   
18951015 700  514  8039           Austral          46      10076      267                                   
189510151900  514  8039           Austral          67                 250                                   
189510152300  514  8039           Austral          46      10049      267                                   
18951016 600   54  8415           Austral          10      10096      283                                   
189510161800 -140  8569           Austral                                                                   
18951017 600 -335  8724           Austral          93      10082      267                                   
189510171800 -542  8877           Austral                             261                                   
18951018 600 -749  9030           Austral          67      10085      272                                   
189510181800 -951  9185           Austral          67                                                       
18951019 600-1154  9340           Austral          93      10097      272                                   
189510191800-1355  9526           Austral          67                                                       
18951020 600-1557  9713           Austral          67      10125      256                                   
189510201700-1798  9883           Austral                                                                   
18951021 500-2040 10054           Austral          67      10164      239                                   
18951022 500-2412 10425           Austral          67      10176      222                                   
