1892 8162300 3790 13823           Ballaarat        67      10215      156                                   
1892 8202200 3830 14835           Ballaarat        67      10149      167                                   
1893 8261900  868  6905           Ballaarat        46      10119      294                                   
1893 8262300  859  6986           Ballaarat        46      10101      283                                   
1893 827 300  850  7067           Ballaarat        46      10117      289                                   
1893 827 700  841  7148           Ballaarat        46      10113      311                                   
1893 8271100  832  7229           Ballaarat        46      10095      317                                   
1893 8271500  823  7310           Ballaarat        46      10115      300                                   
1893 8271900  813  7391           Ballaarat        46      10103      267                                   
1893 8272300  804  7472           Ballaarat        46      10101      283                                   
1893 828 300  795  7553           Ballaarat        46      10114      283                                   
1893 828 700  786  7634           Ballaarat        46      10110      289                                   
1893 8281100  749  7677           Ballaarat        46      10085      294                                   
1893 8281500  712  7719           Ballaarat        46      10102      272                                   
1893 8281900  674  7762           Ballaarat        46      10100      267                                   
1893 8282300  637  7804           Ballaarat        46      10095      256                                   
1893 829 300  600  7847           Ballaarat                                                                 
1893 829 700  563  7889           Ballaarat                                                                 
1893 8291100  526  7932           Ballaarat        46      10108      294                                   
1893 8291500  489  7975           Ballaarat                                                                 
1893 8291900  451  8017           Ballaarat        93      10111      278                                   
1893 8292300  414  8060           Ballaarat        46      10090      283                                   
1893 830 300  377  8102           Ballaarat        67      10100      283                                   
1893 830 700  340  8145           Ballaarat        67      10107      278                                   
1893 8301100  279  8219           Ballaarat        67      10077      278                                   
1893 8301400  218  8293           Ballaarat        67      10095      272                                   
1893 8301800  157  8367           Ballaarat        67      10100      278                                   
1893 8302200   97  8442           Ballaarat        93      10087      278                                   
1893 831 200   36  8516           Ballaarat        93      10110      283                                   
1893 831 600  -25  8590           Ballaarat        93      10111      272                                   
1893 8311000  -86  8664           Ballaarat        67      10075      289                                   
1893 8311400 -147  8738           Ballaarat        67      10083      283                                   
1894 3 6 900 1243  4557           Ballaarat        46      10096      278                                   
1894 3 61300 1243  4557           Ballaarat        46      10074      267                                   
1894 3 61700 1243  4557           Ballaarat        46      10080      272                                   
1894 3 62100 1243  4557           Ballaarat                                                                 
1894 3 7 100 1243  4557           Ballaarat        67                 267                                   
1894 3 7 500 1243  4557           Ballaarat        67      10113      278                                   
1894 3 7 900 1215  4952           Ballaarat        93      10121      267                                   
1894 3 71300 1215  4952           Ballaarat        46      10087      272                                   
1894 3 71700 1215  4952           Ballaarat                10110      256                                   
1894 3 72100 1215  4952           Ballaarat                                                                 
1894 3 8 100 1215  4952           Ballaarat                                                                 
1894 3 8 500 1215  4952           Ballaarat                10118      267                                   
1894 3 8 800 1119  5449           Ballaarat        67      10128      267                                   
1894 3 81200 1119  5449           Ballaarat        67      10092      278                                   
1894 3 81600 1119  5449           Ballaarat        67      10111      267                                   
1894 3 82000 1119  5449           Ballaarat        67                                                       
1894 3 9   0 1119  5449           Ballaarat                10098      283                                   
1894 3 9 400 1119  5449           Ballaarat                10121      267                                   
1894 3 9 800 1024  5946           Ballaarat        67      10119      278                                   
1894 3 91200 1024  5946           Ballaarat        46      10084      283                                   
1894 3 91600 1024  5946           Ballaarat        46                 283                                   
1894 3 92000 1024  5946           Ballaarat        67                                                       
1894 310   0 1024  5946           Ballaarat                10095      278                                   
1894 310 400 1024  5946           Ballaarat        46      10105      283                                   
1894 310 800  922  5946           Ballaarat        46      10107      289                                   
1894 3101200  922  5946           Ballaarat        46      10066      289                                   
1894 3101600  922  5946           Ballaarat                10077      283                                   
1894 311   0  922  5946           Ballaarat        67      10074      283                                   
1894 311 400  922  5946           Ballaarat        46      10090      289                                   
1894 311 800  922  5946           Ballaarat        46      10086      289                                   
1894 3151800 -542  9023           Ballaarat        26      10082      289                                   
1894 3161400 -542  9023           Ballaarat        26      10065      289                                   
1894 3161800 -542  9023           Ballaarat        26      10082      289                                   
1894 3162200 -542  9023           Ballaarat        26      10084      278                                   
1894 317 200 -542  9023           Ballaarat        67      10066      283                                   
1894 317 600 -542  9023           Ballaarat        67      10066      306                                   
1894 3171000 -542  9023           Ballaarat        67      10034      294                                   
1894 3171400 -542  9023           Ballaarat        67      10057      300                                   
1894 3171800 -928  9355           Ballaarat        46      10058      300                                   
1894 3172200 -928  9355           Ballaarat        46      10037      283                                   
1894 318 200 -928  9355           Ballaarat        46      10034      283                                   
1894 318 600 -928  9355           Ballaarat        46      10033      306                                   
1894 3181000 -928  9355           Ballaarat        67      10001      300                                   
1894 3181400-1126  9434           Ballaarat        67      10027      289                                   
1894 3181800-1324  9513           Ballaarat        46      10040      294                                   
1894 3182200-1324  9592           Ballaarat        26      10015      306                                   
1894 319 200-1324  9671           Ballaarat        46      10030      311                                   
1894 319 500-1324  9750           Ballaarat        46      10026      294                                   
1894 319 900-1324  9838           Ballaarat        46      10011      283                                   
1894 3191300-1324  9926           Ballaarat        67      10029      278                                   
1894 3191700-1734 10014           Ballaarat        93      10055      278                                   
1894 3192100-1734 10014           Ballaarat        46      10018      294                                   
1894 320 100-1734 10014           Ballaarat        93      10036      289                                   
1894 320 500-1734 10014           Ballaarat        93      10034      278                                   
1894 320 900-1734 10014           Ballaarat       123      10023      283                                   
1894 3201300-1734 10014           Ballaarat       123      10051      278                                   
1894 3201700-2224 10413           Ballaarat       190      10062      250                                   
1894 3202100-1864 10115           Ballaarat        93      10031      283                                   
1894 321 100-1995 10217           Ballaarat        67      10051      289                                   
1894 321 500-2125 10318           Ballaarat        93      10054      272                                   
1894 321 900-2255 10318           Ballaarat        67      10038      256                                   
1894 3211300-2386 10318           Ballaarat       123      10047      267                                   
1894 3211700-2277 10470           Ballaarat                10144      222                                   
1894 3212100-2330 10527           Ballaarat       226      10049      233                                   
1894 322 100-2383 10583           Ballaarat       226      10072      239                                   
1894 322 500-2436 10640           Ballaarat       190      10107      233                                   
1894 322 900-2489 10697           Ballaarat                10107      233                                   
1894 3221300-2542 10753           Ballaarat                10133      222                                   
1894 3221700-2595 10810           Ballaarat       123      10209      211                                   
1894 3222100-2648 10867           Ballaarat        93      10137      222                                   
1894 323 100-2701 10923           Ballaarat        93      10158      222                                   
1894 323 500-2754 10980           Ballaarat        93      10166      233                                   
1894 323 900-2818 11022           Ballaarat                10158      222                                   
1894 3231300-2883 11064           Ballaarat        93      10207      217                                   
1894 3231700-2947 11106           Ballaarat        46      10170      200                                   
1894 3232100-3012 11148           Ballaarat        93      10175      211                                   
1894 324 100-3076 11190           Ballaarat        67      10187      206                                   
1894 324 500-3141 11232           Ballaarat        67                 211                                   
1894 324 800-3205 11274           Ballaarat        67      10172      200                                   
1894 3241200-3270 11316           Ballaarat        46      10173      194                                   
1894 3262000-3543 12481           Ballaarat                10183      194                                   
1894 327   0-3545 12614           Ballaarat        26      10201      167                                   
1894 327 400-3547 12747           Ballaarat        46                                                       
1894 327 700-3549 12880           Ballaarat        46      10189      178                                   
1894 3271100-3551 13013           Ballaarat        46      10195      161                                   
1894 3271900-3553 13146           Ballaarat        10      10185      178                                   
1894 3272300-3555 13279           Ballaarat        10      10193      172                                   
1894 328 300-3557 13412           Ballaarat        26      10196      178                                   
1894 328 700-3559 13545           Ballaarat                                                                 
1894 3281100-3561 13678           Ballaarat        46      10166      194                                   
1894 3281500-3563 13811           Ballaarat        46      10172      200                                   
1894 8 7 100 1242  4645           Ballaarat        46       9969      272                                   
1894 8 7 500 1242  4645           Ballaarat        67      10006      272                                   
1894 8 7 900 1242  4645           Ballaarat        93      10000      289                                   
1894 8 71300 1242  4645           Ballaarat        93       9982      300                                   
1894 8 71700 1242  4645           Ballaarat        67       9994      306                                   
1894 8 72100 1248  5211           Ballaarat                                                                 
1894 8 8 100 1248  5211           Ballaarat        46       9985      300                                   
1894 8 8 500 1248  5211           Ballaarat        93      10032      278                                   
1894 8 8 900 1248  5211           Ballaarat        93      10031      244                                   
1894 8 81300 1248  5211           Ballaarat        93       9997      244                                   
1894 8 81700 1248  5211           Ballaarat        93      10033      294                                   
1894 8 82000 1145  5741           Ballaarat        67                                                       
1894 8 9   0 1145  5741           Ballaarat        67      10047      289                                   
1894 8 9 400 1145  5741           Ballaarat                10069      278                                   
1894 8 9 800 1145  5741           Ballaarat       123      10065      283                                   
1894 8 91200 1145  5741           Ballaarat       123      10038      300                                   
1894 8 91600 1145  5741           Ballaarat        93      10052      278                                   
1894 8 92000 1022  6360           Ballaarat                                                                 
1894 810   0 1022  6360           Ballaarat        93      10057      283                                   
1894 810 400 1022  6360           Ballaarat        67      10066      294                                   
1894 810 800 1022  6360           Ballaarat        67      10072      278                                   
1894 8101200 1022  6360           Ballaarat        67      10079      278                                   
1894 8101600 1022  6360           Ballaarat        67      10078      283                                   
1894 8101900  910  6835           Ballaarat        46      10093      289                                   
1894 8102300  910  6835           Ballaarat        67      10060      283                                   
1894 811 300  910  6835           Ballaarat        46      10082      278                                   
1894 811 700  910  6835           Ballaarat        67      10081      283                                   
1894 8111100  910  6835           Ballaarat        67      10060      289                                   
1894 8111500  910  6835           Ballaarat        67      10083      289                                   
1894 8111900  890  6984           Ballaarat        46      10093      289                                   
1894 8112300  870  7132           Ballaarat        46      10075      294                                   
1894 812 300  850  7281           Ballaarat        26      10093      289                                   
1894 812 700  830  7430           Ballaarat        46      10089      311                                   
1894 8121100  810  7579           Ballaarat        26      10068      294                                   
1894 8121500  790  7727           Ballaarat        26      10089      294                                   
1894 8121900  770  7876           Ballaarat        26                 267                                   
1894 8122300  750  8025           Ballaarat        26      10069      267                                   
1894 813 300  730  8174           Ballaarat        26                                                       
1894 813 600  710  8322           Ballaarat                                                                 
1894 8141000  690  8471           Ballaarat        26      10055      272                                   
1894 8141400  670  8620           Ballaarat        46      10067      283                                   
1894 8141800  650  8769           Ballaarat        46                                                       
1894 8141900  603  8064           Ballaarat        93      10098      294                                   
1894 8142300  532  8116           Ballaarat        46      10065      272                                   
1894 815 300  461  8168           Ballaarat        67      10083      283                                   
1894 815 700  390  8220           Ballaarat        67      10098      294                                   
1894 8151000  319  8272           Ballaarat        93      10064      294                                   
1894 8151400  248  8324           Ballaarat        93      10084      294                                   
1894 8151800  177  8375           Ballaarat        26      10091      294                                   
1894 8152200  106  8427           Ballaarat        67      10073      300                                   
1894 816 200   35  8479           Ballaarat        46      10094      294                                   
1894 816 600  -36  8531           Ballaarat        46      10094      278                                   
1894 8161000  -99  8582           Ballaarat        67      10063      283                                   
1894 8161400 -163  8634           Ballaarat        67      10092      267                                   
1894 8161800 -226  8685           Ballaarat        93      10072      267                                   
1894 8162200 -290  8737           Ballaarat        46      10067      300                                   
1894 817 200 -353  8788           Ballaarat        46      10092      267                                   
1894 817 600 -417  8840           Ballaarat        67      10091      278                                   
1894 8171000 -474  8892           Ballaarat        67      10060      278                                   
1894 8171400 -531  8943           Ballaarat        93      10064      278                                   
1894 8171800 -587  8995           Ballaarat        93      10098      272                                   
1894 8172200 -644  9047           Ballaarat        93      10063      267                                   
1894 818 200 -701  9098           Ballaarat       154      10079      272                                   
1894 818 600 -758  9150           Ballaarat        93      10083      289                                   
1894 8181000 -815  9202           Ballaarat        93      10066      289                                   
1894 8181400 -872  9253           Ballaarat        93      10089      272                                   
1894 8181800-1115  9335           Ballaarat        93      10112      261                                   
1894 8182200-1115  9335           Ballaarat        93      10083      272                                   
1894 819 200-1115  9335           Ballaarat        93      10104      267                                   
1894 819 600-1115  9335           Ballaarat        93      10089      278                                   
1894 8191000-1115  9335           Ballaarat        67      10086      272                                   
1894 8191400-1115  9335           Ballaarat        67      10101      267                                   
1894 8191800-1436  9637           Ballaarat        67      10139      267                                   
1894 8192200-1436  9637           Ballaarat        67      10106      261                                   
1894 820 200-1436  9637           Ballaarat        67      10108      272                                   
1894 820 600-1436  9637           Ballaarat        67      10105      267                                   
1894 8201000-1436  9637           Ballaarat        67      10092      267                                   
1894 8201400-1436  9637           Ballaarat        67      10129      269                                   
1894 8201700-1870  9945           Ballaarat        67      10157      233                                   
1894 8202100-1870  9945           Ballaarat        67      10114      267                                   
1894 821 100-1870  9945           Ballaarat        67      10140      256                                   
1894 821 500-1870  9945           Ballaarat        67      10139      261                                   
1894 821 900-1870  9945           Ballaarat        67      10129      261                                   
1894 8211300-1870  9945           Ballaarat        67      10158      228                                   
1894 8211700-1937 10258           Ballaarat        26      10171      211                                   
1894 8212100-2005 10258           Ballaarat        46      10131      233                                   
1894 822 100-2072 10258           Ballaarat        46      10168      244                                   
1894 822 500-2139 10258           Ballaarat        46      10168      239                                   
1894 822 900-2206 10258           Ballaarat        46      10151      239                                   
1894 8221300-2273 10258           Ballaarat        26      10172      217                                   
1894 827 400-3529 12430           Ballaarat        26      10167      128                                   
1895 9231900  344  8151           Ballaarat        67      10099      289                                   
1895 9241500  344  8151           Ballaarat        93      10082      289                                   
1895 9241900  344  8151           Ballaarat        93      10099      289                                   
1895 9242300  344  8151           Ballaarat        93      10084      278                                   
1895 925 300  344  8151           Ballaarat        93      10096      283                                   
1895 925 700  344  8151           Ballaarat        93      10101      294                                   
1895 9251100  344  8151           Ballaarat        93      10070      300                                   
1895 9251500  344  8151           Ballaarat        93      10088      292                                   
1895 9251900  344  8151           Ballaarat        67      10099      289                                   
1895 9252300  344  8151           Ballaarat        93      10069      289                                   
1895 926 300  344  8151           Ballaarat        67      10099      289                                   
1895 926 600  -21  8521           Ballaarat        46      10097      300                                   
1895 9261000  -21  8521           Ballaarat        67      10081      294                                   
1895 9261400  -21  8521           Ballaarat        46      10088      289                                   
1895 9261800  -21  8521           Ballaarat        67      10084      278                                   
1895 9262200  -21  8521           Ballaarat        67      10059      283                                   
1895 927 200  -21  8521           Ballaarat        67      10093      283                                   
1895 927 600 -490  8810           Ballaarat        93      10086      289                                   
1895 9271000 -490  8810           Ballaarat        93      10064      300                                   
1895 9271400 -490  8810           Ballaarat        93      10083      283                                   
1895 9271800 -490  8810           Ballaarat        93      10085      272                                   
1895 9272200 -490  8810           Ballaarat        67      10064      278                                   
1895 928 200 -490  8810           Ballaarat        46      10082      289                                   
1895 928 600 -754  9100           Ballaarat        46      10094      300                                   
1895 9281000 -754  9100           Ballaarat        67      10067      300                                   
1895 9281400 -754  9100           Ballaarat        67      10091      278                                   
1895 9281800 -754  9100           Ballaarat        93      10095      272                                   
1895 9282200 -754  9100           Ballaarat        93      10086      267                                   
1895 929 200 -754  9100           Ballaarat        93      10105      278                                   
1895 929 600-1131  9349           Ballaarat        93      10109      300                                   
1895 9291000-1131  9349           Ballaarat        93      10103      275                                   
1895 9291400-1518  9412           Ballaarat        93                                                       
1895 9291800-1518  9472           Ballaarat        67                                                       
1895 9292200-1518  9533           Ballaarat        67      10127      261                                   
1895 930 200-1518  9594           Ballaarat        67      10152      272                                   
1895 930 600-1518  9655           Ballaarat        67      10158      294                                   
1895 9301000-1592  9716           Ballaarat        67      10146      272                                   
1895 9301300-1665  9777           Ballaarat        67      10184      244                                   
1895 9301700-1739  9837           Ballaarat        67      10182      239                                   
1895 9302100-1813  9898           Ballaarat        46      10172      244                                   
189510 1 100-1886  9959           Ballaarat        46      10198      247                                   
189510 1 500-1960 10020           Ballaarat        46      10193      261                                   
189510 1 900-1960 10075           Ballaarat        46      10176      244                                   
189510 11300-1960 10130           Ballaarat        46      10181      233                                   
189510 11700-2050 10184           Ballaarat        46      10179      228                                   
189510 12100-2140 10239           Ballaarat        46      10167      222                                   
189510 2 100-2230 10294           Ballaarat        26      10177      228                                   
189510 2 500-2320 10349           Ballaarat        26      10176      256                                   
189510 2 900-2320 10349           Ballaarat        10      10151      228                                   
189510 21300-2320 10349           Ballaarat        26      10170      211                                   
189510 21700-2415 10447           Ballaarat        26      10158      228                                   
189510 22100-2510 10544           Ballaarat        26      10143      239                                   
189510 3 100-2605 10642           Ballaarat        26      10144      236                                   
189510 3 500-2700 10740           Ballaarat        26      10151      239                                   
189510 3 900-2700 10740           Ballaarat        46      10120      228                                   
189510 31300-2700 10740           Ballaarat        67      10139      211                                   
189510 31700-2800 10838           Ballaarat        93      10141      206                                   
189510 32100-2900 10936           Ballaarat        93      10143      200                                   
189510 4 100-3000 11034           Ballaarat       123      10158      211                                   
189510 4 400 3445 11543           Ballaarat                                                                 
189510 4 500-3100 11132           Ballaarat        93      10167      206                                   
189510 4 900-3100 11132           Ballaarat        93      10171      183                                   
18951010 300-3744 14010           Ballaarat        46      10150      217                                   
1896 6161900  415  8056           Ballaarat        46      10053      261                                   
1896 6162300  415  8056           Ballaarat        67      10037      258                                   
1896 617 300  415  8056           Ballaarat        67      10055      267                                   
1896 617 700  415  8056           Ballaarat        46      10053      261                                   
1896 6171100  315  8113           Ballaarat        93      10045      272                                   
1896 6171500  215  8171           Ballaarat        67      10079      272                                   
1896 6171900  116  8228           Ballaarat        10                 281                                   
1896 6172200   16  8285           Ballaarat        46      10061      275                                   
1896 618 200   16  8343           Ballaarat        46      10087      272                                   
1896 618 600   16  8400           Ballaarat        46      10083      283                                   
1896 6181000   16  8400           Ballaarat        46      10071      283                                   
1896 6181400   16  8400           Ballaarat        26      10093      283                                   
1896 6181800   16  8400           Ballaarat        67      10091      281                                   
1896 6182200   16  8400           Ballaarat        67      10076      311                                   
1896 619 200 -353  8760           Ballaarat        46      10113      275                                   
1896 619 600 -353  8760           Ballaarat        67      10087      281                                   
1896 6191000 -419  8793           Ballaarat        93      10067      281                                   
1896 6191400 -484  8826           Ballaarat        93      10089      278                                   
1896 6191800 -550  8858           Ballaarat        93      10109      272                                   
1896 6192200 -616  8891           Ballaarat        67      10081      278                                   
1896 620 200 -681  8924           Ballaarat        67      10110      278                                   
1896 620 600 -747  8957           Ballaarat        67      10102      278                                   
1896 6201000 -811  9018           Ballaarat        67      10093      278                                   
1896 6201400 -875  9078           Ballaarat        67      10115      272                                   
1896 6201800 -938  9139           Ballaarat        67      10118      267                                   
1896 6202200-1002  9200           Ballaarat        93      10093      278                                   
1896 621 200-1066  9260           Ballaarat        93      10117      272                                   
1896 621 600-1130  9321           Ballaarat        93      10104      267                                   
1896 6211000-1130  9321           Ballaarat        67      10099      267                                   
1896 6211400-1130  9321           Ballaarat        67      10131      267                                   
1896 6211700-1447 10020           Ballaarat        67      10143      250                                   
1896 6212100-1491 10020           Ballaarat        93      10106      267                                   
1896 622 100-1536 10020           Ballaarat        93      10140      258                                   
1896 622 500-1580 10020           Ballaarat        93      10131      250                                   
1896 622 900-1624 10020           Ballaarat        67      10129      253                                   
1896 6221300-1669 10020           Ballaarat        67      10142      256                                   
1896 6221700-1713 10020           Ballaarat        67                                                       
1896 6222100-1757 10020           Ballaarat        67      10140      239                                   
1896 623 100-1802 10020           Ballaarat        67      10168      242                                   
1896 623 500-1846 10020           Ballaarat        67      10169      236                                   
1896 623 900-1846 10020           Ballaarat        93      10188      231                                   
1896 6231300-1846 10020           Ballaarat        93      10196      228                                   
1896 6231700-1846 10020           Ballaarat        67                                                       
1896 6232100-1846 10020           Ballaarat        67      10183      222                                   
1896 624 100-1846 10020           Ballaarat        67      10206      222                                   
1896 624 500-2234 10341           Ballaarat        67      10201      211                                   
1896 624 900-2299 10400           Ballaarat        67      10184      200                                   
1896 6241300-2365 10460           Ballaarat        67      10193      183                                   
1896 6241700-2430 10519           Ballaarat        67                                                       
1896 6242100-2496 10578           Ballaarat        67      10181      178                                   
1896 625 100-2561 10638           Ballaarat        67      10187      197                                   
1896 625 500-2627 10697           Ballaarat        67      10172      206                                   
1896 625 900-2692 10756           Ballaarat        67      10156      200                                   
1896 6251300-2758 10816           Ballaarat        67      10167      200                                   
1896 6251700-2823 10875           Ballaarat        67      10086      181                                   
1896 6252100-2889 10934           Ballaarat        67      10148      189                                   
1896 626 100-2954 10994           Ballaarat        67      10159      189                                   
1896 626 500-3020 11053           Ballaarat        26      10170      186                                   
1896 626 900-3020 11053           Ballaarat        46      10133      181                                   
1896 6261300-3020 11053           Ballaarat        46      10126      181                                   
1896 629   0-3533 12453           Ballaarat        10      10170      144                                   
1896 7161800-1130  9321           Ballaarat                                                                 
1896 7162200-1130  9321           Ballaarat        67                                                       
