1892 831 200-3810 14849           Barcoo           26      10161      133                                   
189212 1 200-3408 15015           Barcoo           67      10102      206                                   
189212 2 200-3478 14983           Barcoo           46      10130      183                                   
189212 3 200-3548 14950           Barcoo           26      10120      144                                   
189212 4 200-3617 14917           Barcoo           26      10073      144                                   
189212 5 200-3687 14884           Barcoo           26      10073      150                                   
189212 6 200-3757 14852           Barcoo           67      10056      178                                   
189212 7 200-3827 14819           Barcoo           46       9971      183                                   
189212 8 200-3690 14918           Barcoo           67      10029      211                                   
189212 9 200-3552 15016           Barcoo           67       9996      222                                   
18921210 200-3415 15115           Barcoo           46                 233                                   
18921211 200-3820 14822           Barcoo           67       9885      172                                   
18921212 200-3817 14841           Barcoo          154                                                       
18921213 200-3815 14859           Barcoo           93      10000      150                                   
18921214 200-3812 14878           Barcoo           93       9921      139                                   
18921215 200-3793 14896           Barcoo           67      10025      206                                   
18921216 200-3775 14915           Barcoo           26      10111      211                                   
18921217 200-3756 14933           Barcoo           46                                                       
18921218 200-3738 14952           Barcoo           46      10224      161                                   
18921219 200-3764 14910           Barcoo           26      10165      172                                   
18921220 200-3789 14867           Barcoo            0      10107      256                                   
18921221 200-3815 14825           Barcoo           26      10083      178                                   
18921222 200-3425 15110           Barcoo           93                 217                                   
18921223 200-3479 15395           Barcoo           46      10150      222                                   
18921224 200-3532 15680           Barcoo           67      10167      206                                   
18921225 100-3586 15965           Barcoo           67      10082      194                                   
18921226 100-3639 16250           Barcoo           67      10100      189                                   
18921227 100-3693 16535           Barcoo           46      10142      183                                   
18921228 100-3746 16820           Barcoo           46      10143      178                                   
18921229 100-3800 17105           Barcoo           10                 167                                   
18921230   0-3854 17390           Barcoo                   10104      200                                   
18921231   0-3907 17675           Barcoo           93      10085      194                                   
1893 123 200-3840 14452           Barcoo                              178                                   
1893 8 1 300-3719 13524           Barcoo           46      10312      133                                   
1893 8 2 300-3734 13767           Barcoo           46      10230      122                                   
1893 8 3 300-3750 14010           Barcoo           26      10234      122                                   
1893 8 4 200-3765 14253           Barcoo           26      10172      106                                   
1893 8 5 200-3781 14496           Barcoo           67      10166      106                                   
1893 8 6 200-3820 14840           Barcoo           67      10168      133                                   
1893 8 7 200-3430 15700           Barcoo           10      10214      144                                   
1893 8 8 200-3386 15572           Barcoo           26      10239      150                                   
1893 8 9 200-3386 15443           Barcoo           67      10291      144                                   
1893 810 200-3130 15315           Barcoo           67      10275      183                                   
1893 811 200-2897 15320           Barcoo           93      10292      194                                   
1893 812 200-2663 15325           Barcoo           26      10298      183                                   
1893 813 200-2430 15330           Barcoo           67      10265      194                                   
1893 814 200-2230 15100           Barcoo           46      10218      222                                   
1893 815 200-2030 14900           Barcoo           67      10182      211                                   
1893 816 200-1982 14852           Barcoo           46      10154      211                                   
1893 817 200-1933 14803           Barcoo           67      10181      233                                   
1893 818 200-1885 14755           Barcoo           93      10130      233                                   
1893 819 200-1837 14707           Barcoo           93      10132      222                                   
1893 820 200-1788 14658           Barcoo           67      10098      222                                   
1893 821 200-1740 14610           Barcoo           67      10113      228                                   
1893 822 200-1937 14782           Barcoo           93      10048      222                                   
1893 823 200-2133 14954           Barcoo           46      10049      200                                   
1893 824 200-2330 15126           Barcoo           46      10073      206                                   
1893 825 200-2725 15325           Barcoo           26      10101      200                                   
1893 826 200-2822 15336           Barcoo           10      10149      200                                   
1893 827 200-2920 15348           Barcoo           46      10152      183                                   
1893 828 200-3335 15730           Barcoo           46      10240      161                                   
1893 829 200-3386 15487           Barcoo           46      10119      161                                   
1893 830 200-3386 15243           Barcoo           93      10065      161                                   
1893 831 200-3730 15000           Barcoo          190      10092      117                                   
