1892 8 7 600 1919  8921           Bhundara         67      10021      283                                   
1892 8 7 600 1919  8921           Bhundara         67      10021      283                                   
1892 8 8 600 1632  9137           Bhundara         67      10066      289                                   
1892 8 8 600 1632  9137           Bhundara         67      10066      289                                   
1892 8 9 600 1327  9400           Bhundara         26      10074      289                                   
1892 8 9 600 1327  9400           Bhundara         26      10074      289                                   
1892 810 600 1020  9612           Bhundara         26      10079      278                                   
1892 810 600 1020  9612           Bhundara         26      10079      278                                   
1892 811 500  716  9817           Bhundara         26      10078      278                                   
1892 811 500  781  9817           Bhundara         26                                                       
1892 812 500  716 10029           Bhundara         26      10067      300                                   
1892 812 500  543  9925           Bhundara         26      10067      300                                   
1892 813 500  304 10046           Bhundara         26      10070      278                                   
1892 813 500  304 10032           Bhundara         26      10070      278                                   
1892 814 500  130 10380           Bhundara         10      10075      289                                   
1892 814 500  259 10140           Bhundara         10      10075      289                                   
1892 815 500  130 10380           Bhundara         10      10067      300                                   
1892 815 500  215 10247           Bhundara         10      10067      300                                   
1892 816 500  130 10380           Bhundara         10      10075      289                                   
1892 816 500  170 10355           Bhundara         10      10075      289                                   
1892 817 500  130 10380           Bhundara          0      10073      300                                   
1892 817 500   24 10432           Bhundara          0      10073      300                                   
1892 818 500 -121 10510           Bhundara         26      10070      300                                   
1892 818 500 -121 10510           Bhundara                                                                  
1892 819 500 -246 10552           Bhundara         67      10054      256                                   
1892 819 500 -246 10514           Bhundara         67      10054      256                                   
1892 820 500 -555 10553           Bhundara         67      10046      267                                   
1892 820 500 -538 10518           Bhundara         67      10046      267                                   
1892 821 500 -830 10522           Bhundara         93      10061      256                                   
1892 821 500 -830 10522           Bhundara         93                                                       
1892 822 500-1116 10619           Bhundara         67      10074      267                                   
1892 822 500-1116 10619           Bhundara         67      10074      267                                   
1892 823 500-1128 10701           Bhundara         67      10074      267                                   
1892 823 500-1128 10701           Bhundara         67      10074      267                                   
1892 824 500-1749 10811           Bhundara         93      10096      250                                   
1892 824 500-1749 10811           Bhundara         93      10096      250                                   
1892 825 500-2107 10914           Bhundara         26      10130      200                                   
1892 825 500-2107 10914           Bhundara         26                 200                                   
1892 826 500-2438 11034           Bhundara         26      10082      200                                   
1892 826 500-2468 11097           Bhundara         26      10082      200                                   
1892 827 400-2830 11280           Bhundara         26      10032      172                                   
1892 827 400-2830 11280           Bhundara         26      10032      172                                   
1892 828 400-3122 11327           Bhundara         67      10054      156                                   
1892 828 400-3125 11327           Bhundara         67                 156                                   
1892 829 400-3420 11340           Bhundara         67      10148      133                                   
1892 829 400-3420 11340           Bhundara         67      10148      133                                   
1892 830 400-3531 11940           Bhundara         67      10128      156                                   
1892 830 400-3531 11940           Bhundara         67      10128      156                                   
1892 831 400-3527 12316           Bhundara         67      10094      178                                   
1892 831 400-3527 12316           Bhundara         67      10094      178                                   
1892 9 1 400-3539 12732           Bhundara         26      10084      178                                   
1892 9 1 400-3539 12732           Bhundara         26      10084      178                                   
1892 9 2 300-3548 13145           Bhundara         26      10113      189                                   
1892 9 2 300-3540 13145           Bhundara         26      10113      189                                   
1892 9 3 300-3541 13630           Bhundara         26      10122      150                                   
1892 9 3 300-3541 13630           Bhundara         26      10122      150                                   
1892 9 4 300-3455 13860           Bhundara         26      10094      156                                   
1892 9 4 300-3542 14115           Bhundara         26      10095      156                                   
