1891 9 72200-3626 15359           Birksgate                                                                 
1891 9171700-3514 15359           Birksgate        67      10169      233                                   
1891 9172200-3402 15359           Birksgate        46      10177      219                                   
1891 9172300-3291 15359           Birksgate        67      10177      217                                   
1891 918 200-3179 15359           Birksgate        26      10166      256                                   
1891 9181100-3067 15359           Birksgate        67      10157      244                                   
1891 9181700-2956 15556           Birksgate        67      10159      225                                   
1891 9182100-2844 15753           Birksgate        67      10148      197                                   
1891 9182200-2844 15753           Birksgate        67      10149      200                                   
1891 919 100-2844 15753           Birksgate        46      10152      242                                   
1891 919 600-2844 15753           Birksgate        93      10163      300                                   
1891 9191000-2784 15828           Birksgate        26      10180      272                                   
1891 9191600-2724 15902           Birksgate        10      10177      228                                   
1891 9192100-2663 15977           Birksgate        26      10190      247                                   
1891 9192200-2603 16051           Birksgate        26      10192      253                                   
1891 920 100-2543 16126           Birksgate        10      10191      278                                   
1891 920 400-2505 16200           Birksgate        46      10182      308                                   
1891 9201000-2466 16274           Birksgate        46      10193      283                                   
1891 9201600-2428 16348           Birksgate        26      10186      244                                   
1891 9202100-2390 16422           Birksgate        26      10194      256                                   
1891 9202200-2351 16496           Birksgate        46      10195      244                                   
1891 921 100-2313 16570           Birksgate        93      10193      256                                   
1891 921 400-2275 16644           Birksgate        93      10186      275                                   
1891 9211000-2236 16718           Birksgate        46      10205      283                                   
1891 922 400-2198 16792           Birksgate        67      10226      333                                   
1891 9221000-2160 16866           Birksgate        67      10252      281                                   
1891 9221600-2121 16940           Birksgate        46      10239      275                                   
1891 9222100-2083 17014           Birksgate        67      10258      278                                   
1891 9222200-2045 17088           Birksgate        93      10259      275                                   
1891 9231600-2006 17162           Birksgate        67      10247      281                                   
1892 217 600-1814 17844           Birksgate                                                                 
1892 319 100-2460 16921           Birksgate        67      10195      311                                   
1892 319 400-2460 16921           Birksgate        67      10186      292                                   
1892 3191000-2460 16921           Birksgate        46      10205      289                                   
1892 510   0-1937 17351           Birksgate       123      10143      268                                   
1892 518 100-2680 16345           Birksgate        46      10208      222                                   
1892 612 200-3247 15228           Birksgate       123                                                       
1892 714 100-2514 16654           Birksgate        93      10289      256                                   
1892 714 400-2514 16654           Birksgate       123      10269      233                                   
1892 7141000-2514 16654           Birksgate        93      10273      228                                   
189212262200-2820 16029           Birksgate        93      10193      317                                   
18921227 100-2820 16029           Birksgate        67      10175      306                                   
189212271000-2820 16029           Birksgate        93      10165      267                                   
189212271600-2820 16029           Birksgate        93      10153      256                                   
189212272100-2820 16029           Birksgate        93      10183      278                                   
189212272200-2820 16029           Birksgate        67                                                       
18921228 100-2820 16029           Birksgate        67      10172      322                                   
189212281000-2820 16029           Birksgate        67      10164      289                                   
189212281600-2820 16029           Birksgate        26      10139      256                                   
189212282100-2820 16029           Birksgate        93      10159      261                                   
189212282200-2820 16029           Birksgate        93      10171      267                                   
18921229 100-2820 16029           Birksgate        93      10181      289                                   
18921229 400-2820 16029           Birksgate        93                 311                                   
189212291000-2820 16029           Birksgate        67      10213      278                                   
189212292100-2820 16029           Birksgate        26                 333                                   
189212292200-2820 16029           Birksgate                10197      378                                   
18921230 100-2820 16029           Birksgate        93      10170      317                                   
1893 1 52200-3300 15221           Birksgate        26      10085      222                                   
1893 1 52300-3256 15274           Birksgate        10      10093      233                                   
1893 1 6 200-3213 15328           Birksgate        10      10092      233                                   
1893 1 6 700-3170 15382           Birksgate        26      10085      233                                   
1893 1 61100-3126 15435           Birksgate        46      10099      228                                   
1893 1 61700-3083 15489           Birksgate        46       9901      244                                   
1893 1 62200-3040 15543           Birksgate        26      10119      267                                   
1893 1 62300-2996 15596           Birksgate        26      10114      278                                   
1893 1 7 200-2953 15650           Birksgate        93      10111      289                                   
1893 1 7 700-2917 15695           Birksgate       154      10101      269                                   
1893 1 71100-2882 15740           Birksgate       123      10098      267                                   
1893 1 71600-2846 15785           Birksgate        46      10115      244                                   
1893 1 72100-2811 15831           Birksgate        93      10127      267                                   
1893 1 72200-2775 15876           Birksgate        93      10137      289                                   
1893 1 8 100-2740 15921           Birksgate       123      10132      300                                   
1893 1112100-2175 16593           Birksgate        46      10170      267                                   
1893 1112200-2159 16658           Birksgate         0      10169      272                                   
1893 112 100-2143 16724           Birksgate        10      10167      283                                   
1893 112 400-2127 16789           Birksgate        46      10154      322                                   
1893 1121000-2111 16855           Birksgate        93      10162      272                                   
1893 1121600-2094 16920           Birksgate        93      10139      286                                   
1893 1122100-2078 16986           Birksgate        93      10147      300                                   
1893 1122200-2062 17051           Birksgate        93      10145      311                                   
1893 113 100-2046 17117           Birksgate        93      10141      317                                   
1893 113 400-2030 17182           Birksgate        46      10137      317                                   
1893 1131000-2014 17248           Birksgate        67      10150      300                                   
1893 1131500-1997 17313           Birksgate        93      10133      300                                   
1893 1132000-1981 17379           Birksgate        93      10153      300                                   
1893 1132100-1965 17444           Birksgate       123      10151      294                                   
1893 114   0-1949 17510           Birksgate       123                                                       
1893 114 300-1933 17575           Birksgate       123      10137      317                                   
1893 114 900-1917 17641           Birksgate                10160      300                                   
1893 117   0-1900 17706           Birksgate                                                                 
1893 117 300-1884 17772           Birksgate                                                                 
1893 117 900-1868 17837           Birksgate        93                                                       
1893 217 400-2361 17120           Birksgate        93      10186      339                                   
1893 2171000-2396 17039           Birksgate        67      10205      289                                   
1893 2171600-2431 16957           Birksgate        67      10193      300                                   
1893 2172100-2466 16876           Birksgate        67      10214      356                                   
1893 2172200-2501 16794           Birksgate        67      10215      356                                   
1893 218 100-2536 16713           Birksgate        67      10214      339                                   
1893 218 400-2571 16631           Birksgate        46      10193      328                                   
1893 2181000-2606 16550           Birksgate        46      10206      311                                   
1893 2181600-2641 16468           Birksgate        46      10196      311                                   
1893 2182100-2676 16387           Birksgate        46      10210      333                                   
1893 2182200-2711 16305           Birksgate        26      10218      367                                   
1893 219 100-2746 16224           Birksgate        10      10218      389                                   
1893 219 400-2775 16145           Birksgate        26      10201      350                                   
1893 2191000-2804 16066           Birksgate        10      10205      306                                   
1893 2191600-2833 15987           Birksgate        46      10181      289                                   
1893 2192100-2863 15909           Birksgate        46      10197      294                                   
1893 2192200-2892 15830           Birksgate        10      10205      328                                   
1893 220 100-2921 15751           Birksgate        46      10200      361                                   
1893 220 500-2955 15685           Birksgate        26      10190      306                                   
1893 2201100-2990 15619           Birksgate       154      10205      256                                   
1893 2201700-3024 15553           Birksgate        46      10195      256                                   
1893 2202200-3058 15488           Birksgate       123      10216      250                                   
1893 2202300-3093 15422           Birksgate       123      10225      261                                   
1893 221 200-3127 15356           Birksgate       123      10237      272                                   
1893 221 500-3161 15290           Birksgate       123      10238      267                                   
1893 2211100-3196 15224           Birksgate       123      10276      222                                   
1893 224 500-3230 15158           Birksgate        26      10281      278                                   
1893 2241100-3264 15093           Birksgate        26      10282      233                                   
1893 2241700-3299 15027           Birksgate        46      10254      239                                   
1893 2242200-3333 14961           Birksgate         0      10240      244                                   
1893 225 200 3759 14910           Birksgate        10      10229      333                                   
1893 3 3 500-3050 15420           Birksgate        67      10229      333                                   
1893 3 31100-3050 15420           Birksgate       123      10234      267                                   
1893 3 31700-3050 15420           Birksgate       123      10228      261                                   
1893 3 32200-3050 15420           Birksgate       123      10247      267                                   
1893 3 32300-3050 15420           Birksgate       123      10251      267                                   
1893 3 4 200-3050 15420           Birksgate       123      10252      278                                   
1893 3 4 500-3050 15420           Birksgate        93      10245      300                                   
1893 3 41100-3050 15420           Birksgate        93      10262      261                                   
1893 3 41700-3050 15420           Birksgate       123      10241      261                                   
1893 3 42200-3050 15420           Birksgate       123      10258      261                                   
1893 3 42300-3050 15420           Birksgate       123      10258      261                                   
1893 3 5 200-2960 15748           Birksgate       154      10249      272                                   
1893 3 5 500-2960 15748           Birksgate       154      10254      300                                   
1893 3 51100-2960 15748           Birksgate       154      10234      261                                   
1893 3 51700-2960 15748           Birksgate       154      10204      261                                   
1893 3 52200-2960 15748           Birksgate       154      10203      267                                   
1893 3 52300-2960 15748           Birksgate       154      10199      267                                   
1893 3 6 100-2639 16112           Birksgate       190      10182      272                                   
1893 3 6 400-2626 16135           Birksgate       154      10154      283                                   
1893 3 61000-2614 16157           Birksgate       154      10126      267                                   
1893 3 62100-2601 16180           Birksgate       226      10007      250                                   
1893 3 62200-2589 16202           Birksgate       226       9988      267                                   
1893 3 7 100-2576 16225           Birksgate       226       9961      267                                   
1893 3 7 400-2564 16248           Birksgate       268       9930      267                                   
1893 3 71600-2551 16270           Birksgate       268       9900      267                                   
1893 3 72100-2539 16293           Birksgate       226       9967      267                                   
1893 3 72200-2526 16315           Birksgate       226       9975      283                                   
1893 3 8 100-2514 16338           Birksgate       226       9979      294                                   
1893 3 8 400-2514 16338           Birksgate       226       9986      278                                   
1893 3 81000-2514 16338           Birksgate       154      10039      278                                   
1893 6 72200-3207 15250           Birksgate        93      10255      189                                   
1893 6 8 200-3150 15341           Birksgate       123      10248      189                                   
1893 6 8 600-3093 15432           Birksgate       123      10234      189                                   
1893 6 82100-3035 15523           Birksgate       123      10214      222                                   
1893 6 82200-2978 15614           Birksgate       123      10214      222                                   
1893 6 9 200-2921 15705           Birksgate       123      10209      206                                   
1893 6 9 500-2870 15766           Birksgate       123      10182      206                                   
1893 6 92000-2819 15827           Birksgate       154      10078      222                                   
1893 6 92100-2769 15889           Birksgate       154      10077      222                                   
1893 610 100-2718 15950           Birksgate       190      10052      211                                   
1893 610 500-2703 15970           Birksgate       190      10025      211                                   
1893 6101300-2689 15991           Birksgate       268       9987      233                                   
1893 6101700-2674 16011           Birksgate       268       9967      233                                   
1893 6101800-2659 16031           Birksgate       268       9980      233                                   
1893 6101900-2645 16052           Birksgate       268                 233                                   
1893 6102000-2630 16072           Birksgate        67                                                       
1893 6102100-2616 16093           Birksgate        67       9987      233                                   
1893 611 100-2601 16113           Birksgate        67       9988      228                                   
1893 611 600-2533 16193           Birksgate        46       9979      233                                   
1893 6112000-2465 16272           Birksgate        26      10013      228                                   
1893 6112100-2397 16352           Birksgate        26      10013      228                                   
1893 612 100-2329 16432           Birksgate        46      10012      233                                   
1893 612 600-2291 16497           Birksgate        93      10026      228                                   
1893 6122000-2253 16561           Birksgate        93      10052      233                                   
1893 6122100-2215 16626           Birksgate        93      10048      233                                   
1893 613 100-2215 16626           Birksgate        93      10056      228                                   
1893 613 600-2215 16626           Birksgate        46      10058      233                                   
1893 6132000-2215 16626           Birksgate        26      10098      233                                   
1893 6132100-2215 16626           Birksgate        26      10098      233                                   
1893 614 100-2215 16626           Birksgate        26      10099      228                                   
1893 614 700-2215 16626           Birksgate        26      10126      228                                   
1893 614 900-2215 16626           Birksgate        26      10126      228                                   
1893 6142000-2215 16626           Birksgate        26      10132      233                                   
1893 615 100-2169 16750           Birksgate        26      10131      239                                   
1893 615 700-2122 16874           Birksgate        46      10131      233                                   
1893 6152000-2076 16998           Birksgate        46      10130      239                                   
1893 616 100-2030 17122           Birksgate        46      10136      244                                   
1893 616 600-1984 17246           Birksgate        46      10146      244                                   
1893 6161900-1961 17406           Birksgate        67      10140      256                                   
1893 617   0-1944 17546           Birksgate        67      10140      256                                   
1893 617 500-1927 17685           Birksgate        93      10128      250                                   
1893 6171900-1910 17825           Birksgate        67      10127      256                                   
1893 618   0-1893 17828           Birksgate        46      10126      261                                   
1893 618 600-1876 17830           Birksgate        26      10120      256                                   
1893 6181900-1859 17833           Birksgate         0      10121      244                                   
1893 619   0-1842 17836           Birksgate        26      10097      267                                   
1893 619 600-1825 17838           Birksgate        26      10092      261                                   
1893 6191900-1808 17841           Birksgate        67      10098      261                                   
1893 620   0-1741 17850           Birksgate        46      10094      267                                   
1893 620 600-1741 17837           Birksgate        26      10109      256                                   
1893 6201800-1777 17825           Birksgate        10      10125      261                                   
1893 621   0-1813 17825           Birksgate        67      10126      256                                   
1893 621 600-1885 17825           Birksgate        46      10125      261                                   
1893 6211900-1957 17684           Birksgate        46      10157      278                                   
1893 622   0-2029 17543           Birksgate        46      10146      267                                   
1893 622 500-2029 17408           Birksgate        26      10119      267                                   
1893 6221900-2029 17273           Birksgate        46      10127      256                                   
1893 623 100-2255 17138           Birksgate        67      10116      250                                   
1893 623 600-2342 17138           Birksgate        67      10113      250                                   
1893 6232100-2430 17138           Birksgate        93      10110      256                                   
1893 624 100-2517 16742           Birksgate        67      10112      244                                   
1893 624 600-2588 16742           Birksgate        67      10114      233                                   
1893 6242000-2660 16742           Birksgate        67      10146      228                                   
1893 625 100-2731 16406           Birksgate        26      10138      217                                   
1893 625 600-2731 16460           Birksgate        10      10136      211                                   
1893 6252000-2731 16460           Birksgate        67      10106      211                                   
1893 626 100-2943 15955           Birksgate        93      10102      200                                   
1893 626 700-3155 15450           Birksgate        93      10098      194                                   
1893 627 200-3137 15520           Birksgate        46      10114      178                                   
1894 1 81900-1808 17826           Birksgate        10       9933      261                                   
1894 115 100-2531 16535           Birksgate        93      10045      267                                   
1894 115 600-2639 16535           Birksgate        46      10040      261                                   
1894 1152000-2748 16375           Birksgate        46      10055      256                                   
1894 116 100-2856 16215           Birksgate        46      10057      267                                   
1894 116 600-2921 16215           Birksgate        10      10047      272                                   
1894 1162000-2985 16062           Birksgate        93      10053      239                                   
1894 117 100-3050 15909           Birksgate        67      10066      244                                   
1894 117 600-3115 15756           Birksgate        93      10056      244                                   
1894 1172100-3179 15603           Birksgate        93      10116      233                                   
1894 118 200-3244 15450           Birksgate        93      10123      233                                   
1894 118 700-3309 15450           Birksgate        93      10135      228                                   
1894 119 700-3373 15450           Birksgate                                                                 
1894 4 52200-3141 15412           Birksgate        67      10241      228                                   
1894 4 6 200-3141 15412           Birksgate        93      10233      233                                   
1894 4 6 700-3141 15412           Birksgate        93      10207      228                                   
1894 4 62100-3077 15519           Birksgate                           233                                   
1894 4 62200-3014 15627           Birksgate        93      10172      233                                   
1894 4 7 200-2950 15734           Birksgate        93      10198      233                                   
1894 4 7 700-2851 15734           Birksgate        93      10176      239                                   
1894 4 72000-2752 15879           Birksgate        93      10156      233                                   
1894 4 8 100-2653 16024           Birksgate       123      10145      233                                   
1894 4 8 600-2653 16024           Birksgate        93      10124      239                                   
1894 4 82000-2546 16186           Birksgate        93      10133      239                                   
1894 4 9 100-2439 16348           Birksgate        93      10126      239                                   
1894 4 9 600-2439 16348           Birksgate        93      10112      244                                   
1894 4 92000-2411 16405           Birksgate       123      10135      244                                   
1894 410 100-2383 16462           Birksgate        93      10128      267                                   
1894 410 600-2354 16519           Birksgate        93      10136      256                                   
1894 4102000-2326 16577           Birksgate       123      10139      256                                   
1894 411 100-2298 16634           Birksgate        93      10132      278                                   
1894 411 600-2270 16691           Birksgate        67      10127      267                                   
1894 411 700-2242 16748           Birksgate        67      10127      267                                   
1894 4112000-2214 16805           Birksgate        67      10119      250                                   
1894 412 100-2185 16862           Birksgate        93      10125      256                                   
1894 412 600-2157 16920           Birksgate        93      10093      261                                   
1894 4122000-2129 16977           Birksgate        93      10093      261                                   
1894 413 100-2101 17034           Birksgate       123      10079      267                                   
1894 413 600-2053 17156           Birksgate       123      10065      267                                   
1894 4131900-2006 17278           Birksgate        67      10056      278                                   
1894 414   0-1958 17400           Birksgate        46      10047      289                                   
1894 414 500-1958 17400           Birksgate        46      10042      283                                   
1894 4141900-1908 17542           Birksgate        46      10039      278                                   
1894 415   0-1858 17683           Birksgate        26      10041      283                                   
1894 415 500-1808 17825           Birksgate        26      10035      278                                   
1894 628 600-3367 15400           Birksgate        67      10187      161                                   
1894 6282200-3289 15505           Birksgate        93      10215      189                                   
1894 629 200-3211 15610           Birksgate        93                                                       
1894 629 600-3133 15715           Birksgate       123                                                       
1894 6292100-3055 15820           Birksgate       123      10247      189                                   
1894 630 100-2977 15925           Birksgate        93                                                       
1894 630 600-2900 16030           Birksgate        93                 189                                   
1894 6302100-2822 16135           Birksgate        46      10215      183                                   
1894 7 1 100-2744 16240           Birksgate        46      10229      200                                   
1894 7 1 500-2638 16309           Birksgate        46      10206      211                                   
1894 7 12100-2532 16378           Birksgate        46      10197      222                                   
1894 7 2 100-2426 16447           Birksgate        67      10184      211                                   
1894 7 2 500-2326 16487           Birksgate        46      10162      222                                   
1894 7 22100-2227 16526           Birksgate        26      10163      211                                   
1894 7 3 100-2227 16566           Birksgate        46      10161      222                                   
1894 7 3 500-2227 16605           Birksgate        46      10141      222                                   
1894 7 32000-2227 16645           Birksgate                                                                 
1894 7 32100-2199 16680           Birksgate         0      10142      211                                   
1894 7 4 100-2171 16715           Birksgate        26      10128      217                                   
1894 7 4 600-2144 16750           Birksgate                10119      228                                   
1894 7 42000-2116 16785           Birksgate                10098      233                                   
1894 7 5 100-2088 16820           Birksgate        10      10103      239                                   
1894 7 5 600-2060 16855           Birksgate        10      10089      244                                   
1894 7 52100-2032 16890           Birksgate        26      10069      244                                   
1894 7 6 100-2005 16925           Birksgate        26      10065      267                                   
1894 7 6 600-1977 16960           Birksgate        10      10059      261                                   
1894 7 62000-1949 16995           Birksgate         0      10080      256                                   
1894 7 7 100-1921 17030           Birksgate        46      10084      250                                   
1894 7 7 600-1894 17065           Birksgate        46      10081      244                                   
1894 7 72100-1866 17100           Birksgate        46      10094      244                                   
1894 7 8 100-1838 17135           Birksgate        67      10087      250                                   
1894 7 8 400-1845 17297           Birksgate        93      10079      256                                   
1894 7 81900-1852 17458           Birksgate        67                 256                                   
1894 7 9   0-1859 17620           Birksgate        93      10086      256                                   
1894 7 9 400-1866 17782           Birksgate        46      10082      261                                   
1894 8 61900 -738-16708           Birksgate        46      10098      239                                   
1894 8 62300 -832-16835           Birksgate        46      10101      239                                   
1894 8 7 400 -925-16962           Birksgate        46      10099      233                                   
1894 8 71900-1018-17089           Birksgate        93      10133      233                                   
1894 8 72300-1112-17216           Birksgate        67      10116      256                                   
1894 8 8 500-1205-17343           Birksgate        93      10113      256                                   
1894 8 81900-1298-17470           Birksgate        93      10139      244                                   
1894 8 9   0-1392-17597           Birksgate        93      10125      250                                   
1894 8 9 500-1485-17724           Birksgate        67      10119      250                                   
1894 8 91900-1578-17851           Birksgate        67      10117      244                                   
1894 810   0-1672-17978           Birksgate       123      10104      261                                   
1894 810   0-1765 17895           Birksgate        93      10085      256                                   
1894 810 500-1858 17768           Birksgate        93      10080      250                                   
1894 8101900-1952 17641           Birksgate        26      10055      244                                   
1894 811   0-2045 17514           Birksgate        26      10088      250                                   
1894 811 500-2138 17387           Birksgate        10      10086      244                                   
1894 8111900-2232 17260           Birksgate        67      10132      233                                   
1894 812 100-2325 17133           Birksgate        67      10136      217                                   
1894 812 500-2402 17002           Birksgate        67      10130      211                                   
1894 8122000-2478 16871           Birksgate        26      10157      217                                   
1894 813 100-2555 16740           Birksgate        10      10145      228                                   
1894 813 500-2635 16627           Birksgate        10      10128      217                                   
1894 8132000-2716 16513           Birksgate        67      10151      222                                   
1894 814 100-2796 16400           Birksgate        93      10148      206                                   
1894 814 500-2876 16274           Birksgate        93      10136      200                                   
1894 8142000-2957 16147           Birksgate        93      10161      194                                   
1894 815 100-3037 16021           Birksgate        67      10151      194                                   
1894 815 500-3037 16021           Birksgate        93      10142      189                                   
1894 816 200-3153 15654           Birksgate        46      10175      178                                   
1894 8232200-3494 15281           Birksgate        93      10121      200                                   
1894 824 200-3403 15416           Birksgate        93      10116      183                                   
1894 824 700-3312 15551           Birksgate        93      10102      178                                   
1894 8242100-3221 15686           Birksgate        67      10113      189                                   
1894 825 100-3130 15821           Birksgate        46      10096      189                                   
1894 825 600-3039 15931           Birksgate        46                 194                                   
1894 8252100-2948 16040           Birksgate        26      10175      211                                   
1894 826 100-2857 16150           Birksgate        10      10117      211                                   
1894 826 500-2752 16216           Birksgate        10                 217                                   
1894 8262100-2646 16283           Birksgate        26      10123      222                                   
1894 827 100-2541 16349           Birksgate        46      10123      222                                   
1894 827 600-2541 16349           Birksgate        10      10102      222                                   
1894 8272000-2541 16349           Birksgate        26      10121      233                                   
1894 828 100-2493 16429           Birksgate        10      10084      250                                   
1894 828 600-2444 16508           Birksgate                10078      244                                   
1894 8282000-2396 16588           Birksgate        46      10085      239                                   
1894 829 100-2347 16668           Birksgate        67                 244                                   
1894 829 600-2299 16747           Birksgate        67                 233                                   
1894 8292000-2251 16827           Birksgate                10098      239                                   
1894 830 100-2202 16907           Birksgate        46      10130      244                                   
1894 830 600-2154 16987           Birksgate                10137      244                                   
1894 8302000-2105 17066           Birksgate        46      10131      233                                   
1894 831 100-2057 17146           Birksgate        10      10138      233                                   
1894 831 400-2020 17279           Birksgate        10      10127      239                                   
1894 8312000-1983 17413           Birksgate        26      10130      239                                   
1894 9 1   0-1946 17546           Birksgate                10125      244                                   
1894 9 1 500-1909 17679           Birksgate        26      10101      244                                   
1894 9 2   0-1872 17813           Birksgate        67      10113      256                                   
1894 9 2 500-1835 17946           Birksgate        26      10114      250                                   
1895 2 8 600-3185 15402           Birksgate       123      10107      228                                   
1895 2 82100-3093 15511           Birksgate         0      10111      239                                   
1895 2 9 200-3000 15620           Birksgate         0      10115      250                                   
1895 2 9 700-2907 15729           Birksgate         0      10100      256                                   
1895 2 92000-2815 15838           Birksgate        26      10100      250                                   
1895 210 100-2722 15947           Birksgate        26      10114      261                                   
1895 210 500-2629 16072           Birksgate        10      10103      267                                   
1895 2102000-2537 16197           Birksgate        26      10114      256                                   
1895 211 100-2444 16322           Birksgate        46      10112      261                                   
1895 211 500-2416 16380           Birksgate        67      10103      256                                   
1895 2112000-2389 16439           Birksgate        67      10054      267                                   
1895 212 100-2361 16497           Birksgate        46      10061      261                                   
1895 212 700-2334 16556           Birksgate        26      10053      267                                   
1895 2122100-2306 16614           Birksgate        26      10067      267                                   
1895 213 100-2279 16673           Birksgate        46      10055      294                                   
1895 213 600-2251 16731           Birksgate        26      10048      294                                   
1895 2132000-2224 16790           Birksgate        46      10035      250                                   
1895 214 100-2196 16848           Birksgate        46      10038      250                                   
1895 214 700-2169 16907           Birksgate        46      10036      244                                   
1895 2142000-2141 16965           Birksgate        10                 278                                   
1895 215 100-2114 17024           Birksgate        46      10018      289                                   
1895 215 600-2082 17082           Birksgate        93      10014      289                                   
1895 2152000-2049 17141           Birksgate        67      10056      283                                   
1895 216 100-2017 17199           Birksgate         0      10046      300                                   
1895 216 500-2017 17258           Birksgate        10                 306                                   
1895 2161900-2017 17316           Birksgate        26      10048      289                                   
1895 217   0-2017 17375           Birksgate        46      10048      306                                   
1895 2171900-2017 17433           Birksgate         0      10043      294                                   
1895 2191900-1272-17291           Birksgate                10027      289                                   
1895 220   0-1359-17423           Birksgate        10      10035      306                                   
1895 220 600-1446-17556           Birksgate        26      10024      294                                   
1895 2202000-1533-17688           Birksgate                10036      283                                   
1895 221   0-1620-17820           Birksgate        26      10037      300                                   
1895 221   0-1794 17915           Birksgate        46      10017      306                                   
1895 221 600-1707-17953           Birksgate        26                 300                                   
1895 221 600-1881 17783           Birksgate        46      10025      300                                   
1895 2212000-1968 17650           Birksgate        67      10015      300                                   
1895 222   0-2055 17518           Birksgate        67      10011      311                                   
1895 222 600-2142 17386           Birksgate        46      10006      300                                   
1895 2221900-2229 17253           Birksgate        67                                                       
1895 223 100-2316 17121           Birksgate        93      10020      306                                   
1895 2232100-2420 16916           Birksgate        93      10015      278                                   
1895 224 100-2525 16711           Birksgate        93      10013      256                                   
1895 224 600-2621 16483           Birksgate       123       9993      256                                   
1895 225 100-2717 16255           Birksgate       123       9969      261                                   
1895 225 500-2739 16169           Birksgate        93                 261                                   
1895 2251200-2761 16083           Birksgate       190                 256                                   
1895 2251700-2783 15996           Birksgate       190       9961      256                                   
1895 2252000-2805 15910           Birksgate       190       9974      256                                   
1895 226 100-2827 15824           Birksgate       123       9981      239                                   
1895 226 700-2924 15738           Birksgate       123       9992      233                                   
1895 2262200-3021 15652           Birksgate        93      10057      233                                   
1895 227 200-3118 15565           Birksgate        67      10070      244                                   
1895 227 700-3215 15479           Birksgate        46      10077      244                                   
1895 228 700-3312 15393           Birksgate                                                                 
1895 9 91900-1808 17826           Birksgate        46      10084      267                                   
1895 910   0-1808 17826           Birksgate        46      10095      278                                   
1895 910 500-1808 17826           Birksgate        26      10091      267                                   
1895 9101900-1808 17826           Birksgate        10      10160      256                                   
1895 911   0-1808 17826           Birksgate        26      10100      289                                   
1895 911 500-1808 17826           Birksgate        26      10105      261                                   
1895 9111900-1808 17826           Birksgate         0      10118      244                                   
1895 912   0-1808 17826           Birksgate        10      10110      289                                   
1895 912 500-1808 17826           Birksgate        10      10109      278                                   
1895 9121900-1808 17826           Birksgate         0      10125      261                                   
1895 913   0-1808 17844           Birksgate        46      10127      289                                   
1895 913 500-1808 17826           Birksgate        26      10121      283                                   
1895 913 600-1808 17826           Birksgate        26      10121      283                                   
1895 913 800-1808 17826           Birksgate        26      10121      283                                   
1895 9132000-1808 17826           Birksgate        10      10131      267                                   
1895 914   0-1808 17826           Birksgate        46      10131      289                                   
1895 914 500-1808 17826           Birksgate        26      10123      272                                   
1895 9141600-1900 17800           Birksgate                10103      233                                   
1895 9141900-1808 17826           Birksgate        10      10128      267                                   
1895 915   0-1808 17826           Birksgate        46      10129      278                                   
1895 915   0-1900 17800           Birksgate         0      10103      233                                   
1895 915 500-1808 17826           Birksgate        26      10123      272                                   
1895 915 800-1900 17800           Birksgate                10103      233                                   
1895 9151900-1808 17826           Birksgate        10      10122      278                                   
1895 916   0-1808 17826           Birksgate        46      10109      294                                   
1895 916 500-1808 17826           Birksgate        46      10094      289                                   
1895 916 800-1900 17800           Birksgate        10      10103      233                                   
1895 9161900-1808 17826           Birksgate         0      10119      256                                   
1895 917   0-1808 17826           Birksgate        10      10107      289                                   
1895 917 500-1808 17826           Birksgate        26      10101      283                                   
1895 917 800-1900 17800           Birksgate        67      10100      211                                   
1895 9171600-1900 17800           Birksgate        26      10098      222                                   
1895 9171900-1808 17826           Birksgate        10      10116      256                                   
1895 918   0-1808 17826           Birksgate        26      10115      283                                   
1895 918   0-1900 17800           Birksgate        10      10103      233                                   
1895 918 500-1808 17826           Birksgate        10      10113      272                                   
1895 918 800-1900 17800           Birksgate        10      10103      233                                   
1895 9181600-1900 17800           Birksgate        26      10135      244                                   
1895 9181900-1808 17826           Birksgate         0      10118      261                                   
1895 919   0-1808 17826           Birksgate        46      10111      283                                   
1895 919   0-1900 17800           Birksgate        46      10133      256                                   
1895 919 500-1808 17826           Birksgate        46      10093      294                                   
1895 919 800-2000 17700           Birksgate        46      10127      256                                   
1895 9191600-2200 17600           Birksgate        46      10123      244                                   
1895 920   0-2200 17500           Birksgate        10      10112      233                                   
1895 920 800-2200 17400           Birksgate        26      10092      233                                   
1895 9201600-2300 17300           Birksgate        26      10083      250                                   
1895 921 100-2400 17200           Birksgate        26      10083      250                                   
1895 921 900-2500 17100           Birksgate        26      10083      256                                   
1895 9211700-2700 17000           Birksgate        46      10098      256                                   
1895 922 100-2800 16900           Birksgate        46      10094      244                                   
1895 922 900-2900 16900           Birksgate                10097      233                                   
1895 9221700-2900 16900           Birksgate        67      10060      233                                   
1895 923 100-3000 16800           Birksgate       190      10029      222                                   
1895 923 900-3100 16800           Birksgate       226       9997      211                                   
1895 9231700-3100 16600           Birksgate       268       9994      189                                   
1895 924 100-3100 16600           Birksgate       268       9966      178                                   
1895 924 900-3100 16400           Birksgate       268                                                       
1895 9241700-3000 16200           Birksgate       154      10012      178                                   
1895 925 100-3000 16200           Birksgate       123      10046      178                                   
1895 925 900-3100 16100           Birksgate        93      10087      178                                   
