1893 818 100-2228 16617           Boomerang        46      10195      222                                   
1895 9122100-2213 16717           Boomerang        10      10168      217                                   
1895 913 500-2213 16717           Boomerang        10      10156      233                                   
1895 9132100-2213 16717           Boomerang        26      10163      250                                   
1895 914 500-2213 16717           Boomerang        26      10141      261                                   
1895 9142100-2016 16801           Boomerang        26      10180      239                                   
1895 915 500-1972 16886           Boomerang        26      10162      244                                   
1895 9152100-1929 16970           Boomerang        10      10175      250                                   
1895 916 500-1929 16970           Boomerang        10      10142      267                                   
1895 9162100-1849 16925           Boomerang        10      10164      228                                   
1895 917 500-1849 16879           Boomerang        26      10145      267                                   
1895 9172100-1814 16834           Boomerang        46      10172      261                                   
1895 918 500-1814 16834           Boomerang        10      10139      239                                   
1895 9182100-1744 16818           Boomerang        10      10160      250                                   
1895 919 500-1744 16818           Boomerang        26      10117      267                                   
1895 9192100-1652 16804           Boomerang        67      10117      267                                   
1895 920 500-1652 16840           Boomerang        26      10095      278                                   
1895 9202100-1621 16749           Boomerang        10      10146      228                                   
1895 921 500-1621 16749           Boomerang        10      10123      267                                   
1895 9212100-1601 16757           Boomerang        10      10169      233                                   
1895 922 500-1572 16757           Boomerang        10      10126      267                                   
1895 9222100-1544 16755           Boomerang        26      10161      239                                   
1895 923 500-1544 16754           Boomerang        26      10130      261                                   
1895 9232100-1544 16752           Boomerang        26      10167      244                                   
1895 924 500-1544 16750           Boomerang        26      10144      261                                   
1895 9242100-1544 16749           Boomerang        46      10167      244                                   
1895 925 500-1544 16747           Boomerang        46      10138      256                                   
1895 9252100-1544 16745           Boomerang        67      10140      267                                   
1895 926 500-1530 16744           Boomerang        46      10109      267                                   
1895 9262100-1517 16742           Boomerang        67      10123      267                                   
1895 927 500-1517 16742           Boomerang        10      10096      267                                   
