1893 1 1   0-3100 15500           Borough b       190      10046      183                                   
1893 1 2   0-2800 15700           Borough b       123      10058      200                                   
1893 1 3   0-2500 15600           Borough b        93      10050      233                                   
1893 1 4   0-2400 15700           Borough b        93      10031      244                                   
1893 1 42300-2200 15800           Borough b        46      10033      261                                   
1893 1 6   0-2100 15700           Borough b        67      10057      278                                   
1893 1 7   0-2100 15600           Borough b        46      10055      289                                   
1893 1 72300-2000 15800           Borough b        46      10088      289                                   
1893 1 9   0-2000 15700           Borough b        46      10105      289                                   
1893 110   0-1900 15600           Borough b        46      10121      289                                   
1893 111   0-1800 15500           Borough b        46      10119      300                                   
1893 112   0-1700 15400           Borough b        46      10253      300                                   
1893 113   0-1600 15300           Borough b        46      10083      306                                   
1893 114   0-1500 15200           Borough b        46      10083      306                                   
1893 115   0-1400 15100           Borough b        26      10046      322                                   
1893 116   0-1300 15000           Borough b        46      10029      322                                   
1893 117   0-1100 15000           Borough b        93      10015      300                                   
1893 118   0-1089 15033           Borough b        93      10030      311                                   
1893 119   0-1078 15067           Borough b        93      10030      306                                   
1893 120   0-1067 15100           Borough b        93       9998      300                                   
1893 121   0-1056 15133           Borough b        93       9998      300                                   
1893 122   0-1044 15167           Borough b                10014      306                                   
1893 123   0-1033 15200           Borough b        46      10014      300                                   
1893 124   0-1022 15233           Borough b        46       9998      300                                   
1893 125   0-1011 15267           Borough b        46       9998      300                                   
1893 126   0-1000 15300           Borough b        46      10017      283                                   
1893 127   0 -900 15300           Borough b       123       9999      289                                   
1893 128   0 -850 15300           Borough b        67      10014      300                                   
1893 129   0 -800 15300           Borough b        67       9997      300                                   
1893 130   0 -750 15300           Borough b        67      10014      300                                   
1893 131   0 -700 15300           Borough b        67      10014      300                                   
1893 2232300 -945 16045           Borough b        46      10084      283                                   
1893 325   0 3120 15325           Borough b        67      10244      211                                   
