1893 1 42200 2933  3232           Britannia        10      10099      222                                   
1893 1 5 600 2935  3232           Britannia        26      10129      122                                   
1893 1 51000 2937  3232           Britannia        10      10125      206                                   
1893 1 51400 2939  3232           Britannia        26      10125      206                                   
1893 1 51800 2939  3232           Britannia        10      10106      222                                   
1893 1 52200 2427  3613           Britannia        67      10034      267                                   
1893 1 6 200 2427  3613           Britannia         0      10081      228                                   
1893 1 6 600 2427  3613           Britannia        46       9954      239                                   
1893 1 61000 2427  3613           Britannia        67      10075      283                                   
1893 1 61400 2427  3613           Britannia        67      10060      272                                   
1893 1 61800 2427  3613           Britannia        67      10041      267                                   
1893 1 62100 1920  3933           Britannia        67      10082      261                                   
1893 1 7 100 1920  3933           Britannia        46      10065      261                                   
1893 1 7 500 1920  3933           Britannia        93      10090      256                                   
1893 1 7 900 1920  3933           Britannia        93      10094      250                                   
1893 1 71300 1920  3933           Britannia        93      10069      256                                   
1893 1 71700 1920  3933           Britannia        67      10079      261                                   
1893 1 72100 1433  4218           Britannia       123      10097      256                                   
1893 1 8 100 1433  4218           Britannia        93      10064      256                                   
1893 1 8 500 1433  4218           Britannia        67      10085      267                                   
1893 1 8 900 1433  4218           Britannia        93      10072      283                                   
1893 1 81300 1433  4218           Britannia       154      10061      272                                   
1893 1 81700 1433  4218           Britannia       154      10080      256                                   
1893 111 800 1049  5730           Britannia        67      10102      261                                   
1893 1132300  749  7550           Britannia        67      10071      278                                   
1893 114 300  749  7550           Britannia        67      10098      278                                   
1893 114 700  749  7550           Britannia        26      10091      278                                   
1893 1141100  749  7550           Britannia        46      10065      272                                   
1893 1141500  749  7550           Britannia        26      10053      267                                   
1893 1141900  685  7634           Britannia                                                                 
1893 1142300  621  7717           Britannia        46      10053      261                                   
1893 115 300  558  7801           Britannia        46      10072      267                                   
1893 115 700  494  7884           Britannia        26      10057      278                                   
1893 1151100  430  7968           Britannia        10      10065      272                                   
1893 1151500  366  8052           Britannia        10      10086      267                                   
1893 1151900  303  8135           Britannia                                                                 
1893 1152300  239  8219           Britannia        26      10074      256                                   
1893 1212100-2368 10278           Britannia        67      10087      228                                   
1893 122 100-2447 10361           Britannia        93      10100      233                                   
1893 122 500-2526 10444           Britannia        93      10086      239                                   
1893 122 900-2605 10527           Britannia        93      10083      239                                   
1893 1221300-2684 10610           Britannia        93      10092      233                                   
1893 1221700-2763 10692           Britannia                                                                 
1893 1222100-2842 10775           Britannia        93      10091      206                                   
1893 123 100-2921 10858           Britannia        93                 222                                   
1893 123 500-3000 10941           Britannia        93                                                       
1893 123 900-3067 11024           Britannia        93                                                       
1893 1231300-3135 11107           Britannia        67                 222                                   
1893 1231700-3202 11189           Britannia                                                                 
1893 1232000-3269 11272           Britannia        67      10108      206                                   
1893 124   0-3337 11355           Britannia        93      10118      206                                   
1893 124 400-3404 11438           Britannia        93      10133      222                                   
1893 124 800-3438 11534           Britannia        67      10135      211                                   
1893 1241200-3471 11630           Britannia        46      10163      206                                   
1893 1241600-3505 11726           Britannia        46                                                       
1893 1242000-3539 11822           Britannia        46      10168      183                                   
1893 125   0-3572 11918           Britannia        67      10180      189                                   
1893 125 400-3606 12014           Britannia        67      10184      211                                   
1893 125 800-3592 12135           Britannia        67      10168      206                                   
1893 1251200-3578 12256           Britannia        67      10181      183                                   
1893 1251600-3563 12377           Britannia                                                                 
1893 1252000-3549 12498           Britannia        46      10173      172                                   
1893 126   0-3535 12619           Britannia        46      10184      183                                   
1893 126 400-3521 12740           Britannia        26      10178      200                                   
1893 127 300-3541 13804           Britannia        67      10166      194                                   
1893 127 700-3541 13804           Britannia        26      10129      194                                   
1893 1271100-3541 13804           Britannia        26      10125      194                                   
1893 1271500-3541 13804           Britannia        26                                                       
1893 1271900-3541 13804           Britannia        10      10114      200                                   
1893 1272300-3541 13804           Britannia        93      10116      211                                   
1893 128 300-3541 13804           Britannia        67      10120      206                                   
1893 128 700-3591 13904           Britannia        67      10117      183                                   
1893 1281100-3641 14003           Britannia        67      10132      178                                   
1893 1281500-3691 14103           Britannia        26                                                       
1893 1281900-3742 14203           Britannia        46      10123      178                                   
1893 1282200-3792 14302           Britannia        46      10142      167                                   
1893 129 200-3842 14402           Britannia        26      10147      183                                   
1893 129 600-3892 14502           Britannia        67      10141      178                                   
1893 1291000-3942 14601           Britannia        26      10155      178                                   
1893 1291900-3752 13408           Britannia        67      10135      167                                   
1893 1292300-3752 13525           Britannia        67      10141      172                                   
1893 130 300-3752 13641           Britannia        67      10153      178                                   
1893 130 700-3751 13758           Britannia        93      10147      178                                   
1893 1301100-3751 13874           Britannia        93      10134      172                                   
1893 1301500-3751 13991           Britannia       123                                                       
1893 1301900-3751 14107           Britannia        10      10129      161                                   
1893 1302300-3750 14224           Britannia        26      10106      178                                   
1893 131 200-3750 14340           Britannia        67      10079      222                                   
1893 131 600-3750 14457           Britannia        93                 222                                   
1893 1311400-3750 14574           Britannia                                                                 
1893 1311800-3749 14690           Britannia        67      10084      189                                   
1893 1312200-3749 14806           Britannia        93                 222                                   
1893 2 1 200-3749 14923           Britannia                10105      228                                   
1893 2 1 600-3683 14955           Britannia        67      10111      228                                   
1893 2 11000-3616 14986           Britannia        26      10131      222                                   
1893 2 11400-3550 15018           Britannia         0      10118      239                                   
1893 2 11800-3484 15050           Britannia        46      10123      228                                   
1893 2 12200-3417 15081           Britannia        46      10129      244                                   
1893 2 2 200-3351 15113           Britannia        26      10123      261                                   
1893 2 2 600-3351 15113           Britannia        26      10103      256                                   
1893 2 21000-3351 15113           Britannia        10      10130      239                                   
1894 119 200 2654  3078           Britannia                10178       94                                   
1894 119 600 2582  3155           Britannia                10179      106                                   
1894 1191000 2509  3232           Britannia        26                                                       
1894 1191400 2437  3309           Britannia        67      10139      178                                   
1894 1191800 2364  3386           Britannia                10143      172                                   
1894 1192200 2292  3464           Britannia        10                 233                                   
1894 120 200 2219  3541           Britannia        46      10103      206                                   
1894 120 600 2147  3618           Britannia        46      10108      211                                   
1894 1201000 2074  3695           Britannia        46                 244                                   
1894 121 100 2002  3773           Britannia        10      10091      250                                   
1894 121 500 1930  3850           Britannia        10      10093      256                                   
1894 121 900 1857  3927           Britannia        26      10105      261                                   
1894 1211300 1784  3974           Britannia        26      10080      267                                   
1894 1211700 1712  4021           Britannia        26      10093      250                                   
1894 1212100 1639  4068           Britannia                           244                                   
1894 122 100 1567  4115           Britannia        46      10100      244                                   
1894 122 500 1494  4162           Britannia        67      10090      278                                   
1894 122 900 1422  4209           Britannia       123                                                       
1894 1221300 1349  4256           Britannia                10079      261                                   
1894 1221700 1277  4303           Britannia                10111      250                                   
1894 123 900 1240  4557           Britannia                10132      267                                   
1894 1302200   17  8325           Britannia                10129      267                                   
1894 131 200  -52  8388           Britannia        26      10105      272                                   
1894 131 600 -120  8452           Britannia        26      10103      283                                   
1894 1311000 -188  8515           Britannia        26      10077      278                                   
1894 1311400 -257  8579           Britannia        46                 278                                   
1894 1311800 -325  8642           Britannia        26                                                       
1894 1312200 -393  8706           Britannia        26      10071      272                                   
1894 2 1 200 -462  8769           Britannia        26      10088      272                                   
1894 2 1 600 -530  8833           Britannia       123      10083      261                                   
1894 2 11000 -598  8897           Britannia        93      10057      278                                   
1894 2 11400 -667  8962           Britannia                10080      244                                   
1894 2 11800 -735  9026           Britannia                                                                 
1894 2 12200 -803  9090           Britannia        10      10081      261                                   
1894 2 2 200 -872  9155           Britannia        26      10081      261                                   
1894 2 2 600 -940  9219           Britannia         0      10078      278                                   
1894 2 21000-1008  9283           Britannia        26      10058      261                                   
1894 2 21400-1077  9348           Britannia        26      10072      256                                   
1894 2 21800-1145  9412           Britannia       123                                                       
1894 2 22200-1213  9476           Britannia        67                                                       
1894 2 3 200-1282  9541           Britannia       123                 261                                   
1894 2 3 600-1350  9605           Britannia       123      10061      267                                   
1894 2 31000-1418  9669           Britannia       190      10040      256                                   
1894 2 31400-1487  9734           Britannia       154      10067      256                                   
1894 2 31800-1493  9663           Britannia       123      10093      244                                   
1894 2 32200-1555  9717           Britannia       154      10070      261                                   
1894 2 4 100-1618  9771           Britannia       154                 256                                   
1894 2 4 500-1680  9825           Britannia       123      10093      267                                   
1894 2 4 900-1743  9879           Britannia       123      10072      272                                   
1894 2 41300-1806  9933           Britannia       123      10090      250                                   
1894 2 41700-1868  9986           Britannia       123      10068      239                                   
1894 2 42100-1931 10040           Britannia       123      10091      244                                   
1894 2 5 100-1993 10094           Britannia       154      10095      244                                   
1894 2 5 500-2056 10148           Britannia       154      10099      244                                   
1894 2 5 900-2119 10205           Britannia       154      10068      250                                   
1894 2 51300-2181 10261           Britannia       123      10115      233                                   
1894 2 51700-2244 10318           Britannia        93      10120      228                                   
1894 2 52100-2306 10375           Britannia       123      10064      239                                   
1894 2 6 100-2369 10432           Britannia       154      10079      233                                   
1894 2 6 500-2431 10488           Britannia       154      10087      250                                   
1894 2 6 900-2494 10545           Britannia       123      10076      256                                   
1894 2 61300-2557 10602           Britannia       123      10108      233                                   
1894 2 61700-2619 10659           Britannia       123      10132      211                                   
1894 2 62100-2682 10715           Britannia        93      10117      222                                   
1894 2 7 100-2744 10772           Britannia       123      10136      233                                   
1894 2 7 500-2807 10829           Britannia       123      10119      239                                   
1894 2 7 900-2870 10886           Britannia       123      10124      250                                   
1894 2 71300-2932 10942           Britannia       123      10136      222                                   
1894 216 200-3800 14906           Britannia        46      10160      183                                   
1894 5232200 3018  3556           Britannia        46      10065      267                                   
1894 5241000 2935  3556           Britannia        46      10099      261                                   
1894 5241400 2852  3556           Britannia        67      10083      272                                   
1894 5241800 2769  3556           Britannia        67      10030      267                                   
1894 5242200 2686  3556           Britannia        10      10068      278                                   
1894 525 200 2603  3556           Britannia        67      10060      261                                   
1894 525 600 2520  3556           Britannia        26      10067      272                                   
1894 5251000 2437  3556           Britannia         0      10073      272                                   
1894 5251400 2354  3556           Britannia         0                 289                                   
1894 5251800 2271  3616           Britannia        10      10064      283                                   
1894 5252200 2188  3677           Britannia        26                 306                                   
1894 526 200 2105  3737           Britannia        10                 283                                   
1894 526 500 2022  3797           Britannia        26      10067      294                                   
1894 526 900 1939  3857           Britannia        26                 300                                   
1894 5261300 1856  3918           Britannia        26      10049      317                                   
1894 5261700 1773  3978           Britannia        26      10036      311                                   
1894 5262100 1690  4038           Britannia        26      10042      294                                   
1894 527 100 1607  4098           Britannia        26      10037      300                                   
1894 527 500 1524  4159           Britannia         0                 311                                   
1894 527 900 1441  4219           Britannia         0      10055      311                                   
1894 5271300 1358  4279           Britannia        10                 333                                   
1894 5271700 1275  4340           Britannia        26      10047      289                                   
1894 6 2 700  741  7520           Britannia        67                 244                                   
1894 6121700-2868 10976           Britannia        93       9957      200                                   
1894 6122100-2922 11024           Britannia        10      10129      200                                   
1894 613 100-2977 11071           Britannia        46      10120      194                                   
1894 613 500-3031 11119           Britannia        67      10101      211                                   
1894 613 900-3085 11167           Britannia       123      10058      211                                   
1894 6131300-3140 11214           Britannia       123      10025      211                                   
1894 6131600-3194 11262           Britannia       190      10051      156                                   
1894 6132000-3248 11310           Britannia       190       9945      150                                   
1894 614   0-3303 11357           Britannia       226       9979      150                                   
1894 614 400-3357 11405           Britannia       226      10019      156                                   
1894 614 800-3370 11456           Britannia       190      10045      161                                   
1894 6141200-3383 11508           Britannia       154      10063      156                                   
1894 6141600-3397 11559           Britannia       123      10050      172                                   
1894 6142000-3410 11611           Britannia       154      10068      167                                   
1894 615   0-3423 11662           Britannia       123      10079      161                                   
1894 615 400-3436 11714           Britannia       123      10079      206                                   
1894 615 800-3449 11765           Britannia        93      10070      178                                   
1894 6151200-3462 11817           Britannia        93      10050      178                                   
1894 6151600-3475 11868           Britannia       154      10045      144                                   
1894 6152000-3489 11920           Britannia       123       9999      178                                   
1894 616   0-3502 11971           Britannia       123      10009      161                                   
1894 616 400-3515 12023           Britannia       190      10007      172                                   
1894 616 800-3528 12074           Britannia       154      10031      150                                   
1894 6161200-3541 12126           Britannia       154      10056      144                                   
1894 622 200-3743 14946           Britannia        26      10267      167                                   
