1892 8112300-3529 13365           Bullarra        123      10105      156                                   
1892 8122300-3522 13010           Bullarra         46      10110      144                                   
1892 814   0-3515 12655           Bullarra        190      10046      144                                   
1892 815   0-3580 12300           Bullarra         93      10087      161                                   
1892 816   0-3500 11956           Bullarra        123      10068      172                                   
1892 817   0-3540 11830           Bullarra         46      10290      156                                   
1892 818   0-3540 11830           Bullarra        123      10065      172                                   
1892 819   0-3540 11830           Bullarra        190       9979      183                                   
1892 820   0-3550 11655           Bullarra         46      10072      150                                   
1892 821   0-3230 11545           Bullarra         67      10288      150                                   
1892 822   0-3230 11545           Bullarra        123       9998      150                                   
1892 823   0-3230 11545           Bullarra         67                 144                                   
1892 824   0-3230 11545           Bullarra         46      10013      144                                   
1892 825   0-3230 11545           Bullarra         26      10069      150                                   
1892 826   0-3540 11830           Bullarra         93      10056      167                                   
1892 827   0-3540 11830           Bullarra         67       9989      183                                   
1892 828   0-3560 11730           Bullarra         26       9999      183                                   
1892 829   0-3518 12556           Bullarra         67       9989      161                                   
1892 8292300-3518 13516           Bullarra         67      10072      150                                   
1892 8302300-3450 13830           Bullarra         26      10151      178                                   
1892 8312300-3720 13948           Bullarra         67      10131      167                                   
1892 9 12200-3857 14331           Bullarra         93      10092      150                                   
1892 9 22200-3970 14626           Bullarra          0      10087      144                                   
1892 9 32200-3742 14841           Bullarra         46      10077      150                                   
1892 9 42200-3426 15056           Bullarra         26      10056      161                                   
1892 9 52200-3426 15056           Bullarra         67       9983      172                                   
1892 9 62200-3617 15012           Bullarra         67      10044      200                                   
1892 9 72200-3836 14743           Bullarra        190                 117                                   
1892 9 82200-3818 14439           Bullarra         46      10178      117                                   
1892 9 92300-3800 14135           Bullarra         46      10169      128                                   
1893 1102300-3446 13508           Bullarra         46      10070      200                                   
1893 1112300-3513 13024           Bullarra         46      10068      194                                   
1893 113   0-3580 12540           Bullarra         46      10104      206                                   
1893 114   0-3550 12010           Bullarra        123                 189                                   
1893 115   0-3530 11894           Bullarra         46      10129      194                                   
1893 116   0-3530 11778           Bullarra         93      10156      189                                   
1893 117   0-3536 11662           Bullarra         93                 189                                   
1893 118   0-3541 11546           Bullarra        123      10119      233                                   
1893 119   0-3547 11546           Bullarra         67      10140      228                                   
1893 120   0-3553 11546           Bullarra         46      10129      233                                   
1893 121   0-3559 11546           Bullarra         67      10073      244                                   
1893 122   0-3564 11546           Bullarra         67      10106      233                                   
1893 123   0-3570 11736           Bullarra        154      10098      200                                   
1893 124   0-3530 12094           Bullarra        123      10063      222                                   
1893 125   0-3580 12452           Bullarra         26      10110      228                                   
1893 1252300-3513 13010           Bullarra         26      10130      206                                   
1893 1262300-3516 13512           Bullarra                 10113      206                                   
1893 1302200-3980 14600           Bullarra        154      10088      178                                   
1893 2 4 700 3518  1018           Bullarra        123      10122      150                                   
1893 6 1   0-3532 12211           Bullarra         46      10255      161                                   
1893 6 2   0-3615 12655           Bullarra         10      10287      161                                   
1893 6 22300-3700 13133           Bullarra         10      10267      161                                   
1893 6 32300-3733 13640           Bullarra         46      10254      161                                   
1893 6 42300-3820 14052           Bullarra         26      10267      150                                   
1893 6 52200-3818 14439           Bullarra         46      10273      150                                   
1893 6 62200-3830 14504           Bullarra         46      10241      144                                   
1893 6 72200-3734 14945           Bullarra         26      10239      150                                   
1893 6 82200-3429 15058           Bullarra         67      10229      194                                   
1893 6 92200-3429 15058           Bullarra        154      10143      183                                   
1893 6102200-3351 15114           Bullarra        268      10077      189                                   
1893 6112200-3351 15114           Bullarra         93      10132      206                                   
1893 6122200-3351 15114           Bullarra         46      10165      189                                   
1893 6132200-3351 15114           Bullarra         26      10085      183                                   
1893 6142200-3351 15114           Bullarra         10      10033      194                                   
1893 6152100-3616 15820           Bullarra         26      10007      156                                   
1893 6162200-3908 14644           Bullarra        123      10006      139                                   
1893 6172200-3849 14442           Bullarra         67      10049      122                                   
1893 6182200-3849 14442           Bullarra        123      10025      122                                   
1893 6192200-3849 14442           Bullarra         67      10077      117                                   
1893 6202200-3818 14439           Bullarra         26      10081      150                                   
1893 6212300-3803 14040           Bullarra         67      10019      139                                   
1893 6222300-3448 13844           Bullarra         26      10081      133                                   
1893 6232300-3448 13844           Bullarra         46      10123      144                                   
1893 6242300-3529 13630           Bullarra         10      10157      144                                   
1893 6252300-3529 13630           Bullarra        190      10002      167                                   
1893 6262300-3531 13058           Bullarra        268      10022      206                                   
1893 6272300-3521 12926           Bullarra        268      10122      150                                   
1893 629   0-3514 12512           Bullarra         46      10156      150                                   
1893 630   0-3512 12016           Bullarra         46      10122      172                                   
1893 7312300-3523 13690           Bullarra         67      10167      167                                   
1893 8 12300-3518 13310           Bullarra        123      10122      150                                   
1893 8 22300-3570 12900           Bullarra         46      10156      150                                   
1893 8 4   0-3570 12532           Bullarra        154      10152      139                                   
1893 8 5   0-3580 12134           Bullarra         26      10251      150                                   
1893 8 6   0-3540 11961           Bullarra         46      10251      150                                   
1893 8 7   0-3500 11788           Bullarra         46      10249      156                                   
1893 8 8   0-3422 11516           Bullarra         67      10246      172                                   
1893 8 9   0-3200 11534           Bullarra         46      10213      178                                   
1893 810   0-3200 11552           Bullarra         26      10143      194                                   
1893 811   0-3200 11570           Bullarra         26      10111      200                                   
1893 812   0-3268 11514           Bullarra         46      10384      183                                   
1893 813   0-3336 11458           Bullarra         46      10388      167                                   
1893 814   0-3394 11725           Bullarra         67      10168      172                                   
1893 815   0-3452 11991           Bullarra         10      10235      178                                   
1893 816   0-3510 12258           Bullarra         46      10223      150                                   
1893 817   0-3526 12736           Bullarra         46      10220      150                                   
1893 8172300-3536 13236           Bullarra         67      10191      167                                   
1893 8222200-3848 14315           Bullarra         67      10043      156                                   
1893 8232200-3848 14315           Bullarra         67      10043      156                                   
1893 8242200-3848 14315           Bullarra         67      10043      156                                   
1893 8252200-3848 14315           Bullarra         67      10043      156                                   
1893 8262200-3848 14315           Bullarra         26      10115      150                                   
1893 8272200-3848 14315           Bullarra         46      10179      150                                   
1893 8282200-3848 14315           Bullarra         10      10226      150                                   
1893 8292200-3848 14315           Bullarra         67      10033      178                                   
1893 8302200-3848 14315           Bullarra         26      10048      128                                   
189311302300-3611 13837           Bullarra         46      10213      178                                   
189312 12300-3578 13830           Bullarra         26      10194      189                                   
189312 22300-3546 13830           Bullarra         10      10168      244                                   
189312 32300-3513 13257           Bullarra         10      10116      228                                   
189312 6   0-3550 12232           Bullarra         10      10108      194                                   
189312 7   0-3540 11830           Bullarra         46      10093      228                                   
189312 8   0-3427 11510           Bullarra         10      10019      222                                   
189312 9   0-3230 11546           Bullarra        154      10003      222                                   
18931210   0-3230 11546           Bullarra         10      10022      189                                   
18931211   0-3230 11546           Bullarra         10      10055      194                                   
18931212   0-3230 11546           Bullarra         26      10139      200                                   
18931213   0-3230 11546           Bullarra         26      10113      189                                   
18931214   0-3335 11590           Bullarra         46      10115      183                                   
18931215   0-3452 11600           Bullarra         26      10144      200                                   
18931216   0-3540 11830           Bullarra         10      10134      200                                   
18931217   0-3560 12060           Bullarra         10      10109      194                                   
18931218   0-3512 12424           Bullarra         26      10111      178                                   
189312182300-3525 12920           Bullarra         67      10077      178                                   
189312192300-3526 13338           Bullarra         67      10129      189                                   
189312202300-3450 13825           Bullarra         26      10068      228                                   
189312212300-3450 13825           Bullarra         26      10030      233                                   
189312222300-3450 13825           Bullarra         10      10069      244                                   
189312232300-3720 13934           Bullarra         26      10018      261                                   
189312242200-3855 14334           Bullarra         10       9998      228                                   
189312252200-3990 14630           Bullarra        123       9959      206                                   
189312262200-3615 15015           Bullarra        154       9981      172                                   
189312272200-3426 15057           Bullarra        190       9974      228                                   
189312282200-3426 15057           Bullarra        190       9921      178                                   
189312292200-3426 15057           Bullarra        190       9897      244                                   
189312302200-3840 14740           Bullarra         93      10063      178                                   
1894 1312100-3531 15944           Bullarra         10                 183                                   
1894 2 12200-3527 15311           Bullarra         46      10125      194                                   
1894 2 22200-3524 14678           Bullarra         10      10148      200                                   
1894 2 32300-3520 14045           Bullarra         46       9955      244                                   
1894 2 42300-3517 13412           Bullarra         67      10114      200                                   
1894 2 52300-3513 12779           Bullarra         10      10211      222                                   
1894 2 7   0-3510 12146           Bullarra         46      10195      222                                   
1894 2 8   0-3550 11513           Bullarra         46      10139      233                                   
1894 2 9   0-3410 11454           Bullarra         67      10092      228                                   
1894 210   0-3230 11395           Bullarra         67      10063      228                                   
1894 211   0-3230 11336           Bullarra         26      10080      228                                   
1894 228   0-3838 11277           Bullarra         10      10094      217                                   
1894 2282200-3600 15017           Bullarra         46      10209      239                                   
1894 3 12200-3600 15016           Bullarra         10      10244      233                                   
1894 3 22200-3600 15016           Bullarra         10      10174      250                                   
1894 3 32200-3627 15015           Bullarra         46      10378      239                                   
1894 3 42200-3853 14700           Bullarra         46      10161      222                                   
1894 3 52200-3811 14450           Bullarra         26      10208      261                                   
1894 3 62300-3769 14200           Bullarra         10      10100      256                                   
1894 3 72300-3727 13950           Bullarra          0      10072      200                                   
1894 3 82300-3626 13830           Bullarra         26      10117      250                                   
1894 3 92300-3525 13529           Bullarra         46      10176      211                                   
1894 3102300-3622 12910           Bullarra         46      10111      222                                   
1894 312   0-3520 12440           Bullarra         93      10417      200                                   
1894 313   0-3510 12010           Bullarra        123      10212      178                                   
1894 314   0-3673 11765           Bullarra        123      10164      194                                   
1894 315   0-3837 11520           Bullarra         67      10354      194                                   
1894 316   0-3205 11570           Bullarra         67      10274      233                                   
1894 317   0-3205 11570           Bullarra         26      10340      244                                   
1894 318   0-3205 11570           Bullarra         46      10375      233                                   
1894 319   0-3550 11615           Bullarra         46      10114      200                                   
1894 3192300-3527 12830           Bullarra         67      10078      194                                   
1894 321   0-3519 12417           Bullarra         67      10070      183                                   
1894 3212300-3527 12930           Bullarra         67      10039      183                                   
1894 3222300-3518 13517           Bullarra        154       9963      178                                   
1894 3232300-3586 13830           Bullarra         93       9970      178                                   
1894 3242300-3655 13920           Bullarra         93       9971      172                                   
1894 3252300-3717 14190           Bullarra         46      10000      167                                   
1894 3262200-3778 14460           Bullarra         26      10098      150                                   
1894 3272200-3840 14730           Bullarra         26      10426      167                                   
1894 3282200-3511 15057           Bullarra         26      10164      183                                   
1894 4302200-3429 15059           Bullarra         26      10213      206                                   
1894 5 12200-3486 14929           Bullarra        226                 200                                   
1894 5 22200-3543 14817           Bullarra        268                 189                                   
1894 5 32200-3600 14706           Bullarra         46                 122                                   
1894 5 42200-3657 14594           Bullarra         26                 144                                   
1894 5 52200-3714 14483           Bullarra                                                                  
1894 5 62200-3771 14371           Bullarra         46                 133                                   
1894 5 72200-3828 14260           Bullarra         10                 172                                   
1894 5 82300-3640 14043           Bullarra         10                 206                                   
1894 5 92300-3584 13827           Bullarra         10                 200                                   
1894 5102300-3529 13610           Bullarra        154                 161                                   
1894 5112300-3525 13131           Bullarra         10                 178                                   
1894 513   0-3520 12623           Bullarra         67                 178                                   
1894 514   0-3516 12142           Bullarra        226                 172                                   
1894 515   0-3472 12027           Bullarra        226                 150                                   
1894 516   0-3427 11912           Bullarra         93                 161                                   
1894 517   0-3423 11797           Bullarra         67                 156                                   
1894 518   0-3419 11682           Bullarra         93                 161                                   
1894 519   0-3415 11567           Bullarra         26                 161                                   
1894 520   0-3411 11452           Bullarra         67                                                       
1894 523   0-3486 12521           Bullarra         46                 150                                   
1894 5232300-3524 13040           Bullarra         26                 167                                   
1894 5242300-3524 13546           Bullarra         26                 183                                   
1894 5252300-3637 13736           Bullarra         46                 172                                   
1894 5262300-3750 13926           Bullarra         26                 156                                   
1894 5272300-3835 13906           Bullarra         46                 156                                   
1894 5282300-3839 13886           Bullarra         67                 150                                   
1894 5292300-3843 13866           Bullarra         67                 133                                   
1894 5302300-3620 13846           Bullarra        190                 144                                   
1894 5312200-3526 14462           Bullarra        154       9973      133                                   
1894 6 12300-3526 14050           Bullarra                 10037      133                                   
1894 6 22300-3526 13638           Bullarra        190       9933      133                                   
1894 6 32300-3526 13226           Bullarra         26      10120      161                                   
1894 6 42300-3520 12814           Bullarra         46      10077      161                                   
1894 6 8   0-3430 11517           Bullarra        154      10152      167                                   
1894 6 9   0-3399 11517           Bullarra         46      10222      156                                   
1894 610   0-3369 11516           Bullarra         46      10051      167                                   
1894 611   0-3338 11516           Bullarra        123      10074      206                                   
1894 612   0-3307 11516           Bullarra         93      10077      189                                   
1894 613   0-3277 11515           Bullarra         46      10047      183                                   
1894 614   0-3246 11515           Bullarra        268       9942      189                                   
1894 615   0-3408 11721           Bullarra        154      10031      167                                   
1894 616   0-3570 12156           Bullarra        226       9946      178                                   
1894 617   0-3580 12653           Bullarra        123      10003      161                                   
1894 6202300-3752 14015           Bullarra         46      10223      122                                   
1894 6292200-3429 15058           Bullarra         26      10215      133                                   
1895 2 92200-3702 14454           Bullarra         46      10113      194                                   
1895 2102200-3610 15000           Bullarra         46      10169      217                                   
1895 2112200-3518 15050           Bullarra         10      10155      217                                   
1895 2122200-3426 15100           Bullarra          0      10150      244                                   
1895 2132200-3607 15025           Bullarra         46      10175      244                                   
1895 2142200-3858 14652           Bullarra         46      10351      211                                   
1895 2152200-3853 14454           Bullarra         46      10102      228                                   
1895 2162200-3849 14454           Bullarra        123      10079      267                                   
1895 2172200-3844 14454           Bullarra         67      10187      228                                   
1895 2182300-3840 14232           Bullarra         67      10186      172                                   
1895 2192300-3820 14025           Bullarra         93      10156      167                                   
1895 2202300-3722 13830           Bullarra         46      10161      189                                   
1895 2212300-3624 13830           Bullarra         26      10084      206                                   
1895 2222300-3526 13459           Bullarra         46      10084      178                                   
1895 2232300-3517 13015           Bullarra         26      10166      172                                   
1895 225   0-3511 12532           Bullarra         67      10166      189                                   
1895 226   0-3570 12034           Bullarra         26      10166      172                                   
1895 227   0-3492 11744           Bullarra         93      10355      167                                   
1895 228   0-3414 11454           Bullarra         26      10117      178                                   
1895 8312200-3352 15112           Bullarra         26      10123      117                                   
1895 9 12200-3351 15115           Bullarra         26      10111      106                                   
1895 9 22200-3351 15117           Bullarra         26      10061      106                                   
1895 9 32200-3351 15120           Bullarra         26       9961      156                                   
1895 9 42200-3351 15122           Bullarra         46      10019      133                                   
1895 9 52200-3351 15125           Bullarra         26      10066      133                                   
1895 9 62200-3351 15128           Bullarra          0      10056      133                                   
1895 9 72200-3351 15130           Bullarra         46      10037      144                                   
1895 9 82200-3351 15133           Bullarra         67       9989      128                                   
1895 9 92200-3351 15136           Bullarra         26      10073      133                                   
1895 9102200-3351 15138           Bullarra         10      10062      139                                   
1895 9112200-3351 15141           Bullarra         10       9981      161                                   
1895 9122200-3351 15143           Bullarra         26      10042      178                                   
1895 9132200-3255 15146           Bullarra         10      10082      178                                   
1895 9142200-3352 15112           Bullarra         26      10035      178                                   
1895 9152200-3610 15015           Bullarra         46      10068      156                                   
1895 9162300-3830 14210           Bullarra         67      10083      139                                   
1895 9172200-3748 14457           Bullarra         93      10113      156                                   
1895 9182200-3751 14456           Bullarra         10      10165      172                                   
1895 9192200-3751 14456           Bullarra         46      10114      172                                   
1895 9202300-3830 14210           Bullarra        226       9985      161                                   
1895 9212300-3870 14050           Bullarra         67      10082      150                                   
1895 9222300-3537 13880           Bullarra         67      10047      156                                   
1895 9232300-3455 13835           Bullarra         46      10005      161                                   
1895 9242300-3450 13830           Bullarra         67      10101      133                                   
1895 9252300-3523 13680           Bullarra         26      10157      144                                   
1895 9262300-3521 13052           Bullarra         46      10186      172                                   
1895 928   0-3514 12529           Bullarra         26      10171      183                                   
1895 929   0-3540 12019           Bullarra        190      10041      172                                   
1895 930   0-3510 11753           Bullarra        154       9922      139                                   
