1892 8 1 200-4730 13800           Burrumbee       123      10187      150                                   
1892 8 2 300-4640 13900           Burrumbee        46      10180      150                                   
1892 8 22200-4550 14000           Burrumbee        46                 122                                   
1892 8 3 300-4460 14100           Burrumbee                10236      128                                   
1892 8 32200-4370 14200           Burrumbee                10254      117                                   
1892 8 4 200-4280 14300           Burrumbee                10248      167                                   
1892 8 42100-4190 14400           Burrumbee                10254      128                                   
1892 8 5 200-4100 14500           Burrumbee                10257      144                                   
1892 8 52200-4010 14600           Burrumbee                10207      111                                   
1892 8 6 200-3920 14700           Burrumbee                10190      128                                   
1892 8 62200-3830 14800           Burrumbee                                                                 
1892 8 7 200-3740 14900           Burrumbee                10140      178                                   
1892 8 72100-3520 15040           Burrumbee        67      10114      161                                   
1892 8 8 200-3430 15039           Burrumbee        67      10110      178                                   
1892 8 82100-3454 15037           Burrumbee         0      10085      167                                   
1892 8 9 200-3479 15036           Burrumbee        26      10077      217                                   
1892 810 200-3503 15035           Burrumbee        26      10120      161                                   
1892 811 200-3527 15034           Burrumbee        26      10162      156                                   
1892 8112100-3551 15032           Burrumbee                10150      150                                   
1892 812 200-3576 15031           Burrumbee        67                 150                                   
1892 8122100-3600 15030           Burrumbee        26      10151      167                                   
1892 813 200-3700 15020           Burrumbee        26                 156                                   
1892 8132300-3800 15010           Burrumbee       190       9937      144                                   
1892 814 200-3900 15000           Burrumbee       190       9937      150                                   
1892 8142300-4000 14990           Burrumbee        26      10126      156                                   
1892 815 200-4100 14980           Burrumbee        26                 156                                   
1892 816 200-4200 14970           Burrumbee        67      10162      150                                   
1892 8162100-5400 15360           Burrumbee        26      10229      139                                   
1892 817 200-5200 15280           Burrumbee        26      10239      150                                   
1892 8172100-5000 15200           Burrumbee        26      10246      139                                   
1892 8182100-4800 15120           Burrumbee        26      10244      139                                   
1892 819 200-4600 15040           Burrumbee        26      10215      178                                   
1892 8192100-4400 14960           Burrumbee        26      10194      172                                   
1892 820 200-4200 14880           Burrumbee        26      10171      178                                   
1892 8202200-4000 14800           Burrumbee        93      10150      211                                   
1892 821 200-3800 14720           Burrumbee        93                 183                                   
1892 8212200-3600 15000           Burrumbee        67                                                       
1892 822 200-3500 15280           Burrumbee        26      10081      194                                   
1892 822 800-3400 15560           Burrumbee        26                 189                                   
1892 8222200-3300 15840           Burrumbee        26      10009      172                                   
1892 823 100-3200 16120           Burrumbee                                                                 
1892 8231900-3100 16400           Burrumbee                10048      172                                   
1892 824 100-3000 16680           Burrumbee                10065      183                                   
1892 8242000-2900 16960           Burrumbee                10078      183                                   
1892 825 100-2800 17240           Burrumbee                           189                                   
1892 829   0-2700 17520           Burrumbee                10008      167                                   
1892 8292100-3810 14422           Burrumbee        10      10037      150                                   
1892 830 200-3810 14422           Burrumbee        10      10035      161                                   
1892 8302100-3810 14422           Burrumbee        10      10137      156                                   
1892 831 200-3810 14422           Burrumbee        10      10141      178                                   
1892 8312100-3810 14422           Burrumbee        10      10167      183                                   
1892 9 1 200-3810 14422           Burrumbee        10      10158      194                                   
1892 9 12100-3810 14422           Burrumbee        10      10139      167                                   
1892 9 2 200-3810 14422           Burrumbee        10      10134      178                                   
