1893 2101700  554 17022           Bustard          46      10135      -28                                   
1893 6 11300  554 17022           Bustard          26      10142      -25                                   
1893 6 11700  554 17022           Bustard          46      10135      -28                                   
1893 6 12100  554 17022           Bustard          46      10145      -27                                   
1893 6 2 100  554 17022           Bustard          26      10141      -15                                   
1893 6 2 500  554 17022           Bustard          26      10124      -26                                   
1893 6 2 900  554 17022           Bustard          26      10142      -26                                   
1893 6 21300  554 17022           Bustard          26      10142      -25                                   
1893 6 21700  554 17022           Bustard          26      10124      -25                                   
1893 6 22100  554 17022           Bustard          26      10145      -24                                   
1893 6 3 100  554 17022           Bustard          26      10140      -17                                   
1893 6 3 500  554 17022           Bustard          26      10141      -17                                   
1893 6 3 900  554 17022           Bustard          26      10138      -24                                   
1893 6 31300  554 17022           Bustard          46      10145      -24                                   
1893 6 31700  554 17022           Bustard          26      10129      -26                                   
1893 6 32100  554 17022           Bustard          26      10142      -23                                   
1893 6 4 100  554 17022           Bustard          26      10149      -15                                   
1893 6 4 500  554 17022           Bustard          26      10126      -23                                   
1893 6 4 900  554 17022           Bustard          26      10141      -23                                   
1893 6 41300  554 17022           Bustard          26      10128      -26                                   
1893 6 41700  554 17022           Bustard          46      10120      -28                                   
1893 6 42100  554 17022           Bustard          46      10135      -26                                   
1893 6 5 100  554 17022           Bustard          46      10128      -16                                   
1893 6 5 500  552 17022           Bustard          46      10113      -22                                   
1893 6 5 900  549 17022           Bustard          26      10121      -22                                   
1893 6 51300  547 17022           Bustard          26      10118      -24                                   
1893 6 51700  545 17022           Bustard          67      10111      -28                                   
1893 6 52100  542 17022           Bustard          67      10129      -22                                   
1893 6 6 100  540 17022           Bustard          93      10123      -23                                   
1893 6 6 500  538 17022           Bustard          67      10114      -21                                   
1893 6 6 900  535 17022           Bustard         123      10121      -25                                   
1893 6 61200 -421 17360           Bustard          46                 -25                                   
1893 6 61300  533 17022           Bustard          93      10130      -25                                   
1893 6 61600 -137 17342           Bustard          67      10117      -36                                   
1893 6 62000  147 17324           Bustard          46      10135      -30                                   
1893 6 7   0  431 17306           Bustard          46      10123      -21                                   
1893 6 7 400 -421 17360           Bustard          67      10103      -20                                   
1893 6 7 800 -421 17360           Bustard          46      10118      -25                                   
1893 6 71200  155 17360           Bustard          46      10137      -25                                   
1893 6 71600 -421 17360           Bustard          46      10123      -27                                   
1893 6 72000 -421 17360           Bustard          46      10133      -18                                   
1893 6 8   0  155 17527           Bustard          46      10129      -26                                   
1893 6 8 400  155 17590           Bustard          46      10110      -26                                   
1893 6 8 800  155 17652           Bustard          46      10123      -29                                   
1893 6 81200  -37 17715           Bustard          46      10127      -30                                   
1893 6 81600  155 17715           Bustard          46      10127      -31                                   
1893 6 82000  155 17715           Bustard          26      10136      -27                                   
1893 6 9   0  -37 17715           Bustard          46      10131      -29                                   
1893 6 9 400  -37 17715           Bustard          26      10110      -26                                   
1893 6 9 800  -37 17715           Bustard          26      10140      -27                                   
1893 6 91200 -313 17960           Bustard          46      10140      -31                                   
1893 6 91600  -37 17715           Bustard          26      10126      -27                                   
1893 6 92000  -37 17715           Bustard          26      10144      -21                                   
1893 610   0 -313 17906           Bustard          26      10134      -22                                   
1893 610 400 -313 17960           Bustard          26      10110      -26                                   
1893 610 800 -313 17960           Bustard          26      10122      -27                                   
1893 6101200 -547 17960           Bustard          67      10133      -27                                   
1893 6101600 -313 17960           Bustard          67      10117      -26                                   
1893 6102000 -313 17960           Bustard          67      10153      -26                                   
1893 612   0 -547-17846           Bustard          67      10145      -23                                   
1893 612 400 -547-17652           Bustard          67      10137      -22                                   
1893 9101700-1381 17177           Bustard          26      10187      -39                                   
1893 9102100-1381 17177           Bustard          10      10197      -36                                   
1893 911 100-1381 17177           Bustard          26      10197      -28                                   
1893 911 500-1381 17177           Bustard          26      10180      -28                                   
1893 911 900-1381 17177           Bustard          10      10191      -32                                   
1893 9111300-1381 17177           Bustard          26      10192      -35                                   
1893 9111700-1381 17177           Bustard          46      10188      -33                                   
1893 9112100-1381 17177           Bustard          10      10207      -31                                   
1893 912 100-1381 17177           Bustard          26      10205      -28                                   
1893 912 500-1381 17177           Bustard          26      10185      -26                                   
1893 912 900-1381 17177           Bustard          10      10203      -36                                   
1893 9121300-1381 17177           Bustard          10      10206      -42                                   
1893 9121700-1381 17177           Bustard           0      10186      -48                                   
1893 9122100-1381 17177           Bustard          10      10208      -39                                   
1893 913 100-1381 17177           Bustard          46      10196      -29                                   
1893 913 500-1381 17177           Bustard          46      10175      -24                                   
1893 913 900-1381 17177           Bustard          10      10195      -37                                   
1893 9131300-1381 17177           Bustard           0      10193      -39                                   
1893 9131700-1381 17177           Bustard           0      10181      -47                                   
1893 9132100-1381 17177           Bustard           0      10192      -39                                   
1893 914 100-1381 17177           Bustard          26      10176      -28                                   
1893 914 500-1381 17177           Bustard           0      10210      -29                                   
1893 914 900-1381 17177           Bustard           0      10171      -31                                   
1893 9141300-1381 17177           Bustard          10      10184      -36                                   
1893 9141700-1381 17177           Bustard          10      10173      -40                                   
1893 9142100-1381 17177           Bustard          10      10185      -36                                   
1893 915 100-1381 17177           Bustard          26      10185      -28                                   
1893 915 500-1381 17177           Bustard          26      10169      -28                                   
1893 915 900-1381 17177           Bustard          26      10183      -32                                   
1893 9151300-1381 17177           Bustard          10      10189      -33                                   
189311 51500-1350-17145           Bustard          26      10147      -38                                   
189311 52300-1350-17145           Bustard                                                                   
189311 72300-1350-17145           Bustard                                                                   
189311161100-1847-17074           Bustard          46      10163      -46                                   
189311161500-1904-17101           Bustard          26      10168      -38                                   
189311161900-1961-17128           Bustard          26      10173      -33                                   
189311162300-2018-17155           Bustard          67      10174      -34                                   
18931117 300-2075-17182           Bustard          26      10157      -41                                   
18931117 700-2132-17209           Bustard          26      10158      -42                                   
189311171100-2188-17236           Bustard          26      10167      -51                                   
189311171600-2245-17263           Bustard          26      10152      -47                                   
189311172000-2302-17290           Bustard          10      10164      -46                                   
18931118   0-2359-17317           Bustard          10      10163      -36                                   
18931118 400-2392-17341           Bustard          46      10165      -47                                   
18931118 800-2426-17364           Bustard          26      10160      -50                                   
189311181200-2459-17388           Bustard          26                                                       
189311181600-2492-17412           Bustard          10      10151      -53                                   
189311182000-2526-17435           Bustard          26      10168      -51                                   
18931119   0-2559-17459           Bustard          10      10166      -48                                   
18931119 400-2603-17490           Bustard          10      10174      -42                                   
18931119 800-2647-17522           Bustard          26      10179      -47                                   
189311191200-2691-17553           Bustard          10      10186      -57                                   
189311191600-2735-17585           Bustard          10      10171      -52                                   
189311192000-2779-17616           Bustard          26      10180      -56                                   
18931120   0-2823-17648           Bustard          46      10180      -48                                   
18931120 400-2839-17679           Bustard          26      10170      -49                                   
18931120 800-2855-17711           Bustard          26      10184      -51                                   
189311201200-2870-17742           Bustard          26      10181      -60                                   
189311201600-2886-17774           Bustard          10      10189      -57                                   
189311202000-2902-17805           Bustard          10      10204      -53                                   
18931121   0-2918-17837           Bustard          26      10203      -52                                   
18931121 400-2934-17868           Bustard          26      10208      -49                                   
18931121 800-2950-17900           Bustard          26      10190      -60                                   
