18921222 800 2446  6628           Canintal                 10168      289                                   
18921223 800 2453  6235           Canintal                 10173      261                                   
18921224 800 2460  5944           Canintal                 10172      244                                   
18921225 800 2491  5785           Canintal                 10161      272                                   
18921226 800 2522  5626           Canintal                 10153      261                                   
18921227 800 2554  5467           Canintal                 10133      244                                   
18921228 800 2585  5308           Canintal                 10142      211                                   
18921229 900 2616  5149           Canintal                 10139      206                                   
18921230 900 2626  5172           Canintal                 10147      200                                   
18921231 900 2637  5196           Canintal                 10146      167                                   
1893 1 1 900 2647  5219           Canintal                 10171      178                                   
1893 1 2 900 2657  5243           Canintal                 10194      144                                   
1893 1 3 800 2667  5266           Canintal                 10205      100                                   
1893 1 4 800 2678  5290           Canintal                 10173      167                                   
1893 1 7 800 2688  5313           Canintal                 10375      211                                   
1893 1 8 800 2698  5337           Canintal                 10144      200                                   
1893 1 9 800 2709  5360           Canintal                 10144      222                                   
1893 110 800 2719  5384           Canintal                 10167      244                                   
1893 111 800 2625  5407           Canintal                 10137      222                                   
1893 112 800 2589  5583           Canintal                 10103      222                                   
1893 113 800 2553  5760           Canintal                 10092      222                                   
1893 114 800 2485  5901           Canintal                 10197      261                                   
1893 115 800 2418  6042           Canintal                            278                                   
1893 116 800 2432  6248           Canintal                                                                  
1893 117 800 2447  6455           Canintal                            244                                   
1893 118 800 2342  6652           Canintal                 10131      244                                   
1893 119 700 2238  6850           Canintal                 10334      233                                   
1893 120 700 2013  7045           Canintal                 10365      244                                   
