1895 125 200-3311 15200           Caradoc          93      10003      250                                   
1895 126 200-3436 15530           Caradoc          93      10040      233                                   
1895 127 100-3522 15826           Caradoc          46      10043      222                                   
1895 128 100-3502 16040           Caradoc          10      10078      211                                   
1895 129 100-3436 16210           Caradoc                             222                                   
1895 130 100-3350 16226           Caradoc                  10077      211                                   
1895 131 700-3135 16235           Caradoc                             211                                   
1895 2 1 100-2920 16145           Caradoc         226       9851      233                                   
1895 2 1 500-2928 16133           Caradoc         309       9800      233                                   
1895 2 11500-2937 16122           Caradoc                                                                   
1895 2 2 100-2945 16110           Caradoc                             233                                   
1895 2 2 500-2932 16165           Caradoc                                                                   
1895 2 3 100-2920 16220           Caradoc                  10004      222                                   
1895 2 4 100-2900 16200           Caradoc          26       9965      256                                   
1895 2 5 100-2911 16140           Caradoc          93      10001      244                                   
1895 2 6 100-3024 16138           Caradoc          46      10071      233                                   
1895 2 7 100-3077 16030           Caradoc          26      10107      222                                   
1895 2 8 100-3130 15810           Caradoc          46      10109      211                                   
1895 2 9 200-3155 15600           Caradoc          46      10075      256                                   
1895 210 200-3227 15430           Caradoc                  10069      256                                   
1895 211 200-3305 15245           Caradoc                  10157      233                                   
1895 2112300-3400 15060           Caradoc          26      10157      239                                   
