1892 8111000-4243  2700           Carnegie        154      10132      133                                   
1892 8111000-4243  2700           Carnegie                 10132      133                                   
1892 8121000-4342  3141           Carnegie        190      10302      128                                   
1892 8121000-4342  3141           Carnegie                 10302      128                                   
1892 8131000-4412  3621           Carnegie        226      10219      122                                   
1892 8131000-4412  3621           Carnegie                 10219      122                                   
1892 814 900-4421  3949           Carnegie                 10272      111                                   
1892 814 900-4421  3949           Carnegie                 10272      111                                   
1892 815 900-4437  4400           Carnegie        123      10255      111                                   
1892 815 900-4437  4400           Carnegie                 10255      111                                   
1892 816 900-4510  4853           Carnegie        268      10140      100                                   
1892 816 900-4510  4853           Carnegie                 10173      100                                   
1892 817 800-4507  5349           Carnegie        268      10099      100                                   
1892 817 800-4507  5349           Carnegie                 10072      100                                   
1892 818 800-4510  5738           Carnegie        123      10155      111                                   
1892 818 800-4510  5738           Carnegie                 10155      111                                   
1892 819 800-4502  6100           Carnegie         93      10277       89                                   
1892 819 800-4502  6100           Carnegie                 10277       89                                   
1892 820 800-4506  6523           Carnegie        226      10138      111                                   
1892 820 800-4506  6523           Carnegie                 10138      111                                   
1892 821 700-4510  6801           Carnegie         93      10243       89                                   
1892 821 700-4510  6801           Carnegie                 10243       89                                   
1892 822 700-4419  7032           Carnegie        154      10253      122                                   
1892 822 700-4419  7032           Carnegie                 10253      122                                   
1892 823 700-4419  7254           Carnegie        123      10270      122                                   
1892 823 700-4419  7254           Carnegie                 10270      122                                   
1892 824 700-4347  7715           Carnegie        154      10256      100                                   
1892 824 700-4347  7715           Carnegie                 10256      100                                   
1892 825 600-4347  8413           Carnegie        268      10275       89                                   
1892 825 600-4347  8413           Carnegie                 10275       89                                   
1892 826 600-4558  8911           Carnegie        226      10312      100                                   
1892 826 600-4358  8911           Carnegie                 10311      100                                   
1892 827 600-4359  9348           Carnegie        226      10238      111                                   
1892 827 600-4359  9348           Carnegie                 10238      111                                   
1892 828 500-4407  9857           Carnegie        226      10137      111                                   
1892 828 500-4407  9857           Carnegie                 10137      111                                   
1892 829 500-4415 10130           Carnegie        123      10056       89                                   
1892 829 500-4415 10130           Carnegie                 10056       89                                   
1892 830 500-4010 10435           Carnegie        190       9930      111                                   
1892 830 500-4410 10435           Carnegie                  9934      111                                   
1892 831 500-4351 11003           Carnegie        268       9903       89                                   
1892 831 500-4351 11003           Carnegie                  9903       89                                   
1892 9 1 400-4421 11520           Carnegie        268       9970      100                                   
1892 9 1 400-4421 11520           Carnegie                  9970      100                                   
1892 9 2 400-4410 12010           Carnegie        268       9899      117                                   
1892 9 2 400-4410 12010           Carnegie                  9899      117                                   
1892 9 3 400-4430 12454           Carnegie        268       9954       94                                   
1892 9 3 400-4430 12454           Carnegie                  9954       94                                   
1892 9 4 300-4407 12840           Carnegie        190      10039       89                                   
1892 9 4 300-4407 12840           Carnegie                 10039       89                                   
1892 9 5 300-4460 13015           Carnegie         67      10304      122                                   
1892 9 5 300-4460 13015           Carnegie                 10304      122                                   
1892 9 6 300-4355 13415           Carnegie         93      10204      111                                   
1892 9 6 300-4355 13415           Carnegie                 10204      111                                   
1892 9 7 300-4328 13815           Carnegie        123      10237      111                                   
1892 9 7 300-4328 13815           Carnegie                 10237      111                                   
1892 9 8 300-4336 14158           Carnegie        123      10270      117                                   
1892 9 8 300-4336 14158           Carnegie                 10270      117                                   
1892 9 9 200-4319 14450           Carnegie         67       9931      122                                   
1892 9 9 200-4319 14450           Carnegie                  9931      122                                   
1895 1 52200-4302 14742           Carnegie         26                                                       
1895 5181500 -700   700           Carnegie        154                -150                                   
1895 6 92100-4049  4433           Carnegie         93      10360      172                                   
1895 6102100-4053  4924           Carnegie         67      10320      169                                   
1895 611 100-4053  4924           Carnegie         93      10360      172                                   
1895 611 500-4053  4924           Carnegie         93      10360      172                                   
1895 611 900-4053  4924           Carnegie         93      10344      167                                   
1895 6111300-4053  4924           Carnegie         93      10327      167                                   
1895 6111700-4053  4924           Carnegie         67      10323      169                                   
1895 6112000-4070  5422           Carnegie         93      10272      172                                   
1895 612   0-4086  5422           Carnegie         93      10293      167                                   
1895 612 400-4103  5422           Carnegie         93      10294      167                                   
1895 612 800-4103  5422           Carnegie         93      10259      172                                   
1895 6121200-4103  5422           Carnegie         93      10272      172                                   
1895 6121600-4103  5422           Carnegie         93      10272      172                                   
1895 6122000-4035  5923           Carnegie         93      10264      178                                   
1895 613   0-4035  5923           Carnegie        123      10258      172                                   
1895 613 400-4035  5923           Carnegie         93      10258      172                                   
1895 613 800-4035  5923           Carnegie         93      10258      172                                   
1895 6131200-4035  5923           Carnegie         93      10258      175                                   
1895 6131600-4035  5923           Carnegie         93      10261      178                                   
1895 6132000-4003  6305           Carnegie         46      10298      175                                   
1895 614   0-4003  6305           Carnegie         93      10267      178                                   
1895 614 400-4003  6305           Carnegie         93      10274      178                                   
1895 614 800-4003  6305           Carnegie         67      10284      178                                   
1895 6141200-4003  6305           Carnegie         46      10291      178                                   
1895 6141600-4003  6305           Carnegie         46      10291      175                                   
1895 6142000-3992  6367           Carnegie         93      10292      167                                   
1895 615   0-3981  6430           Carnegie         46      10295      172                                   
1895 615 400-3970  6492           Carnegie         46      10305      172                                   
1895 615 800-3959  6555           Carnegie         46      10298      172                                   
1895 6151200-3948  6617           Carnegie         67      10291      172                                   
1895 6151600-3937  6680           Carnegie         67      10292      167                                   
1895 6151900-4012  6776           Carnegie        123                 156                                   
1895 6152300-4015  6869           Carnegie        123      10286      167                                   
1895 616 300-4018  6963           Carnegie        154      10290      161                                   
1895 616 700-4021  7056           Carnegie        154      10288      156                                   
1895 6161100-4024  7149           Carnegie        154      10289      150                                   
1895 6161500-4027  7243           Carnegie        154                 150                                   
1895 6161900-4029  7336           Carnegie        123      10231      153                                   
1895 6162300-4032  7429           Carnegie        123      10274      156                                   
1895 617 300-4035  7523           Carnegie        123      10261      156                                   
1895 617 700-4038  7616           Carnegie        123      10256      144                                   
1895 6171100-4041  7705           Carnegie        123      10246      147                                   
1895 6171500-4044  7793           Carnegie        123                 153                                   
1895 6171900-4047  7882           Carnegie        123                 144                                   
1895 6172300-4051  7971           Carnegie        123      10221      153                                   
1895 618 300-4054  8059           Carnegie        123      10228      153                                   
1895 618 700-4057  8148           Carnegie        123      10225      150                                   
1895 6181100-4066  8242           Carnegie        123      10223      144                                   
1895 6181400-4075  8337           Carnegie        123                 144                                   
1895 6181800-4083  8431           Carnegie                                                                  
1895 6182200-4092  8526           Carnegie                 10219      150                                   
1895 619 200-4101  8620           Carnegie        123                 150                                   
1895 619 600-4110  8715           Carnegie                 10210      144                                   
1895 6191000-4112  8800           Carnegie                 10204      139                                   
1895 6191400-4114  8884           Carnegie         93                                                       
1895 6191800-4115  8969           Carnegie        123      10104      128                                   
1895 6192200-4117  9054           Carnegie        123      10332      139                                   
1895 620 200-4119  9138           Carnegie        123                                                       
1895 620 600-4121  9223           Carnegie         93      10130      139                                   
1895 6201000-4123  9308           Carnegie         93      10117      133                                   
1895 6201400-4125  9392           Carnegie                                                                  
1895 622 500 4114 10221           Carnegie        226                                                       
1895 6252000-4127 11566           Carnegie         93      10197      139                                   
1895 626   0-4139 11659           Carnegie         93      10204      139                                   
1895 626 400-4151 11752           Carnegie         93      10197      139                                   
1895 626 800-4163 11845           Carnegie         93      10197      139                                   
1895 6261200-4175 11938           Carnegie         67                                                       
1895 6262000-4188 12030           Carnegie         93                                                       
1895 627   0-4200 12123           Carnegie                                                                  
1895 627 400-4212 12216           Carnegie                 10187      142                                   
1895 629 400-4222 12636           Carnegie         10      10248      122                                   
