1893 3 1 100-4111  1714           Carnarvon        93      10115      183                                   
1893 3 1 700-4111  1714           Carnarvon        93      10109      183                                   
1893 3 11100-4111  1714           Carnarvon        67      10102      183                                   
1893 3 2 100-4091  2151           Carnarvon        93      10114      189                                   
1893 3 2 700-4071  2151           Carnarvon       123      10323      189                                   
1893 3 21100-4051  2151           Carnarvon       123      10154      189                                   
1893 3 3   0-4031  2419           Carnarvon         0      10187      194                                   
1893 3 3 600-4099  2419           Carnarvon        10      10193      200                                   
1893 3 31000-4168  2419           Carnarvon        10      10208      200                                   
1893 3 4 600-4236  2712           Carnarvon        93      10398      156                                   
1893 3 41000-4334  2712           Carnarvon       123      10198      144                                   
1893 3 5   0-4433  3310           Carnarvon       154                 139                                   
1893 3 5 600-4433  3310           Carnarvon       190      10099      139                                   
1893 3 51000-4433  3310           Carnarvon       190      10089      139                                   
1893 3 52300-4458  3932           Carnarvon       190      10072      139                                   
1893 3 6 500-4477  3932           Carnarvon       190      10081      128                                   
1893 3 6 900-4495  3932           Carnarvon       154      10079      139                                   
1893 3 62300-4514  4360           Carnarvon        46      10184      139                                   
1893 3 7 500-4514  4360           Carnarvon        67      10126      122                                   
1893 3 7 900-4514  4360           Carnarvon        67      10119      122                                   
1893 3 8 500-4452  4831           Carnarvon        93      10084      144                                   
1893 3 8 900-4452  4831           Carnarvon        93      10064      144                                   
1893 311 400-4125  5836           Carnarvon        67      10161      156                                   
1893 311 800-4125  5836           Carnarvon        93      10196      144                                   
1893 3112000-4411  6358           Carnarvon       154       9998      133                                   
1893 312   0-4411  6358           Carnarvon       154       9998      133                                   
1893 312 400-4411  6358           Carnarvon       123       9999      128                                   
1893 312 800-4411  6358           Carnarvon        93      10006      128                                   
1893 313 300-4357  6940           Carnarvon       123      10100      128                                   
1893 313 700-4383  6940           Carnarvon        67      10122      156                                   
1893 3132300-4410  7228           Carnarvon        46      10125      144                                   
1893 314 300-4410  7228           Carnarvon        46      10125      144                                   
1893 314 700-4413  7441           Carnarvon        46      10120      133                                   
1893 315 300-4416  7654           Carnarvon       123      10302      133                                   
1893 315 700-4416  7654           Carnarvon        26      10169      122                                   
1893 3152300-4539  8042           Carnarvon       123      10034      128                                   
1893 316 300-4539  8042           Carnarvon       154      10000      128                                   
1893 316 600-4541  8335           Carnarvon       154                                                       
1893 3162200-4543  8629           Carnarvon       154       9933      128                                   
1893 317 200-4543  8629           Carnarvon       123       9949      128                                   
1893 317 600-4543  8629           Carnarvon        93       9994      122                                   
1893 3171400-4543  8629           Carnarvon        93       9933      122                                   
1893 3172200-4424  9012           Carnarvon        93      10017      122                                   
1893 318 200-4424  9012           Carnarvon        93      10034      122                                   
1893 318 600-4424  9012           Carnarvon        67      10034      122                                   
1893 3181400-4424  9012           Carnarvon        93      10084      122                                   
1893 3182200-4248  9450           Carnarvon        93      10103      100                                   
1893 319 200-4248  9450           Carnarvon        93      10137      100                                   
1893 319 600-4248  9450           Carnarvon        46      10306      100                                   
1893 3191400-4248  9450           Carnarvon         0      10171      100                                   
1893 3192200-4310  9514           Carnarvon        10      10303      122                                   
1893 320 200-4310  9514           Carnarvon        26      10301      133                                   
1893 320 600-4310  9514           Carnarvon        46      10300      139                                   
1893 3202100-4327  9915           Carnarvon        67      10115      139                                   
1893 321 100-4327  9915           Carnarvon       123      10098      139                                   
1893 321 500-4327  9915           Carnarvon       123      10084      139                                   
1894 314   0-4348  3350           Carnarvon                                                                 
1894 314 400-4348  3350           Carnarvon                                                                 
1894 3141000-4348  3350           Carnarvon                                                                 
1894 3141600-4348  3350           Carnarvon                                                                 
1894 3151000-4556  3746           Carnarvon                                                                 
1894 3152300-4764  4338           Carnarvon                                                                 
1894 316 500-4972  4338           Carnarvon                                                                 
1894 3161300-5180  4338           Carnarvon                                                                 
1894 3161700-5388  4338           Carnarvon                                                                 
1894 3311900-4611 10960           Carnarvon                                                                 
1894 4 1 500-4611 10960           Carnarvon                                                                 
