1892 8 41800-3462 15141           Catterthu        46      10146      128                                   
1892 8 5 200-3351 15180           Catterthu        67      10145      144                                   
1892 8 51800-3240 15219           Catterthu       123      10158      122                                   
1892 8 6 200-3129 15258           Catterthu        93      10161      139                                   
1892 8 7 100-2933 15297           Catterthu        46      10139      144                                   
1892 8 7 200-2738 15336           Catterthu        46      10130      144                                   
1892 8 72200-2548 15296           Catterthu        46      10144      178                                   
1892 8 8 200-2359 15255           Catterthu        26      10141      183                                   
1892 8 82200-2235 15099           Catterthu        26      10156      189                                   
1892 8 9 200-2111 14944           Catterthu        26      10145      194                                   
1892 8 92200-1939 14800           Catterthu        26      10157      194                                   
1892 810 200-1766 14656           Catterthu        10      10147      211                                   
1892 8102200-1594 14520           Catterthu        46      10145      217                                   
1892 8112300-1421 14428           Catterthu        67      10143      222                                   
1892 812 200-1249 14336           Catterthu        67      10132      222                                   
1892 813 300-1035 14226           Catterthu        93      10113      233                                   
1892 814 300-1035 14117           Catterthu        93      10112      256                                   
1892 815   0-1036 13884           Catterthu        93      10119      256                                   
1892 815 300-1038 13652           Catterthu        93      10118      261                                   
1892 816   0-1043 13452           Catterthu        93      10358      256                                   
1892 816 300-1048 13252           Catterthu        93      10115      261                                   
1892 817   0-1053 13052           Catterthu        46      10118      244                                   
1892 818   0-1058 12852           Catterthu        10      10190      256                                   
1892 819   0-1151 13000           Catterthu        67      10083      256                                   
1892 819 300 -920 12919           Catterthu        67      10060      267                                   
1892 820   0 -689 12838           Catterthu        46      10053      267                                   
1892 820 300 -458 12757           Catterthu        46      10051      272                                   
1892 821 100 -309 12689           Catterthu        46      10053      278                                   
1892 821 400 -160 12622           Catterthu        26      10049      283                                   
1892 822 100   46 12532           Catterthu        26      10043      278                                   
1892 822 400  253 12443           Catterthu        10      10042      283                                   
1892 823 100  444 12336           Catterthu        10      10045      267                                   
1892 823 400  635 12230           Catterthu        10      10047      278                                   
1892 824 100  843 12191           Catterthu        10      10053      267                                   
1892 824 400 1052 12152           Catterthu        46      10049      272                                   
1892 825 100 1232 12050           Catterthu        26      10064      267                                   
1892 825 400 1412 11948           Catterthu        26      10069      283                                   
1892 826 100 1579 11834           Catterthu        10      10081      278                                   
1892 826 400 1746 11720           Catterthu        10      10080      289                                   
1892 827 100 1935 11588           Catterthu        10      10068      267                                   
1892 827 400 2124 11456           Catterthu        10      10070      278                                   
189212 9 500 1966 11049           Catterthu        26      10153      200                                   
18921210 500 2035 11183           Catterthu        26      10161      194                                   
18921211 200 2104 11316           Catterthu        46      10184      117                                   
18921211 400 2173 11450           Catterthu        67      10175      133                                   
18921212 200 2242 11583           Catterthu       123      10217      111                                   
18921212 400 2311 11717           Catterthu       154      10217      133                                   
18921213 200 2380 11838           Catterthu       154      10256      100                                   
18921213 400 2449 11960           Catterthu       154      10242      111                                   
18921214 200 2582 12035           Catterthu        67      10273       50                                   
18921214 400 2716 12111           Catterthu        67      10265       61                                   
18921215 200 2872 12171           Catterthu        67      10299       72                                   
18921215 400 3029 12232           Catterthu        46      10278      100                                   
18921216 200 3185 12292           Catterthu        46      10305       28                                   
18921216 400 3342 12353           Catterthu        46                  44                                   
18921217 200 3498 12413           Catterthu        67      10226       11                                   
18921217 400 3655 12474           Catterthu        46                                                       
18921220 200 3811 12534           Catterthu                                                                 
18921220 400 3968 12595           Catterthu                                                                 
18921221 400 4124 12655           Catterthu        26      10261       61                                   
1893 1 1 200 3200 12600           Catterthu        67      10249        0                                   
1893 1 1 400 3200 12600           Catterthu        93      10230       56                                   
1893 1 2 100 3400 13000           Catterthu        67      10209       28                                   
1893 1 2 300 3400 13000           Catterthu        67      10184       39                                   
1893 1 3 100 3450 13450           Catterthu        93      10150       39                                   
1893 1 3 300 3450 13450           Catterthu        67      10109       44                                   
1893 1 4 100 3470 13520           Catterthu        46      10192       -6                                   
1893 1 4 300 3470 13520           Catterthu        46      10180        6                                   
1893 1 5 100 3470 13520           Catterthu        26      10163        6                                   
1893 1 5 300 3470 13520           Catterthu        26      10156       22                                   
1893 1 6 100 3470 13520           Catterthu        26      10200       28                                   
1893 1 6 300 3470 13520           Catterthu        26      10198       56                                   
1893 1 7 100 3470 13520           Catterthu         0      10200       22                                   
1893 1 7 300 3470 13520           Catterthu        10      10190       44                                   
1893 1 8 100 3364 13347           Catterthu        26      10155       67                                   
1893 1 8 300 3258 13173           Catterthu        10      10155       83                                   
1893 1 9 100 3152 13000           Catterthu        26      10153       89                                   
1893 1 9 300 3046 13000           Catterthu        26      10140      100                                   
1893 110 200 2939 12650           Catterthu        93      10129       78                                   
1893 110 400 2833 12650           Catterthu       123      10127       89                                   
1893 111 200 2727 12300           Catterthu        67      10184       83                                   
1893 111 400 2621 12300           Catterthu        46      10169      111                                   
1893 112 200 2515 11945           Catterthu        46      10163      100                                   
1893 112 400 2382 11747           Catterthu        46      10157      111                                   
1893 113 200 2250 11550           Catterthu        46      10356      106                                   
1893 113 400 2250 11550           Catterthu        67      10246      156                                   
1893 114 200 2250 11550           Catterthu        46      10132      133                                   
1893 114 400 2250 11550           Catterthu        46      10132      156                                   
1893 115   0 2250 11550           Catterthu        26      10169      133                                   
1893 115 400 2250 11550           Catterthu        26      10169      133                                   
1893 116 200 1933 11637           Catterthu        10      10202        6                                   
1893 116 400 1933 11637           Catterthu        26      10191       28                                   
1893 117 200 1933 11637           Catterthu       154      10170       94                                   
1893 117 400 1933 11637           Catterthu       190      10172      106                                   
1893 118 200 1933 11637           Catterthu        93      10154      111                                   
1893 118 400 1697 11836           Catterthu       123      10132      156                                   
1893 119 200 1461 11836           Catterthu        67                                                       
1893 119 400 1225 12049           Catterthu        10      10110      211                                   
1893 120 200 1225 12049           Catterthu        46      10097      211                                   
1893 120 400  826 12145           Catterthu        67      10084      239                                   
1893 121 200  826 12145           Catterthu        26      10083      228                                   
1893 121 400  590 12320           Catterthu        10                 244                                   
1893 122 200  355 12320           Catterthu        26      10059      222                                   
1893 122 400  119 12525           Catterthu        26                 250                                   
1893 123 200  119 12525           Catterthu        10      10053      217                                   
1893 123 400 -138 12630           Catterthu        46      10051      228                                   
1893 124 200 -395 12735           Catterthu        26      10051      211                                   
1893 124 300 -652 12840           Catterthu        46      10046      222                                   
1893 125 100 -652 12840           Catterthu        26      10051      217                                   
1893 125 300-1058 12932           Catterthu         0      10046      228                                   
1893 126 100-1058 12932           Catterthu        10      10023      250                                   
1893 126 300-1113 12970           Catterthu        26      10020      267                                   
1893 127 100-1169 13007           Catterthu        26      10052      256                                   
1893 127 300-1224 13045           Catterthu        46      10054      267                                   
1893 128 100-1224 13045           Catterthu        26      10025      261                                   
1893 128 300-1044 13311           Catterthu        46      10020      267                                   
1893 129 100-1044 13576           Catterthu        26                 267                                   
1893 129 300-1050 13842           Catterthu        46       9988      278                                   
1893 130 100-1050 13842           Catterthu        46      10022      256                                   
1893 130 300-1050 13842           Catterthu        26      10013      267                                   
1893 131   0-1195 14255           Catterthu        26      10014      267                                   
1893 131 200-1331 14347           Catterthu        46      10007      289                                   
1893 2 1   0-1468 14439           Catterthu        10       9980      272                                   
1893 2 1 200-1604 14531           Catterthu        46       9979      283                                   
1893 2 2   0-1740 14655           Catterthu        26       9984      256                                   
1893 2 2 200-1876 14780           Catterthu        46       9977      267                                   
1893 2 3   0-2013 14918           Catterthu        26       9997      272                                   
1893 2 3 200-2149 15057           Catterthu        46       9996      283                                   
1893 2 4   0-2285 15196           Catterthu        26      10004      239                                   
1893 2 4 200-2421 15334           Catterthu        67       9997      244                                   
1893 2 5   0-2558 15338           Catterthu        93      10038      206                                   
1893 2 5 200-2694 15342           Catterthu       123                 239                                   
1893 2 6   0-2830 15346           Catterthu        26      10066      211                                   
1893 2 6 200-2966 15350           Catterthu        26                                                       
1893 6 4 200-3351 15112           Catterthu        10      10212      211                                   
1893 6 5   0-3183 15214           Catterthu        67      10236      200                                   
1893 6 5 200-3016 15317           Catterthu        67      10220      206                                   
1893 6 6   0-2864 15316           Catterthu        26      10208      211                                   
1893 6 6 200-2712 15315           Catterthu        46      10201      244                                   
1893 6 7   0-2529 15279           Catterthu        93      10168      211                                   
1893 6 7 200-2346 15244           Catterthu        46      10159      217                                   
1893 6 8   0-2173 15087           Catterthu        67      10123      244                                   
1893 6 8 200-2000 14931           Catterthu        46      10120      256                                   
1893 6 9   0-1913 14700           Catterthu        46      10071      222                                   
1893 6 9 200-1853 14649           Catterthu        26      10063      233                                   
1893 610   0-1527 14515           Catterthu        10      10037      233                                   
1893 610 200-1517 14423           Catterthu        26      10024      250                                   
1893 611   0-1372 14322           Catterthu        46      10042      239                                   
1893 611 300-1227 14221           Catterthu        67      10024      267                                   
1893 612 100-1131 14217           Catterthu        26      10074      267                                   
1893 612 300-1035 14213           Catterthu        46      10071      306                                   
1893 613 100-1036 14057           Catterthu        26      10081      283                                   
1893 613 300-1038 13901           Catterthu        46      10069      294                                   
1893 614 100-1037 13674           Catterthu        46      10111      267                                   
1893 614 300-1037 13446           Catterthu        26      10082      300                                   
1893 615 100-1120 13279           Catterthu        67      10076      272                                   
1893 615 300-1203 13112           Catterthu        67      10060      294                                   
1893 616 100-1216 13080           Catterthu        26      10072      278                                   
1893 616 300-1229 13049           Catterthu        46      10064      311                                   
1893 617 100-1087 12934           Catterthu        26      10081      306                                   
1893 617 300 -946 12819           Catterthu        26      10078      322                                   
1893 618 200 -889 12676           Catterthu        26      10074      283                                   
1893 618 400 -832 12534           Catterthu        46      10048      294                                   
1893 619 200-1026 12524           Catterthu        26                 -12                                   
1893 619 400 -833 12534           Catterthu        46                 -12                                   
1893 620 200 -640 12544           Catterthu        26                 -11                                   
1893 620 400 -447 12554           Catterthu        26                 -11                                   
1893 621 200 -249 12586           Catterthu        10                 -11                                   
1893 621 400  -52 12619           Catterthu        26      10131      -11                                   
1893 622 200  102 12530           Catterthu        10                 -11                                   
1893 622 400  256 12442           Catterthu        10                 -11                                   
1893 623 200  438 12335           Catterthu        26                 -11                                   
1893 623 400  621 12228           Catterthu         0                 -11                                   
1893 624 200  840 12190           Catterthu        46                 300                                   
1893 624 400 1060 12153           Catterthu        26                 300                                   
1893 625 200 1207 12056           Catterthu        46                 -11                                   
1893 625 400 1354 11959           Catterthu        46                 -11                                   
1893 626 200 1543 11849           Catterthu        10                 -11                                   
1893 626 400 1732 11739           Catterthu        26                 -11                                   
1893 627 200 1893 11621           Catterthu        26                 -11                                   
1893 627 400 2054 11504           Catterthu        46                 -11                                   
1893 628 200 2135 11457           Catterthu        10                 -11                                   
1893 628 400 2217 11410           Catterthu        26                 311                                   
1893 629 400 2217 11410           Catterthu        26                 -11                                   
1893 630 200 2220 11410           Catterthu        26                 -11                                   
1893 630 400 2224 11452           Catterthu        26                 -11                                   
1893 7 1 200 2375 11701           Catterthu        26                 -11                                   
1893 7 1 400 2527 11950           Catterthu        26                 -11                                   
1893 7 2 200 2669 12054           Catterthu        26                 -11                                   
1893 7 2 400 2812 12159           Catterthu        46                 -11                                   
1893 7 3 200 2964 12144           Catterthu        46                 -11                                   
1893 7 3 400 3117 12129           Catterthu        26                 -11                                   
1893 812 100-1041 13460           Catterthu        93      10074      222                                   
1893 812 300-1038 13612           Catterthu       123      10068      239                                   
1893 813 100-1035 13763           Catterthu       123      10069      233                                   
1893 813 300-1032 13915           Catterthu       154      10063      250                                   
1893 814 100-1084 14015           Catterthu        46      10061      244                                   
1893 814 300-1136 14114           Catterthu        67      10059      256                                   
1893 815 100-1188 14214           Catterthu        46      10092      222                                   
1893 815 200-1240 14314           Catterthu        67      10093      233                                   
1893 816   0-1350 14435           Catterthu        46      10093      217                                   
1893 816 200-1460 14556           Catterthu        26       9855      256                                   
1893 817   0-1534 14490           Catterthu        67      10103      222                                   
1893 817 200-1608 14424           Catterthu        93      10113      244                                   
1893 818   0-1683 14522           Catterthu        67      10131      222                                   
1893 818 200-1757 14620           Catterthu       123      10148      244                                   
1893 819   0-1865 14700           Catterthu        46      10148      228                                   
1893 819 200-1973 14781           Catterthu        46      10146      239                                   
1893 820   0-2082 14861           Catterthu        46      10150      200                                   
1893 820 200-2190 14942           Catterthu        67      10149      211                                   
1893 821   0-2264 15090           Catterthu        46      10170      211                                   
1893 821 200-2338 15238           Catterthu        67      10162      222                                   
1893 822   0-2412 15386           Catterthu        46      10151      211                                   
1893 822 200-2486 15534           Catterthu        26      10134      233                                   
18931216 200-3432 15174           Catterthu        46                 256                                   
18931217   0-3277 15216           Catterthu        26      10063      233                                   
18931217 200-3122 15259           Catterthu        26      10053      244                                   
18931218   0-2967 15301           Catterthu        46      10041      244                                   
18931218 200-2812 15344           Catterthu        46      10064      267                                   
18931219   0-2627 15335           Catterthu        10      10112      250                                   
18931219 200-2443 15327           Catterthu        26      10099      261                                   
18931220   0-2297 15184           Catterthu        10      10107      267                                   
18931220 200-2152 15041           Catterthu        26      10092      289                                   
18931221   0-2035 14885           Catterthu        10      10081      294                                   
18931221 200-1918 14729           Catterthu        26      10085      306                                   
18931222   0-1776 14637           Catterthu        10      10079      294                                   
18931222 200-1634 14545           Catterthu        26      10082      311                                   
18931223   0-1520 14450           Catterthu        26      10062      311                                   
18931223 200-1406 14355           Catterthu        26      10069      322                                   
18931224   0-1217 14286           Catterthu        10      10055      306                                   
18931224 300-1029 14218           Catterthu         0      10065      317                                   
18931225 100-1032 14167           Catterthu        26      10057      267                                   
18931225 300-1036 14116           Catterthu        46      10051      283                                   
18931226 100-1041 13928           Catterthu        26      10036      294                                   
18931226 300-1046 13740           Catterthu        46      10040      311                                   
18931227 100-1048 13498           Catterthu        46      10038      278                                   
18931227 300-1051 13256           Catterthu        26      10030      289                                   
18931228 100-1089 13192           Catterthu        26      10025      300                                   
18931228 300-1127 13129           Catterthu         0      10037      306                                   
18931229 100-1166 13065           Catterthu        26      10039      278                                   
18931229 300-1204 13002           Catterthu        26      10043      294                                   
18931230 100-1037 12951           Catterthu        10      10049      256                                   
18931230 300 -870 12901           Catterthu        10      10042      294                                   
18931231 100 -670 12826           Catterthu        46      10047      278                                   
18931231 300 -470 12752           Catterthu        26      10040      300                                   
1894 111 200 2225 11501           Catterthu        46      10166      128                                   
1894 1141800 2654-12052           Catterthu       123      10232       94                                   
1894 9101600  830 12130           Catterthu        10      10097      283                                   
1894 911 400 1039 12138           Catterthu        10      10098      300                                   
1894 9111600  435 12334           Catterthu        46      10084      233                                   
1894 912 400  630 12244           Catterthu        10      10081      300                                   
1894 9121600   55 12635           Catterthu        67      10062      244                                   
1894 913 400  244 12445           Catterthu        46      10072      267                                   
1894 9131600 -244 12740           Catterthu        67      10052      222                                   
1894 914 400  -54 12612           Catterthu        46      10059      267                                   
1894 9141500 -543 12817           Catterthu        93      10065      228                                   
1894 915 400 -416 12737           Catterthu        93      10060      261                                   
1894 9151500 -912 12915           Catterthu        67      10084      222                                   
1894 916 300 -719 12846           Catterthu        93      10068      278                                   
1894 9161500 -912 12915           Catterthu        67      10084      222                                   
1894 917 300-1102 12944           Catterthu        46      10088      261                                   
1894 918 300-1229 13050           Catterthu        10      10088      328                                   
1894 919 300-1229 13050           Catterthu        10      10089      322                                   
1894 920 300-1229 13050           Catterthu        10      10089      322                                   
1894 921 300-1229 13050           Catterthu        10      10081      328                                   
1894 922 300-1229 13050           Catterthu        10      10062      322                                   
1894 9221500-1040 13240           Catterthu        46      10092      239                                   
1894 923 300-1200 13116           Catterthu        26      10106      300                                   
1894 9231500-1040 13240           Catterthu        46      10092      239                                   
1894 924 300-1045 13436           Catterthu        46      10091      267                                   
1894 9241500-1033 13827           Catterthu        46      10078      200                                   
1894 925 300-1033 13827           Catterthu        46      10101      267                                   
1894 9251500-1058 14248           Catterthu        67      10081      200                                   
1894 926 300-1034 14213           Catterthu        46      10084      267                                   
1894 9261400-1213 14313           Catterthu        46      10122      183                                   
1894 927 200-1213 14313           Catterthu        46      10107      233                                   
1894 9271400-1301 14323           Catterthu        46      10122      183                                   
1894 928 200-1501 14523           Catterthu        67      10104      239                                   
1894 9281400-1701 14723           Catterthu        46      10135      178                                   
1894 929 200-1820 14627           Catterthu        10      10123      256                                   
1894 9291400-1880 14730           Catterthu        26      10127      211                                   
1894 930 200-1939 14834           Catterthu        46      10130      233                                   
1894 9301400-2131 14982           Catterthu        46      10134      200                                   
189410 1 200-2250 15130           Catterthu        67      10146      211                                   
189410 11400-2369 15229           Catterthu        93                 133                                   
189410 2 200-2488 15329           Catterthu        93      10172      167                                   
189410 21400-2607 15428           Catterthu                10199      128                                   
189410 3 200-2726 15528           Catterthu        26      10186      172                                   
1895 4301400-3555 15361           Catterthu        93      10199      178                                   
1895 5 1 600-3405 15342           Catterthu        67      10179      211                                   
1895 5 11800-3256 15324           Catterthu        93      10192      183                                   
1895 5 2 200-3106 15306           Catterthu        67      10187      306                                   
1895 5 21000-2956 15288           Catterthu                10193      244                                   
1895 5 21800-2807 15270           Catterthu        67      10193      194                                   
1895 5 3 200-2657 15251           Catterthu        67      10186      250                                   
1895 5 31000-2508 15233           Catterthu        67      10177      239                                   
1895 5 31800-2358 15215           Catterthu        46      10171      228                                   
1895 5 4 200-2358 15215           Catterthu        46      10172      244                                   
1895 5 41000-2237 15083           Catterthu        26      10148      239                                   
1895 5 41800-2117 14951           Catterthu                10142      211                                   
1895 5 5 200-2117 14951           Catterthu                           256                                   
1895 5 51000-2045 14851           Catterthu        10      10113      239                                   
1895 5 51800-1973 14751           Catterthu        26      10129      244                                   
1895 5 6 200-1901 14651           Catterthu                10128      289                                   
1895 5 61000-1773 14595           Catterthu                10110      250                                   
1895 5 61800-1645 14539           Catterthu                10122      256                                   
1895 5 7 200-1517 14482           Catterthu                                                                 
1895 5 71000-1412 14426           Catterthu                10086      283                                   
1895 5 71800-1308 14370           Catterthu                10081      267                                   
1895 5 8 200-1203 14314           Catterthu                           289                                   
1895 5 81100-1175 14235           Catterthu                           261                                   
1895 5 81900-1148 14156           Catterthu        67      10067      267                                   
1895 5 9 300-1120 14077           Catterthu                10072      300                                   
1895 5 91100-1092 13998           Catterthu                10071      261                                   
1895 5 91900-1065 13919           Catterthu                10077      289                                   
1895 510 300-1037 13840           Catterthu       123      10081      344                                   
1895 5101100-1009 13761           Catterthu        67      10076      294                                   
1895 5101900-1038 13424           Catterthu        67      10083      294                                   
1895 511 300-1038 13424           Catterthu        46      10093      311                                   
1895 5111100-1093 13320           Catterthu        10      10082      322                                   
1895 5111900-1148 13216           Catterthu        26      10085      283                                   
1895 512 300-1203 13112           Catterthu        67                 322                                   
1895 5121100-1258 13009           Catterthu                10091      311                                   
1895 5222000 1726 11737           Catterthu        10      10076      272                                   
1895 523 400 1726 11737           Catterthu        26      10094      283                                   
1895 5231200 1726 11737           Catterthu        26      10078      278                                   
1895 5232000 1726 11620           Catterthu        10      10071      278                                   
1895 524 400 2054 11503           Catterthu        46      10085      244                                   
1895 5241200 2054 11503           Catterthu        67      10053      239                                   
1895 5242000 2054 11503           Catterthu         0      10045      289                                   
1895 525 400 2054 11503           Catterthu        10      10045      289                                   
