     4 32000-3916 14336           Changsha         67      10155      156                                   
    1028 800-3856 14544           Changsha        123                 144                                   
1892 824   0 1128 12112           Changsha         93      10074      267                                   
1892 825   0  720 12154           Changsha         26      10087      261                                   
1892 826   0  310 12410           Changsha         67      10092      267                                   
1892 826   0  310 12410           Changsha         67      10092      267                                   
1892 827   0  -46 12619           Changsha         10      10094      256                                   
1892 8272300 -427 12844           Changsha         10      10088      256                                   
1892 8282300 -640 13243           Changsha         26      10116      250                                   
1892 8292300 -857 13637           Changsha         93      10126      250                                   
1892 8302300-1021 14049           Changsha         67      10127      250                                   
1892 8312200-1034 14290           Changsha        123      10115      239                                   
1892 9 12200-1322 14340           Changsha        123      10120      239                                   
1892 9 22200-1545 14526           Changsha         93      10142      233                                   
1892 9 32200-1925 14648           Changsha         26      10140      233                                   
1892 9 42200-2140 15027           Changsha         46      10125      233                                   
1892 9 52200-2517 15326           Changsha         67      10144      233                                   
1892 9 62200-2725 15325           Changsha          0      10125      217                                   
1892 9 72200-3012 15326           Changsha        123      10202      172                                   
1892 9 82200-3156 15269           Changsha         26      10225      144                                   
1892 9 92200-3299 15212           Changsha         26      10222      150                                   
1892 9102200-3443 15154           Changsha         26      10206      150                                   
1892 9112200-3586 15097           Changsha         67      10211      167                                   
1892 9122200-3730 15040           Changsha         26      10253      144                                   
1892 9132200-3823 14442           Changsha         93      10190      144                                   
1892 9142300-3832 13844           Changsha         10      10127      139                                   
1892 9152300-3841 13246           Changsha         10      10130      139                                   
1892 9162200-3823 14442           Changsha         26      10160      122                                   
1892 917   0-3851 12648           Changsha         26      10160      122                                   
1892 918   0-3860 12050           Changsha         93      10143      122                                   
1892 919   0-3869 11452           Changsha         26      10173      167                                   
1892 920 100-3878 10854           Changsha         10      10117      122                                   
1892 921 100-3888 10256           Changsha          0      10121      139                                   
1892 922 200-3897  9658           Changsha         67      10141      139                                   
1893 1 81800-2356 15255           Changsha         10      10099      256                                   
1893 1 82200-2356 15255           Changsha         10      10103      250                                   
1893 1 9 200-2356 15255           Changsha         10      10107      267                                   
1893 1 9 600-2356 15255           Changsha         46      10090      272                                   
1893 1 91000-2356 15255           Changsha         67      10094      267                                   
1893 1 91400-2104 14934           Changsha                                                                  
1893 1 91800-2104 14934           Changsha         46      10092      267                                   
1893 1 92200-2104 14934           Changsha         26                 267                                   
1893 110 200-2104 14934           Changsha         26      10112      272                                   
1893 110 600-2104 14934           Changsha         26                 278                                   
1893 1101000-2104 14934           Changsha         26      10090      278                                   
1893 1101800-2017 14836           Changsha         26      10085      267                                   
1893 1102200-1929 14739           Changsha         26      10094      272                                   
1893 111 200-1842 14641           Changsha         10      10103      272                                   
1893 111 600-1842 14641           Changsha         10      10072      278                                   
1893 1111000-1842 14641           Changsha         26      10076      272                                   
1893 1111800-1734 14601           Changsha         26      10071      261                                   
1893 1112200-1627 14561           Changsha         26      10090      267                                   
1893 112 200-1519 14521           Changsha         26      10088      272                                   
1893 112 600-1519 14521           Changsha         10      10059      283                                   
1893 1121000-1519 14521           Changsha         10      10070      278                                   
1893 1121800-1475 14447           Changsha         26      10074      278                                   
1893 1122200-1431 14374           Changsha         26      10082      267                                   
1893 113 200-1388 14300           Changsha         10                 267                                   
1893 113 600-1344 14300           Changsha         10      10058      267                                   
1893 1131000-1300 14300           Changsha         26      10071      267                                   
1893 1131500-1058 14222           Changsha          0      10091      261                                   
1893 1131900-1058 14222           Changsha         26      10065      261                                   
1893 1132300-1058 14222           Changsha         26      10082      256                                   
1893 114 300-1058 14222           Changsha         26      10088      261                                   
1893 114 700-1058 14222           Changsha         26      10077      267                                   
1893 1141100-1058 14222           Changsha         26      10091      261                                   
1893 1141500-1058 14222           Changsha         10      10062      278                                   
1893 1141900-1058 14222           Changsha          0      10082      256                                   
1893 1142300-1058 14222           Changsha          0      10091      261                                   
1893 115 300-1058 14222           Changsha          0      10077      267                                   
1893 115 700-1054 14166           Changsha         10      10059      272                                   
1893 1151100-1050 14110           Changsha         10      10049      272                                   
1893 1151500-1046 14054           Changsha         46      10067      267                                   
1893 1151900-1042 13998           Changsha         26      10054      267                                   
1893 1152300-1038 13942           Changsha         26      10057      267                                   
1893 116 300-1034 13886           Changsha         26      10059      272                                   
1893 116 700-1030 13830           Changsha         46      10047      267                                   
1893 1161100-1030 13744           Changsha         26      10053      267                                   
1893 1161500-1030 13658           Changsha         26      10053      267                                   
1893 1161900-1030 13572           Changsha         67      10047      267                                   
1893 1162300-1030 13486           Changsha         67      10060      267                                   
1893 117 300-1030 13400           Changsha         67      10061      261                                   
1893 117 700-1063 13354           Changsha         46      10046      272                                   
1893 1171100-1097 13308           Changsha         46      10049      272                                   
1893 1171500-1130 13262           Changsha         46      10052      278                                   
1893 1171900-1163 13216           Changsha         26      10081      267                                   
1893 1172300-1197 13170           Changsha         26      10053      272                                   
1893 118 300-1230 13124           Changsha         10      10056      278                                   
1893 118 700-1263 13078           Changsha          0      10029      278                                   
1893 1181100-1297 13032           Changsha         67      10046      278                                   
1893 119 400-1227 12048           Changsha         46      10059      278                                   
1893 1232000  467 12333           Changsha         26      10071      256                                   
1893 124   0  533 12317           Changsha         93      10088      256                                   
1893 124 400  600 12300           Changsha         93      10071      256                                   
1893 124 800  667 12283           Changsha         67      10078      256                                   
1893 1241200  733 12267           Changsha         93      10090      244                                   
1893 1241600  800 12250           Changsha                 10091      239                                   
1893 1242000  867 12233           Changsha         93      10081      239                                   
1893 125   0  933 12217           Changsha        123      10090      244                                   
1893 125 400 1000 12200           Changsha         93      10096      250                                   
1893 125 800 1067 12200           Changsha         93      10090      250                                   
1893 1251200 1133 12200           Changsha        123      10091      244                                   
1893 1251600 1200 12200           Changsha                            239                                   
1893 1252000 1267 12200           Changsha         46      10103      239                                   
1893 126   0 1333 12200           Changsha         67      10105      244                                   
1893 126 400 1400 12200           Changsha         67      10105      250                                   
1893 126 800 1467 12133           Changsha         46                 261                                   
1893 1261200 1533 12067           Changsha         26      10105      250                                   
1893 1261600 1600 12000           Changsha         26                                                       
1893 1262000 1667 11933           Changsha          0      10122      233                                   
1893 127   0 1733 11867           Changsha         26      10129      233                                   
1893 127 400 1800 11800           Changsha         26      10130      233                                   
1893 127 800 1867 11733           Changsha         26                 233                                   
1893 1271200 1933 11667           Changsha         26      10125      222                                   
1893 1271600 2000 11600           Changsha         67      10147      133                                   
1893 1272000 2067 11533           Changsha         10      10128      211                                   
1893 128   0 2133 11467           Changsha         10      10135      211                                   
1893 128 400 2200 11400           Changsha                                                                  
1893 128 800 2267 11333           Changsha         46      10117      206                                   
1893 1281200 2333 11267           Changsha         67      10151      144                                   
1893 2171500 3150 13450           Changsha         67                                                       
1893 2171900 3133 13367           Changsha        123      10124      117                                   
1893 2172300 3117 13283           Changsha        123      10145      117                                   
1893 218 300 3100 13200           Changsha         67      10171      117                                   
1893 218 700 3083 13117           Changsha         67      10167      122                                   
1893 2181100 3067 13033           Changsha         67      10183      128                                   
1893 2181500 3050 12950           Changsha         67      10226      111                                   
1893 2181900 3033 12867           Changsha         67      10189      150                                   
1893 2182300 3017 12783           Changsha         93      10208      133                                   
1893 219 400 3000 12700           Changsha         93      10203      122                                   
1893 219 800 2950 12617           Changsha         93      10208      111                                   
1893 2191200 2900 12533           Changsha        123      10225      111                                   
1893 2191600 2850 12450           Changsha         93      10236      100                                   
1893 2192000 2800 12367           Changsha         67      10231      111                                   
1893 220   0 2750 12283           Changsha         67      10240      111                                   
1893 220 400 2700 12200           Changsha         93      10242      117                                   
1893 220 800 2683 12150           Changsha         67      10229      117                                   
1893 2201200 2667 12100           Changsha         93      10234      128                                   
1893 2201600 2650 12050           Changsha         93      10220      128                                   
1893 2202000 2633 12000           Changsha                 10225      100                                   
1893 221   0 2617 11950           Changsha         93      10237      106                                   
1893 221 400 2600 11900           Changsha         67      10230      106                                   
1893 221 800 2550 11850           Changsha         67      10199      106                                   
1893 2211200 2500 11800           Changsha         93      10214      117                                   
1893 2211600 2450 11750           Changsha         67      10214      156                                   
1893 2212000 2400 11700           Changsha         67      10210      139                                   
1893 222   0 2350 11650           Changsha         67      10208      128                                   
1893 222 400 2300 11600           Changsha         26      10206      156                                   
1893 222 800 2250 11550           Changsha         10      10189      156                                   
1893 2221200 2200 11500           Changsha          0      10206      150                                   
1893 3111500-1221 12889           Changsha         26      10113      278                                   
1893 3111900-1200 12965           Changsha         26      10116      261                                   
1893 3112300-1178 13040           Changsha         26      10122      261                                   
1893 312 300-1157 13116           Changsha         26      10118      267                                   
1893 312 700-1136 13192           Changsha         26      10097      272                                   
1893 3121100-1114 13267           Changsha         26      10106      278                                   
1893 3121500-1093 13343           Changsha         10                 267                                   
1893 3121900-1072 13419           Changsha         10      10107      289                                   
1893 3122300-1050 13494           Changsha         46      10122      261                                   
1893 313 300-1029 13570           Changsha         46      10117      267                                   
1893 313 700-1030 13630           Changsha         26      10097      267                                   
1893 3131100-1031 13691           Changsha         26      10097      267                                   
1893 3131500-1031 13751           Changsha          0      10094      267                                   
1893 3131900-1032 13811           Changsha         10      10090      267                                   
1893 3132300-1033 13872           Changsha          0      10101      267                                   
1893 314 300-1034 13932           Changsha          0      10096      272                                   
1893 314 700-1033 13979           Changsha         46      10078      261                                   
1893 3141100-1033 14025           Changsha         26      10084      267                                   
1893 3141500-1032 14072           Changsha          0      10087      267                                   
1893 3141900-1032 14119           Changsha         10      10075      261                                   
1893 3142300-1031 14165           Changsha          0                                                       
1893 315 300-1031 14212           Changsha          0      10090      267                                   
1893 315 600-1030 14259           Changsha          0      10064      267                                   
1893 3151000-1030 14305           Changsha         26      10074      267                                   
1893 321 200-2300 15200           Changsha         93      10170      250                                   
1893 321 600 2300 15200           Changsha         93      10157      250                                   
1896 4 2   0 2144 11305           Changsha         46      10134      156                                   
1896 4 21200 2247 11528           Changsha         67      10128      156                                   
1896 4 3   0 2351 11751           Changsha         67      10138      144                                   
1896 4 31200 2454 11974           Changsha         67      10111      144                                   
1896 4 4   0 2558 12196           Changsha         67      10110      133                                   
1896 4 41200 2655 12419           Changsha         46      10090      178                                   
1896 4 5   0 2752 12642           Changsha         46      10092      211                                   
1896 4 51100 2831 12787           Changsha         46      10093      211                                   
1896 4 52300 2911 12932           Changsha         46      10080      211                                   
1896 4 61100 3065 13127           Changsha         67      10078      211                                   
1896 4 62300 3219 13323           Changsha         67      10038      194                                   
1896 4 71100 3285 13413           Changsha        123      10012      194                                   
1896 4 72300 3352 13503           Changsha         93      10049      178                                   
1896 4 81100 3298 13426           Changsha         46      10065      178                                   
1896 4132300 3243 13349           Changsha         26      10058      200                                   
1896 4141100 3189 13272           Changsha         46      10087      144                                   
1896 4142300 3135 13195           Changsha         46      10089      128                                   
1896 4151100 3080 13118           Changsha         46      10104      133                                   
1896 4152300 3026 13041           Changsha         67      10130      139                                   
1896 4161100 2972 12824           Changsha        154      10133      139                                   
1896 417   0 2918 12607           Changsha         93      10116      156                                   
1896 4171200 2863 12413           Changsha         46                                                       
1896 418   0 2809 12220           Changsha         26      10068      156                                   
1896 4181200 2667 12117           Changsha         10      10054      156                                   
1896 419   0 2526 12015           Changsha         26      10101      167                                   
1896 4191200 2427 11877           Changsha         26      10090      172                                   
1896 420   0 2329 11740           Changsha         46      10122      178                                   
1896 4201200 2230 11602           Changsha         26      10086      206                                   
1896 421   0 2132 11465           Changsha         26      10097      217                                   
1896 4211200 2033 11327           Changsha         26      10083      239                                   
1896 422 500 1935 11190           Changsha         26      10123      239                                   
1896 423 500 1836 11052           Changsha         26      10115      239                                   
1896 425   0 1937 11554           Changsha         46      10092      239                                   
1896 4251200 1937 11554           Changsha         46      10075      261                                   
1896 426   0 1540 11814           Changsha         26      10076      267                                   
1896 4261200 1540 11814           Changsha         26      10051      272                                   
1896 427   0 1213 12055           Changsha         26      10074      267                                   
1896 4271200 1213 12055           Changsha         10      10027      267                                   
1896 428   0  754 12150           Changsha         26      10037      261                                   
1896 4281200  754 12150           Changsha         26      10017      261                                   
1896 429   0  406 12359           Changsha         46      10033      261                                   
1896 4291200  406 12359           Changsha         26      10022      267                                   
1896 430   0   15 12506           Changsha         26      10038      267                                   
1896 4301200   15 12506           Changsha         46      10038      267                                   
1896 5 1   0 -351 12730           Changsha         46      10045      267                                   
1896 5 11200 -351 12730           Changsha         26      10039      261                                   
1896 5 12300 -809 12901           Changsha         46      10043      267                                   
1896 5 21100 -809 12901           Changsha         67      10039      267                                   
1896 5 22300-1211 13020           Changsha         46      10054      267                                   
1896 5 31100-1211 13020           Changsha         26      10024      283                                   
1896 5 4 300-1206 13068           Changsha         26      10051      283                                   
1896 5 42300-1201 13116           Changsha         26      10054      267                                   
1896 5 51100-1201 13116           Changsha         67      10047      267                                   
1896 5 52300-1033 13415           Changsha         67      10055      256                                   
1896 5 61100-1033 13415           Changsha         93      10052      256                                   
1896 5 62300-1035 13908           Changsha         93      10055      256                                   
1896 5 71100-1035 13908           Changsha         46      10051      261                                   
1896 5 72300-1035 14211           Changsha         46      10041      261                                   
1896 5 81100-1035 14211           Changsha         93      10055      256                                   
1896 5 82200-1250 14334           Changsha         67      10057      250                                   
1896 5 91000-1250 14334           Changsha         67      10057      250                                   
1896 5 92200-1455 14421           Changsha         93      10078      250                                   
1896 5101000-1455 14421           Changsha         93      10073      239                                   
1896 5102200-1730 14611           Changsha         67      10081      239                                   
1896 5111000-1730 14611           Changsha         46      10089      233                                   
1896 5112200-1939 14800           Changsha         46                                                       
1896 5121000-2091 14968           Changsha         26                                                       
1896 5122200-2244 15137           Changsha         67                                                       
1896 5131000-2442 15238           Changsha         67                                                       
1896 5132200-2640 15339           Changsha         93                                                       
1896 514 800-2838 15440           Changsha         93                                                       
1898 8 5 400 -113 12638           Changsha         26      10049      244                                   
1898 8 6 300 -533 12811           Changsha         26      10075      233                                   
1898 8 7 300 -939 12927           Changsha         26      10071      217                                   
1898 8 8 300-1227 13050           Changsha         26      10061      267                                   
1898 8 9 300-1127 13141           Changsha         46      10099      239                                   
1898 810 300-1031 13518           Changsha         93      10092      239                                   
1898 811 300-1029 13931           Changsha        123      10079      233                                   
1898 812 300 -959 14218           Changsha         93      10099      233                                   
1898 813 200-1370 14335           Changsha         93      10014      228                                   
1898 814 200-1544 14524           Changsha         93      10134      217                                   
1898 815 200-1847 14635           Changsha         93      10162      200                                   
1898 816 200-2048 14918           Changsha         93      10157      200                                   
1898 817 200-2348 15250           Changsha         46      10143      211                                   
1898 818 200-2728 15310           Changsha        123      10180      167                                   
1898 819 200-3001 15325           Changsha        123                 161                                   
1898 820 200-3336 15132           Changsha         93      10284      144                                   
1898 821 200-3352 15089           Changsha         46      10285      139                                   
1898 822 200-3352 15046           Changsha          0      10269      133                                   
1898 823 200-3352 15003           Changsha         46      10258      156                                   
1898 824 200-3800 14960           Changsha         26      10274      144                                   
1898 825 200-3821 14437           Changsha         26      10263      133                                   
1898 826 200-3752 14455           Changsha         46      10251      161                                   
1898 827 200-3752 14455           Changsha         67      10190      161                                   
1898 828 200-3752 14455           Changsha         67      10165      167                                   
1898 829 200-3752 14455           Changsha         46      10233      144                                   
1898 830 200-3757 14453           Changsha         93      10173      122                                   
1898 831 200-3810 14930           Changsha        123      10208      139                                   
1898 9 1 200-3450 15113           Changsha        123      10185      156                                   
1898 9 2 200-3255 15296           Changsha         93      10537      178                                   
1898 9 3 200-3255 15479           Changsha         46      10184      172                                   
1898 9 4 200-3352 15662           Changsha         46      10145      167                                   
18981111 400 -330 12724           Changsha         46                 267                                   
189811112300 -724 12850           Changsha         46      10035      272                                   
189811121100 -929 12899           Changsha         46      10025      272                                   
189811122300-1134 12948           Changsha         46      10022      278                                   
189811131100-1139 12992           Changsha         46      10007      283                                   
189811132300-1144 13036           Changsha         46      10012      278                                   
189811141100-1149 13081           Changsha         67      10015      278                                   
189811142300-1154 13125           Changsha         46      10035      278                                   
189811151100-1092 13323           Changsha         67      10010      306                                   
189811152300-1031 13521           Changsha         46      10027      267                                   
189811161100-1034 13719           Changsha         67      10021      261                                   
189811162300-1038 13917           Changsha         67      10038      261                                   
189811171100-1037 14071           Changsha         67      10044      261                                   
189811172300-1036 14225           Changsha         67      10027      267                                   
189811181000-1183 14283           Changsha        123      10037      267                                   
189811182200-1330 14341           Changsha        154      10044      267                                   
189811191000-1439 14433           Changsha        123      10065      267                                   
189811192200-1548 14526           Changsha        123      10074      256                                   
189811201000-1690 14633           Changsha         93      10067      261                                   
189811202200-1831 14740           Changsha         67      10079      256                                   
189811211000-1973 14847           Changsha         67      10060      256                                   
189811212200-2115 14954           Changsha         67      10056      244                                   
189811221000-2273 15141           Changsha         46      10073      244                                   
189811222200-2432 15328           Changsha         67      10112      239                                   
189811231000-2578 15319           Changsha                 10086      244                                   
189811232200-2725 15310           Changsha         46      10089      228                                   
189811241000-2871 15315           Changsha        123      10052      239                                   
189811242200-3018 15321           Changsha         46      10046      217                                   
189811251000-3184 15326           Changsha                 10008      211                                   
189811252200-3351 15332           Changsha         46      10092      183                                   
189811261000-3517 15337           Changsha         46      10097      183                                   
189811262100-3372 16204           Changsha         46      10108      189                                   
18981127 900-3432 15996           Changsha         46      10115      189                                   
189811272100-3493 15789           Changsha         46      10093      244                                   
189811281000-3553 15581           Changsha         46      10066      250                                   
189811282200-3614 15374           Changsha         67      10052      211                                   
189811291000-3674 15166           Changsha        123      10101      183                                   
189811292200-3735 14959           Changsha        123      10123      156                                   
189811301000-3795 14751           Changsha        190      10154      156                                   
189812 52200-4055 14510           Changsha         67      10057      183                                   
189812 61000-3950 14615           Changsha         93      10048      172                                   
189812 62200-3844 14719           Changsha        123       9999      156                                   
189812 71000-3738 14823           Changsha        123       9971      161                                   
189812 71400-3633 14928           Changsha        123       9990      161                                   
189812 72200-3527 15032           Changsha         93      10010      178                                   
189812 8 200-3502 15046           Changsha         67      10011      172                                   
189812 82200-3478 15060           Changsha         67      10050      178                                   
189812 91000-3453 15074           Changsha         67      10072      206                                   
189812 92200-3428 15089           Changsha         93      10080      194                                   
18981210 200-3403 15103           Changsha        123      10076      200                                   
189812101000-3379 15117           Changsha        123      10088      189                                   
189812102200-3354 15131           Changsha         67      10094      172                                   
18981211 200-3329 15145           Changsha         46      10070      256                                   
189812111000-3305 15159           Changsha         46      10061      222                                   
189812112200-3280 15174           Changsha         67      10054      206                                   
18981212 200-3255 15188           Changsha         67      10070      206                                   
189812121000-3231 15202           Changsha         67      10112      194                                   
189812122200-3206 15216           Changsha         67      10129      194                                   
18981213 200-3181 15230           Changsha         67      10125      200                                   
189812131000-3156 15244           Changsha         67      10108      200                                   
189812132200-3132 15258           Changsha         67      10086      183                                   
18981214 200-3107 15273           Changsha         67      10079      189                                   
189812141000-3082 15287           Changsha         67      10071      194                                   
189812142200-3058 15301           Changsha         46      10088      211                                   
18981215 200-3033 15315           Changsha         67      10085      228                                   
18981215 600-3008 15329           Changsha         67      10060      233                                   
189812152200-2984 15343           Changsha         26      10032      239                                   
