1894 524 600-1160 14252           Chingtu          67      10018      278                                   
1894 5261400-1160 14252           Chingtu          26      10026      272                                   
1894 527 600-1160 14252           Chingtu          67      10018      278                                   
1894 5271000-1160 14252           Chingtu          46      10028      283                                   
1894 5271400-1160 14252           Chingtu          26      10026      272                                   
1894 5271800-1160 14252           Chingtu          26      10026      272                                   
1894 5272200-1160 14252           Chingtu          67      10029      272                                   
1894 528 200-1160 14252           Chingtu         123      10026      272                                   
1894 528 600-1160 14252           Chingtu         123      10018      278                                   
1894 5281000-1189 14282           Chingtu         123      10034      283                                   
1894 5281400-1218 14311           Chingtu         123      10046      278                                   
1894 5281800-1247 14341           Chingtu          93      10030      272                                   
1894 5282200-1276 14341           Chingtu         123      10053      272                                   
1894 529 200-1304 14341           Chingtu          93      10054      272                                   
1894 529 600-1333 14376           Chingtu          93      10045      267                                   
1894 5291000-1362 14411           Chingtu          93      10072      267                                   
1894 5291800-1391 14447           Chingtu         123                                                       
1894 5292200-1420 14482           Chingtu         123      10067      256                                   
1894 530 200-1449 14517           Chingtu         123      10077      256                                   
1894 530 600-1449 14517           Chingtu         123      10048      267                                   
1894 5301000-1449 14517           Chingtu          93      10074      256                                   
1894 5301400-1449 14517           Chingtu          93      10085      250                                   
1894 5301800-1449 14517           Chingtu          93      10072      244                                   
1894 5302200-1449 14517           Chingtu          67      10094      233                                   
1894 531 200-1449 14517           Chingtu          67      10083      239                                   
1894 531 600-1449 14517           Chingtu          26      10065      244                                   
1894 5311000-1449 14517           Chingtu          26      10085      250                                   
1894 5311400-1449 14517           Chingtu          67      10077      256                                   
1894 5311800-1449 14517           Chingtu          26      10065      250                                   
1894 5312200-1449 14517           Chingtu          26      10087      233                                   
1894 6 1 200-1449 14517           Chingtu          26      10073      239                                   
1894 6 1 600-2757 15344           Chingtu          26      10070      244                                   
1894 6 11000-2757 15344           Chingtu          26      10090      244                                   
1894 6 11400-2757 15344           Chingtu          26                                                       
1894 6 11800-2757 15344           Chingtu          26      10074      244                                   
1894 6 12200-2757 15344           Chingtu          26      10098      239                                   
1894 6 2 200-2757 15344           Chingtu          26      10088      239                                   
1894 6 2 600-2757 15344           Chingtu          26      10077      244                                   
1894 6 21000-2757 15344           Chingtu          26      10096      250                                   
1894 6 21800-2757 15344           Chingtu                  10094      244                                   
1894 6 22200-2757 15344           Chingtu          26      10111      222                                   
1894 6 3 200-2757 15344           Chingtu          67      10100      244                                   
1894 6 3 600-2757 15344           Chingtu          26      10084      222                                   
1894 6 31000-2757 15344           Chingtu          26      10094      222                                   
1894 6 31400-2757 15344           Chingtu         123      10096      211                                   
1894 6 31800-2757 15344           Chingtu          93      10098      200                                   
1894 6 32200-2757 15344           Chingtu          67      10113      189                                   
1894 6 4 200-2757 15344           Chingtu          67      10085      194                                   
1894 6 4 600-2757 15344           Chingtu         123      10077      183                                   
1894 6 41000-2757 15344           Chingtu          26                                                       
1895 8161500-1216 13048           Chingtu          46       9961      261                                   
1895 817 300-1216 13048           Chingtu          10       9960      267                                   
1895 817 700-1216 13048           Chingtu          10       9936      272                                   
1895 8171100-1216 13048           Chingtu          26       9960      267                                   
1895 8171500-1216 13048           Chingtu          46       9961      261                                   
1895 8171900-1216 13048           Chingtu          67       9947      261                                   
1895 8172300-1216 13048           Chingtu          93       9971      261                                   
1895 818 300-1036 13410           Chingtu          46       9953      267                                   
1895 818 700-1036 13410           Chingtu          46       9939      267                                   
1895 8181100-1036 13410           Chingtu          46       9954      261                                   
1895 8181500-1036 13410           Chingtu          67       9950      261                                   
1895 8181900-1036 13410           Chingtu          46       9948      256                                   
1895 8182300-1036 13410           Chingtu          46       9961      256                                   
1895 819 300-1037 13824           Chingtu          46       9946      267                                   
1895 819 700-1037 13824           Chingtu          46       9929      267                                   
1895 8191100-1037 13824           Chingtu          67       9946      267                                   
1895 8191500-1037 13824           Chingtu          93       9946      267                                   
1895 8191900-1037 13824           Chingtu          93       9947      261                                   
1895 8192300-1037 13824           Chingtu          67       9964      261                                   
1895 820 300-1035 14214           Chingtu          67       9945      272                                   
1895 820 700-1035 14214           Chingtu          67       9938      256                                   
1895 8201100-1035 14214           Chingtu          67       9961      256                                   
1895 8201500-1035 14214           Chingtu          46       9960      261                                   
1895 8201900-1035 14214           Chingtu          67       9954      261                                   
1895 8202300-1035 14214           Chingtu          93       9977      261                                   
1895 821 200-1221 14317           Chingtu          67       9971      261                                   
1895 821 600-1221 14317           Chingtu          67       9982      256                                   
1895 8211000-1221 14317           Chingtu          93       9990      250                                   
1895 8211400-1221 14317           Chingtu          93       9996      250                                   
1895 8211400-1453 14521           Chingtu          67      10026      239                                   
1895 8211800-1221 14317           Chingtu          67       9984      244                                   
1895 8212200-1221 14317           Chingtu          67      10000      250                                   
1895 822 200-1453 14520           Chingtu          93      10004      250                                   
1895 822 200-1453 14521           Chingtu          93      10004      250                                   
1895 822 600-1453 14521           Chingtu          67      10001      250                                   
1895 8221000-1453 14521           Chingtu          67      10015      244                                   
1895 8221400-1453 14521           Chingtu          67      10026      239                                   
1895 8221800-1453 14521           Chingtu          46      10013      233                                   
1895 8222200-1453 14521           Chingtu          26      10033      239                                   
1895 823 200-1845 14644           Chingtu          46      10035      239                                   
1895 823 600-1848 14644           Chingtu          46      10030      244                                   
1895 8231000-1848 14644           Chingtu          67      10034      244                                   
1895 8231400-1848 14644           Chingtu          93      10035      239                                   
1895 8231800-1848 14644           Chingtu          93      10030      228                                   
1895 8232200-1848 14644           Chingtu          67      10057      228                                   
1895 824 200-2056 14923           Chingtu          46      10051      228                                   
1895 824 600-2056 14923           Chingtu          46      10039      222                                   
1895 8241000-2056 14923           Chingtu          46      10055      228                                   
1895 8241400-2056 14923           Chingtu          46      10055      222                                   
1895 8241800-2056 14923           Chingtu          46      10053      217                                   
1895 8242200-2056 14923           Chingtu          26      10061      228                                   
1895 825 200-2403 15304           Chingtu          10      10042      233                                   
1895 825 600-2403 15304           Chingtu           0      10026      233                                   
1895 8251000-2403 15304           Chingtu          10      10010      228                                   
1895 8251400-2403 15304           Chingtu          67      10033      228                                   
1895 8251800-2403 15304           Chingtu          46      10022      217                                   
1895 8252200-2725 15325           Chingtu          10      10050      183                                   
