1893 1221700-2800 11200           Clitus          154      10109      256                                   
1893 1222000-3200 11400           Clitus          123      10100      228                                   
1893 123   0-3200 11400           Clitus           26      10108      239                                   
1893 123 500-2800 11200           Clitus           26      10098      261                                   
1893 123 900-2800 11200           Clitus           26      10089      272                                   
1893 1231300-2800 11200           Clitus           26      10100      267                                   
1893 1231700-2800 11200           Clitus          154      10109      256                                   
1893 1232100-2800 11200           Clitus          190      10086      233                                   
1893 124 100-2800 11200           Clitus           93      10071      239                                   
1893 124 500-2600 11100           Clitus          123      10073      239                                   
1893 124 900-2600 11100           Clitus          123      10074      256                                   
1893 1241300-2600 11100           Clitus          123      10099      244                                   
1893 1241700-2600 11100           Clitus          123      10105      250                                   
1893 1242100-2600 11100           Clitus          123      10103      244                                   
1893 125 100-2600 11100           Clitus          123      10104      256                                   
1893 125 500-2100 11000           Clitus          123      10101      256                                   
1893 125 900-2100 11000           Clitus          123      10102      289                                   
1893 1251300-2100 11000           Clitus           93      10120      300                                   
1893 1251700-2100 11000           Clitus           93      10122      289                                   
1893 1252100-2100 11000           Clitus           93      10110      283                                   
1893 126 100-2100 11000           Clitus           67      10122      289                                   
1893 126 500-1800 10800           Clitus           67      10120      294                                   
1893 126 900-1800 10800           Clitus           46      10107      311                                   
1893 1261300-1800 10800           Clitus           26      10119      300                                   
1893 1261700-1800 10800           Clitus           26      10119      300                                   
1893 2261500 2200  6800           Clitus           93                 222                                   
1893 2261900 2200  6800           Clitus          154                 239                                   
1893 2262300 2200  6800           Clitus           93                 217                                   
1893 227 300 2200  6800           Clitus          123                 228                                   
1893 227 700 2200  6800           Clitus          123                 228                                   
1893 2271100 2200  6800           Clitus           67                 233                                   
1893 2271500 2200  6800           Clitus          154                 228                                   
1893 2271900 2200  6800           Clitus                                                                    
1893 2272300 2200  6800           Clitus          154                 239                                   
1893 228 300 2200  6800           Clitus          123                 250                                   
1893 228 700 2114  7100           Clitus          123                 250                                   
1893 2281100 2029  7100           Clitus           67                 250                                   
1893 2281500 1943  7100           Clitus           46                 250                                   
1893 2281900 1857  7100           Clitus                                                                    
1893 2282300 1771  7100           Clitus           46                 250                                   
1893 3 1 300 1686  7100           Clitus           46                 250                                   
1893 3 1 700 1600  7300           Clitus           46                 283                                   
1893 3 11100 1600  7325           Clitus           26                 289                                   
1893 3 11500 1600  7350           Clitus           26                 289                                   
1893 3 11900 1600  7375           Clitus                                                                    
1893 3 12300 1600  7400           Clitus           26                 261                                   
1893 3 2 300 1600  7425           Clitus           26                 278                                   
1893 3 2 700 1200  7450           Clitus           26                                                       
1893 3 21100 1200  7450           Clitus           67                 289                                   
1893 3 21500 1200  7450           Clitus           67                 294                                   
1893 3 22300 1200  7450           Clitus           46                 289                                   
1893 3 3 300 1200  7450           Clitus           46                 289                                   
1893 3 3 700  900  7600           Clitus           46                 294                                   
1893 3 31100  900  7600           Clitus          123                 306                                   
1893 3221600-3600 12200           Clitus                              206                                   
1893 3231200-3600 12300           Clitus          154      10242      206                                   
1893 3231600-3600 12400           Clitus          154      10232      206                                   
1893 3232000-3600 12500           Clitus          123      10231      189                                   
1893 324   0-3600 12600           Clitus          123      10244      194                                   
1893 324 400-3600 12700           Clitus           67      10239      222                                   
1893 324 700-3592 12783           Clitus           67      10235      228                                   
1893 3241100-3583 12867           Clitus           67      10231      211                                   
1893 3241500-3575 12950           Clitus           67      10215      206                                   
1893 3241900-3567 13033           Clitus          123      10215      183                                   
1893 3242300-3558 13117           Clitus           93      10217      189                                   
1893 325 300-3550 13200           Clitus           93      10215      206                                   
1893 325 700-3542 13275           Clitus          123      10211      228                                   
1893 3251100-3533 13350           Clitus          123      10208      206                                   
1893 3251500-3525 13425           Clitus          123      10211      206                                   
1893 3251900-3517 13500           Clitus           67      10186      194                                   
1893 3252300-3508 13575           Clitus           46      10201      206                                   
1893 326 300-3500 13650           Clitus           67      10205      222                                   
1893 326 700-3492 13725           Clitus           67      10203      250                                   
1893 3261100-3483 13800           Clitus           67      10214      244                                   
1893 3261500-3475 13875           Clitus                   10212      239                                   
1893 3261900-3467 13950           Clitus           67      10211      222                                   
1893 3262300-3458 14025           Clitus                   10228      239                                   
1893 327 300-3450 14100           Clitus                   10208      278                                   
1893 327 700-3442 14175           Clitus                   10204      283                                   
1893 3271000-3433 14250           Clitus                   10191      261                                   
1893 3271800-3425 14325           Clitus           26      10202      233                                   
1893 3272200-3417 14400           Clitus           26      10204      261                                   
1893 328 200-3408 14475           Clitus           26      10220      289                                   
1893 328 600-3400 14550           Clitus           26      10178      294                                   
1894 127 500-2106 10923           Clitus           67      10087      256                                   
1894 127 900-2106 10923           Clitus           67      10092      250                                   
1894 1271300-2106 10923           Clitus           67      10087      256                                   
1894 1271700-2019 10896           Clitus           67                 261                                   
1894 1272100-1932 10868           Clitus           46      10078      267                                   
1894 128 100-1845 10841           Clitus           67      10087      250                                   
1894 128 500-1758 10814           Clitus           67                 272                                   
1894 128 900-1758 10814           Clitus           67      10077      267                                   
1894 1281300-1758 10814           Clitus                   10088      278                                   
1894 1281700-1691 10794           Clitus                                                                    
1894 1282100-1624 10774           Clitus           26      10089      272                                   
1894 129 100-1557 10754           Clitus           46                 278                                   
1894 129 500-1490 10734           Clitus           46      10187      283                                   
1894 129 900-1490 10714           Clitus           46      10081      294                                   
1894 1291300-1490 10694           Clitus           46                 289                                   
1894 1291700-1490 10674           Clitus                                                                    
1894 1292100-1490 10654           Clitus                                                                    
1894 130 100-1490 10634           Clitus           26                                                       
1894 130 500-1490 10614           Clitus                                                                    
1894 130 900-1490 10614           Clitus                              300                                   
1894 1301300-1490 10614           Clitus           67                                                       
1894 1301700-1490 10590           Clitus                                                                    
1894 1302100-1490 10567           Clitus          123                                                       
1894 131 100-1490 10543           Clitus           93                                                       
1894 131 500-1490 10520           Clitus          123      10287      289                                   
1894 131 900-1490 10520           Clitus          123      10421      289                                   
1894 1311300-1490 10520           Clitus          123      10289      278                                   
1894 1312100-1490 10520           Clitus           93      10120      283                                   
1894 2 1 100-1490 10520           Clitus           93      10128      272                                   
1894 322 300-3830 14138           Clitus           93                                                       
1894 4132200-3814 14362           Clitus                   10260      189                                   
1894 414 200-3800 14300           Clitus                   10252      178                                   
1894 4141500-3786 14237           Clitus           67      10167      200                                   
1894 4141900-3771 14175           Clitus                   10225      178                                   
1894 4142300-3757 14112           Clitus           67      10231      178                                   
1894 415 300-3743 14050           Clitus                              183                                   
1894 415 700-3729 13987           Clitus           93      10166      200                                   
1894 4151100-3714 13925           Clitus           67      10167      178                                   
1894 4151900-3700 13862           Clitus           46      10157      194                                   
1894 416 300-3600 13800           Clitus           67      10168      183                                   
1894 416 700-3583 13633           Clitus           93      10179      200                                   
1894 4161900-3567 13467           Clitus           93      10197      172                                   
1894 4171500-3550 13300           Clitus          226                 156                                   
1894 4171900-3533 13367           Clitus          123      10261      167                                   
1894 4172300-3517 13433           Clitus           93      10270      156                                   
1894 418 300-3500 13500           Clitus           93      10262      161                                   
1894 418 700-3500 13400           Clitus          190      10253      172                                   
1894 4181100-3500 13400           Clitus          226      10256      156                                   
1894 4181500-3500 13000           Clitus          123                 167                                   
1894 4181900-3500 13300           Clitus          226      10221      161                                   
1894 4182300-3500 13200           Clitus          226      10221      161                                   
1894 419 300-3500 13200           Clitus          190      10221      161                                   
1894 419 700-3500 13100           Clitus          123      10215      161                                   
1894 4191100-3500 13100           Clitus          123      10227      167                                   
1894 4191600-3500 12500           Clitus           26                 172                                   
1894 4191900-3500 13000           Clitus           67      10241      167                                   
1894 4192300-3500 13000           Clitus           67      10270      156                                   
1894 420 300-3500 12800           Clitus           67      10279      161                                   
1894 420 800-3500 12600           Clitus           46      10278      167                                   
1894 4201200-3500 12400           Clitus           26                 172                                   
1894 4201600-3500 12200           Clitus                   10310      178                                   
1894 4202000-3500 12200           Clitus                   10300      178                                   
1894 421   0-3500 12200           Clitus                   10449      172                                   
1894 421 400-3500 12200           Clitus                   10312      183                                   
1894 421 800-3500 12200           Clitus                   10321      172                                   
1894 4211200-3500 12200           Clitus                   10319      183                                   
1894 4211600-3500 12200           Clitus           67      10264      211                                   
1894 4212000-3500 12200           Clitus                   10306      178                                   
1894 422   0-3500 12200           Clitus           46      10302      183                                   
1894 422 400-3500 11900           Clitus           46      10299      200                                   
1894 422 800-3500 11900           Clitus           67      10274      211                                   
1894 4221200-3500 11900           Clitus           67      10265      222                                   
1894 4222000-3400 11767           Clitus           67      10205      217                                   
1894 423   0-3300 11633           Clitus           67      10252      228                                   
1894 423 400-3200 11500           Clitus           67      10241      233                                   
1894 423 800-3200 11500           Clitus                   10231      228                                   
1894 4231600-3200 11500           Clitus           93      10151      222                                   
1894 4241200-3200 11500           Clitus           67      10139      233                                   
1894 4241600-3130 11475           Clitus          154      10234      211                                   
1894 4242000-3060 11450           Clitus           67      10152      211                                   
1894 425   0-2990 11425           Clitus           67      10175      211                                   
1894 425 400-2920 11400           Clitus          123      10182      206                                   
1894 425 800-2950 11400           Clitus          123      10205      211                                   
1894 425 800-2850 11367           Clitus          123      10198      211                                   
1894 4251200-2780 11333           Clitus           93      10231      211                                   
1894 4251600-2710 11300           Clitus          123      10196      256                                   
1894 4252000-2640 11267           Clitus          123      10299      200                                   
1894 426 100-2570 11233           Clitus          123      10235      194                                   
1894 426 500-2500 11200           Clitus          123      10215      211                                   
1894 426 900-2430 11167           Clitus          123      10196      222                                   
1894 4261300-2360 11133           Clitus           93      10206      239                                   
1894 4261600-2594 11560           Clitus                   10159      272                                   
1894 4262000-2434 11540           Clitus          123      10176      261                                   
1894 427   0-2275 11520           Clitus           93      10194      228                                   
1894 427 400-2116 11500           Clitus           93      10164      261                                   
1894 427 800-1957 11480           Clitus           67                 272                                   
1894 4271200-1798 11460           Clitus           93      10158      267                                   
1894 4271600-1638 11440           Clitus           67      10144      283                                   
1894 4272000-1479 11420           Clitus           67      10148      272                                   
1894 428   0-1320 11400           Clitus           67      10144      272                                   
1894 428 400-1161 11300           Clitus           67      10142      283                                   
1894 428 800-1002 11317           Clitus           67      10125      283                                   
1894 4281200 -842 11333           Clitus           46      10121      283                                   
1894 4281600 -683 11350           Clitus           67                                                       
1894 4282000 -524 11367           Clitus           67      10144      283                                   
1894 429   0 -365 11383           Clitus           67      10142      289                                   
1894 429 400 -206 11400           Clitus           67                                                       
1894 429 800  -46 11403           Clitus           67      10132      289                                   
1894 4291200  113 11406           Clitus           67      10130      283                                   
1894 4292000  272 11409           Clitus           67                                                       
1894 430   0  431 11412           Clitus           46      10120      283                                   
1894 430 400  590 11416           Clitus           67      10124      283                                   
1894 430 800  750 11419           Clitus           46                                                       
1894 4301200  909 11422           Clitus           26      10118      283                                   
1894 4302000 1068 11425           Clitus           26      10121      267                                   
1894 5 1   0 1227 11425           Clitus                   10127      294                                   
1894 5 1 500 1386 11240           Clitus                   10128      294                                   
1894 5 1 900 1546 11240           Clitus                   10319      300                                   
1894 5 11300 1705 11240           Clitus                   10138      300                                   
1894 5 32100 -500 11000           Clitus           10      10119      272                                   
1894 5141700  180 10190           Clitus           10      10282      300                                   
1894 5142100  220 10160           Clitus                   10248      300                                   
1894 515 100  260 10130           Clitus           46      10351      289                                   
1894 515 500  300 10100           Clitus           26      10350      294                                   
1894 515 900  340 10070           Clitus                   10212      317                                   
1894 5151300  380 10040           Clitus                   10279      317                                   
1894 5151700  420 10010           Clitus           46      10314      306                                   
1894 5152100  460  9980           Clitus                   10216      294                                   
1894 516 100  500  9950           Clitus           10      10351      289                                   
1894 5161300  540  9920           Clitus           10      10347      311                                   
1894 5161700  580  9890           Clitus           67      10285      283                                   
1894 5162100  620  9860           Clitus           67      10149      294                                   
1894 517 100  660  9830           Clitus           67      10283      294                                   
1894 517 500  700  9800           Clitus           67      10350      294                                   
1894 517 900  750  9767           Clitus           67      10215      300                                   
1894 5171400  800  9733           Clitus           67      10284      289                                   
1894 5171800  850  9700           Clitus           67      10319      283                                   
1894 5172200  900  9667           Clitus           67      10219      278                                   
1894 518 200  950  9633           Clitus           67      10353      283                                   
1894 518 600 1000  9600           Clitus           67      10120      289                                   
1894 5181000 1080  9560           Clitus           67      10284      294                                   
1894 5181400 1160  9520           Clitus           67      10286      289                                   
1894 5181800 1240  9480           Clitus           46      10251      294                                   
1894 5182200 1320  9440           Clitus           67      10220      283                                   
1894 519 200 1400  9400           Clitus           67      10139      289                                   
1894 519 600 1480  9360           Clitus                                                                    
1894 5191000 1560  9320           Clitus           46      10186      294                                   
1894 5191400 1640  9280           Clitus           67      10220      294                                   
1894 6 21800 1690  9150           Clitus           46      10069      289                                   
1894 6 32200 1025  9600           Clitus           46                                                       
1894 6 4 200 1025  9600           Clitus           46                 294                                   
1894 6 5 200 1025  9600           Clitus                                                                    
1894 6 51000 1025  9600           Clitus                              283                                   
1894 6 52200 1025  9600           Clitus           26                                                       
1894 6 8 100 1025  9950           Clitus           26                                                       
1894 6 8 900 1025 10300           Clitus           67                                                       
1894 6231600 -979 11295           Clitus           93      10153      256                                   
1894 6232000-1061 11310           Clitus           93      10133      233                                   
1894 624   0-1143 11325           Clitus           93                 261                                   
1894 624 400-1225 11340           Clitus           93      10125      267                                   
1894 624 800-1307 11355           Clitus           93      10393      256                                   
1894 6241200-1389 11370           Clitus           93      10150      261                                   
1894 6241600-1471 11385           Clitus           67      10197      244                                   
1894 6242000-1553 11400           Clitus           93      10152      256                                   
1894 625   0-1553 11400           Clitus           67      10176      250                                   
1894 625 800-1553 11400           Clitus           67      10172      256                                   
1894 6251200-1623 11428           Clitus                                                                    
1894 6251600-1692 11457           Clitus           26      10186      233                                   
1894 6252000-1762 11485           Clitus           93                 239                                   
1894 626   0-1832 11514           Clitus           93      10196      239                                   
1894 626 400-1902 11542           Clitus                                                                    
1894 626 800-1971 11473           Clitus           46      10176      244                                   
1894 6261200-2041 11405           Clitus           10      10194      239                                   
1894 6261600-2111 11336           Clitus           46      10184      222                                   
1894 6262000-2181 11267           Clitus           26      10179      233                                   
1894 627 100-2250 11199           Clitus           67      10190      228                                   
1894 627 500-2320 11130           Clitus           26      10182      222                                   
1894 627 900-2383 11158           Clitus           26      10167      233                                   
1894 6271300-2447 11187           Clitus           26      10201      233                                   
1894 6271700-2510 11215           Clitus           10      10232      211                                   
1894 6272100-2573 11243           Clitus                   10184      217                                   
1894 628   0-2637 11272           Clitus           67                 222                                   
1894 628 400-2700 11300           Clitus           46                 222                                   
1894 628 800-2763 11328           Clitus           26      10206      217                                   
1894 6281200-2827 11357           Clitus                   10241      211                                   
1894 7 31500-3786 12860           Clitus           67      10206      167                                   
1894 7 31900-3789 12943           Clitus           46      10206      150                                   
1894 7 32300-3792 13027           Clitus           46      10227      144                                   
1894 7 4 300-3795 13110           Clitus           46                 144                                   
1894 7 4 700-3798 13193           Clitus           67      10216      172                                   
1894 7 41100-3801 13277           Clitus           67      10225      156                                   
1894 7 41500-3803 13360           Clitus           93                 167                                   
1894 7 41900-3806 13443           Clitus           46      10190      167                                   
1894 7 42300-3809 13527           Clitus           93      10185      156                                   
1894 7 5 300-3812 13610           Clitus           93      10156      167                                   
1894 7 5 700-3815 13693           Clitus           93                                                       
1894 7 51100-3818 13777           Clitus           93                 156                                   
1894 7 51500-3820 13860           Clitus          154      10083      117                                   
1894 7 51900-3823 13943           Clitus           67      10125      150                                   
1894 7 52300-3826 14027           Clitus           67      10128      133                                   
1894 7 6 300-3829 14110           Clitus           93      10124      156                                   
1894 7 6 700-3832 14193           Clitus          123      10111      156                                   
1894 7 61000-3835 14277           Clitus          123                 133                                   
1894 7 61800-3837 14360           Clitus          154      10101      133                                   
1894 7 62200-3840 14443           Clitus          154                                                       
1894 7 7 200-3843 14527           Clitus          154      10168      139                                   
1894 8 31800-3279 15223           Clitus           10      10257      161                                   
1894 8 32200-3213 15238           Clitus           10      10264      172                                   
1894 8 4 200-3148 15252           Clitus           10      10270      194                                   
1894 8 4 600-3083 15266           Clitus           10      10246      194                                   
1894 8 41000-3017 15281           Clitus           10      10180      183                                   
1894 8 41400-2952 15295           Clitus           10      10220      183                                   
1894 8 41800-2887 15309           Clitus           10      10243      183                                   
1894 8 42200-2821 15324           Clitus            0      10243      178                                   
1894 8 5 200-2756 15338           Clitus           10      10221      206                                   
1894 8 5 600-2699 15368           Clitus           26      10208      200                                   
1894 8 51000-2643 15398           Clitus           26      10207      206                                   
1894 8 51400-2586 15428           Clitus           26      10214      222                                   
1894 8 51800-2529 15459           Clitus           26      10211      217                                   
1894 8 52200-2473 15489           Clitus           26      10204      217                                   
1894 8 6 200-2416 15519           Clitus           26      10202      228                                   
1894 8 6 600-2372 15435           Clitus           26      10202      222                                   
1894 8 61000-2327 15352           Clitus           10      10175      222                                   
1894 8 61400-2283 15268           Clitus           10      10201      228                                   
1894 8 61800-2239 15185           Clitus           10      10164      222                                   
1894 8 62200-2194 15101           Clitus           10      10201      222                                   
1894 8 7 200-2150 15018           Clitus           10      10202      217                                   
1894 8 7 600-2150 15018           Clitus           10      10207      228                                   
1894 8 71000-2091 14954           Clitus           10      10184      222                                   
1894 8 71400-2032 14891           Clitus           10      10199      228                                   
1894 8 71800-1974 14827           Clitus           26      10174      217                                   
1894 8 72200-1915 14764           Clitus           26      10201      211                                   
1894 8 8 200-1856 14700           Clitus           26      10199      222                                   
1894 8 8 600-1797 14636           Clitus           46      10180      233                                   
1894 8 81000-1738 14573           Clitus           46      10187      228                                   
1894 8 81400-1680 14509           Clitus           26      10208      222                                   
1894 8 81400-1590 14650           Clitus           93      10196      233                                   
1894 8 81800-1590 14617           Clitus           10      10175      217                                   
1894 8 82200-1590 14583           Clitus           26      10189      233                                   
1894 8 9 200-1590 14550           Clitus           46      10192      217                                   
1894 8 9 600-1590 14517           Clitus           93      10158      256                                   
1894 8 91000-1590 14483           Clitus           93      10171      222                                   
1894 8 91400-1590 14450           Clitus           93      10196      233                                   
1894 8 91800-1590 14417           Clitus           46      10159      233                                   
1894 8 92200-1590 14383           Clitus           67      10159      233                                   
1894 810 200-1225 14350           Clitus           67      10192      244                                   
1894 810 600-1225 14325           Clitus           93      10132      261                                   
1894 8101000-1225 14300           Clitus           93      10157      233                                   
1894 8101400-1225 14275           Clitus           46      10128      267                                   
1894 8101800-1225 14250           Clitus           93      10142      222                                   
1894 8102300-1225 14225           Clitus           93      10149      261                                   
1894 811 300-1034 14200           Clitus           67      10127      267                                   
1894 811 700-1034 14200           Clitus           67      10111      283                                   
1894 8111100-1034 14200           Clitus           26      10126      278                                   
1894 8111500-1034 14200           Clitus           46      10127      267                                   
1894 8111900-1034 14200           Clitus           67      10126      256                                   
1894 8112300-1034 14200           Clitus           67      10149      261                                   
1894 812 300-1044 13800           Clitus           67      10123      272                                   
1894 812 700-1044 13800           Clitus           67      10122      261                                   
1894 8121100-1044 13800           Clitus           67      10128      261                                   
1894 8121500-1044 13800           Clitus           67      10129      239                                   
1894 8121900-1044 13800           Clitus           93      10131      244                                   
1894 8122300-1044 13800           Clitus           93      10143      256                                   
1894 813 300-1054 13328           Clitus           67      10127      250                                   
1894 813 700-1054 13328           Clitus           67      10108      261                                   
1894 8131100-1054 13328           Clitus           67      10122      261                                   
1894 8131500-1054 13328           Clitus           67      10125      261                                   
1894 8131500-1050 12900           Clitus           46      10129      239                                   
1894 8131900-1043 12900           Clitus           67      10123      256                                   
1894 8132300-1037 12900           Clitus           67      10149      256                                   
1894 814 300-1030 12900           Clitus           67      10132      261                                   
1894 814 700-1030 12900           Clitus           67      10122      261                                   
1894 8141100-1030 12900           Clitus           67      10135      261                                   
1894 8141500-1040 12900           Clitus           46      10129      239                                   
1894 8141900-1030 12900           Clitus           26      10128      244                                   
1894 8142300-1030 12900           Clitus           26      10149      261                                   
1894 815 400-1040 12500           Clitus           26      10149      278                                   
1894 815 800-1040 12500           Clitus           67      10125      283                                   
1894 8151200-1040 12500           Clitus           67      10147      272                                   
1894 8151600-1040 12500           Clitus           67      10152      261                                   
1894 8152000-1040 12500           Clitus           67      10133      256                                   
1894 816   0-1040 12500           Clitus           67      10149      256                                   
1894 816 400-1100 12030           Clitus           46      10139      261                                   
1894 816 800-1100 12030           Clitus           67      10129      261                                   
1894 8161200-1100 12030           Clitus           67      10130      256                                   
1894 8161600-1100 11600           Clitus           67      10153      256                                   
1894 8162000-1100 12030           Clitus           67      10131      244                                   
1894 817   0-1100 12030           Clitus           67      10146      256                                   
1894 817 400-1100 11600           Clitus           67      10139      261                                   
1894 817 800-1100 11600           Clitus           26      10129      261                                   
1894 8171200-1100 11600           Clitus           67      10150      256                                   
1894 8171600-1100 11600           Clitus           46      10153      256                                   
1894 8172000-1100 11600           Clitus           46      10138      244                                   
1894 818   0-1100 11600           Clitus           67      10155      244                                   
1894 818 500-1049 11130           Clitus           67      10154      250                                   
1894 818 900-1049 10660           Clitus           67      10133      256                                   
1894 8181300-1049 10190           Clitus           26      10150      250                                   
1894 8181700-1050 10700           Clitus           46      10134      250                                   
1894 8181800-1049  9720           Clitus           26      10128      244                                   
1894 8182100-1046 10700           Clitus           46      10138      244                                   
1894 819 100-1042 10700           Clitus           67      10151      244                                   
1894 819 500-1038 10700           Clitus           67      10151      244                                   
1894 819 900-1034 10700           Clitus           93      10123      256                                   
1894 8191300-1030 10700           Clitus           26      10149      256                                   
1894 8191700-1026 10700           Clitus           26      10127      250                                   
1894 8192100-1022 10700           Clitus           93      10131      244                                   
1894 820 100-1018 10700           Clitus           93      10149      256                                   
1894 820 500-1014 10250           Clitus           67      10128      261                                   
1894 820 900-1014 10183           Clitus           67      10355      272                                   
1894 8201300-1014 10117           Clitus           26      10127      267                                   
1894 8201700-1020 10050           Clitus           46      10126      256                                   
1894 8202100-1027  9983           Clitus           93      10123      250                                   
1894 821 100-1033  9917           Clitus           93      10152      261                                   
1894 821 500-1040  9850           Clitus           93      10119      278                                   
1894 821 900-1024  9779           Clitus           93      10353      283                                   
1894 8211400-1009  9708           Clitus           93      10120      272                                   
1894 8211800 -993  9637           Clitus           67      10123      272                                   
1894 8212200 -977  9566           Clitus           93      10390      261                                   
1894 822 200 -962  9495           Clitus           93      10125      278                                   
1894 822 600 -946  9424           Clitus           93      10125      278                                   
1894 8221000 -910  9360           Clitus           93      10388      272                                   
1894 8221400 -875  9296           Clitus           67      10126      272                                   
1894 8221800 -839  9232           Clitus           46      10119      272                                   
1894 8222200 -804  9168           Clitus           93      10222      261                                   
1894 823 200 -768  9104           Clitus           93      10128      261                                   
1894 823 600 -733  9040           Clitus           93      10125      256                                   
1894 8231000 -733  9048           Clitus           93      10222      261                                   
1894 8231400 -733  9056           Clitus           46      10357      256                                   
1894 8231800 -650  8652           Clitus           46      10120      267                                   
1894 8232200 -650  8652           Clitus           46      10221      261                                   
1894 824 200 -650  8652           Clitus           26      10120      267                                   
1894 824 600 -650  8652           Clitus           26      10387      278                                   
1894 8241000 -650  8652           Clitus           26      10218      283                                   
1894 8241400 -650  8652           Clitus           26      10119      272                                   
1894 8241800 -567  8602           Clitus           93      10118      278                                   
1894 8242200 -483  8552           Clitus           46      10152      272                                   
1894 825 200 -400  8503           Clitus           67      10116      289                                   
1894 825 600 -317  8453           Clitus           67      10116      289                                   
1894 8251000 -317  8485           Clitus           67      10184      283                                   
1894 8251400 -317  8516           Clitus           93      10116      283                                   
1894 8251800  -40  8548           Clitus          123      10122      289                                   
1894 8252200  -40  8580           Clitus           93      10184      278                                   
1894 826 200  -40  8580           Clitus           93      10123      283                                   
1894 826 600  -40  8350           Clitus           93      10120      300                                   
1894 8261000  -40  8325           Clitus           93      10351      289                                   
1894 8261400  -40  8300           Clitus           93      10118      272                                   
1894 8261800    7  8275           Clitus           93      10119      289                                   
1894 8262200   54  8250           Clitus           93      10352      278                                   
1894 827 300  102  8225           Clitus           93      10130      283                                   
1894 827 700  149  8200           Clitus           93      10121      294                                   
1894 8271100  149  8200           Clitus           93      10350      294                                   
1894 8271500  149  8200           Clitus           93      10115      289                                   
1894 8271900  212  8100           Clitus          123      10117      278                                   
1894 8272300  274  8000           Clitus           93      10352      283                                   
1894 828 300  337  7900           Clitus           93      10122      289                                   
1894 828 700  400  7800           Clitus          123      10116      289                                   
1894 8281100  400  7800           Clitus          123      10217      283                                   
1894 8281500  400  7800           Clitus          123      10216      289                                   
1894 8281900  400  7800           Clitus          123      10117      278                                   
1894 8282300  527  7850           Clitus          123      10097      278                                   
1894 829 300  563  7825           Clitus           93      10285      283                                   
1894 829 700  600  7800           Clitus           93      10109      289                                   
1894 8291100  636  7775           Clitus           93      10079      289                                   
1894 8291500  673  7750           Clitus           93      10098      278                                   
1894 8291900  709  7725           Clitus           93      10119      272                                   
1894 8292300  746  7700           Clitus           67      10096      267                                   
1894 830 300  782  7675           Clitus           67      10092      272                                   
1894 830 700  819  7650           Clitus           67      10115      278                                   
1894 8301100  871  7620           Clitus           26      10101      261                                   
1894 8301500  923  7590           Clitus           26      10100      267                                   
1894 8301900  974  7560           Clitus           26      10122      256                                   
1894 8302300 1026  7530           Clitus           26      10104      244                                   
1894 831 300 1078  7500           Clitus           26      10126      233                                   
1894 831 700 1130  7500           Clitus           26      10123      256                                   
1894 8311100 1183  7467           Clitus           26      10100      256                                   
1894 8311500 1237  7433           Clitus           46      10112      244                                   
1894 8311900 1290  7400           Clitus           26      10124      256                                   
1894 8312300 1343  7367           Clitus           10      10117      256                                   
1894 9 1 300 1397  7333           Clitus           10      10129      267                                   
1894 9 1 700 1450  7300           Clitus           10      10122      289                                   
1894 9 11100 1512  7300           Clitus           26      10099      289                                   
1894 9 11500 1573  7300           Clitus           46      10108      278                                   
1894 9 11900 1635  7300           Clitus           26      10118      278                                   
1894 9 12300 1697  7300           Clitus           26      10103      267                                   
1894 9 2 300 1758  7300           Clitus           46      10116      272                                   
1894 9 2 700 1820  7300           Clitus           46      10112      278                                   
1894 9 21100 1882  7300           Clitus                                                                    
1894 9 9 700 1660  7318           Clitus           26      10358      272                                   
1894 910 900 1200  4500           Clitus           26      10118      289                                   
1894 911 700  850  7650           Clitus           26      10151      261                                   
1894 9111100  850  7600           Clitus           46      10124      261                                   
1894 9111500  800  7680           Clitus           46      10149      256                                   
1894 9111900  750  7760           Clitus           46      10154      261                                   
1894 9112300  700  7840           Clitus           67      10138      261                                   
1894 912 300  650  7920           Clitus           67      10152      272                                   
1894 912 700  600  8000           Clitus           46      10150      283                                   
1894 9121100  625  8042           Clitus           67      10130      283                                   
1894 9121500  650  8083           Clitus           67      10125      278                                   
1894 9121900  675  8125           Clitus           46      10137      261                                   
1894 9122300  700  8167           Clitus           67      10113      267                                   
1894 913 300  725  8208           Clitus           10      10130      289                                   
1894 913 600  750  8250           Clitus           10      10132      294                                   
1894 9131000  775  8292           Clitus           10      10215      300                                   
1894 9131400  800  8333           Clitus           10      10115      294                                   
1894 9131800  825  8375           Clitus           10      10116      289                                   
1894 9131800 1575  8400           Clitus           46                 289                                   
1894 9132200 1417  8400           Clitus           10      10220      283                                   
1894 914 200 1258  8400           Clitus           46      10387      289                                   
1894 914 600 1100  8400           Clitus           26      10386      289                                   
1894 9141000  942  8400           Clitus           93      10076      289                                   
1894 9141400  783  8400           Clitus           26      10084      283                                   
1894 9141800  625  8425           Clitus           46      10123      289                                   
1894 9142200  467  8450           Clitus           26      10080      283                                   
1894 915 200  308  8475           Clitus           26      10082      289                                   
1894 915 600  150  8500           Clitus           46      10348      306                                   
1894 916 600 1811  8400           Clitus           46      10389      289                                   
1894 9301800 2250  8783           Clitus           67      10063      289                                   
189410 1 600 2200  8800           Clitus           46      10087      300                                   
189410 11000 2150  8817           Clitus           67      10047      300                                   
189410 11400 2100  8833           Clitus           46      10046      300                                   
189410 11800 2050  8850           Clitus           67      10061      289                                   
189410 12200 2000  8867           Clitus           93      10048      289                                   
189410 2 200 1950  8883           Clitus           93      10064      272                                   
189410 2 600 1900  8900           Clitus           93      10059      278                                   
189410 21000 1850  8917           Clitus           93      10049      272                                   
189410 21400 1800  8933           Clitus           93      10033      289                                   
189410 21800 1750  8950           Clitus           93      10083      289                                   
189410 22200 1700  8967           Clitus           93      10074      283                                   
189410 3 200 1650  8983           Clitus           93      10221      289                                   
189410 3 600 1600  9000           Clitus           93      10354      294                                   
189410 31000 1533  9017           Clitus           67      10118      294                                   
189410 31400 1467  9033           Clitus           67      10287      289                                   
189410 31800 1400  9050           Clitus           67      10115      289                                   
189410 32200 1333  9067           Clitus           67      10287      283                                   
189410 4 200 1267  9083           Clitus           67      10131      289                                   
189410 4 600 1200  9100           Clitus           26      10127      272                                   
189410 41000 1138  9117           Clitus           26      10356      272                                   
189410 41400 1077  9133           Clitus           46      10124      289                                   
189410 41800 1015  9150           Clitus           46      10126      272                                   
189410 42200  953  9167           Clitus           26      10129      256                                   
189410 5 200  892  9183           Clitus           67      10126      272                                   
189410 5 600  830  9200           Clitus           26      10153      250                                   
189410 51000  768  9217           Clitus           67      10126      272                                   
189410 51400  707  9233           Clitus           46      10138      278                                   
189410 51800  645  9250           Clitus           46      10118      278                                   
189410 51800  685  9200           Clitus           46      10151      283                                   
189410 52200  623  9233           Clitus           67      10131      278                                   
189410 6 200  562  9267           Clitus           67      10158      278                                   
189410 6 600  500  9300           Clitus           67      10151      278                                   
189410 61000  438  9333           Clitus           67      10127      283                                   
189410 61400  377  9367           Clitus           26      10144      278                                   
189410 61800  315  9400           Clitus           67      10150      283                                   
189410 62200  253  9433           Clitus           26      10131      278                                   
189410 7 200  192  9467           Clitus           10      10151      278                                   
189410 7 600  130  9500           Clitus           10      10151      278                                   
189410 71000   75  9522           Clitus           26      10126      283                                   
189410 71400   20  9543           Clitus           10      10151      278                                   
189410 71800  -35  9565           Clitus           26      10150      283                                   
189410 72200  -90  9587           Clitus           26      10135      272                                   
189410 8 200 -145  9608           Clitus           26                                                       
189410 8 600 -200  9630           Clitus           26      10149      289                                   
189410 81000 -250  9658           Clitus           26      10122      289                                   
189410 81400 -300  9687           Clitus           26      10149      289                                   
189410 81800 -350  9715           Clitus           67      10150      261                                   
189410 82200 -400  9743           Clitus           93      10122      272                                   
189410 9 100 -450  9772           Clitus           67      10153      267                                   
189410 9 500 -500  9800           Clitus           67      10146      289                                   
189410 9 900 -550  9828           Clitus           67      10120      283                                   
189410 91300 -600  9857           Clitus           67      10152      272                                   
189410 91700 -650  9885           Clitus           46      10152      272                                   
189410 91700 -800  9900           Clitus           46      10153      272                                   
189410 91800  850  8417           Clitus                                                                    
189410 92100 -700  9913           Clitus           93      10146      272                                   
189410 92100 -800  9900           Clitus           93      10146      272                                   
18941010 100 -750  9942           Clitus           67      10166      272                                   
18941010 100 -800  9900           Clitus           67      10166      272                                   
18941010 200  875  8458           Clitus            0                                                       
18941010 500 -800  9970           Clitus           67      10153      289                                   
18941010 500 -800  9900           Clitus           67      10153      289                                   
18941010 600  900  8500           Clitus           26                                                       
18941010 900 -850  9998           Clitus           67      10132      278                                   
18941010 900 -800  9900           Clitus           93      10132      278                                   
189410101000  925  8542           Clitus                                                                    
189410101300 -900 10027           Clitus           93      10153      272                                   
189410101300 -800  9900           Clitus           67      10153      272                                   
189410101400  950  8583           Clitus                                                                    
189410101700 -950 10055           Clitus           46      10153      272                                   
189410101700 -800  9900           Clitus           46      10153      272                                   
189410102100 -800  9900           Clitus           93      10121      261                                   
18941011 100 -800  9900           Clitus           93      10157      267                                   
18941011 500-1100 10100           Clitus           67      10157      272                                   
18941011 900-1200 10167           Clitus           67      10154      272                                   
189410111300-1300 10233           Clitus           67      10162      267                                   
189410111700-1400 10300           Clitus           93      10163      244                                   
189410112100-1400 10300           Clitus           67      10138      250                                   
18941012 100-1400 10300           Clitus           93      10174      256                                   
18941012 500-1400 10300           Clitus           93      10160      261                                   
18941012 900-1400 10300           Clitus           93      10143      261                                   
189410121300-1400 10300           Clitus           93      10163      244                                   
189410121700-1400 10400           Clitus           67      10164      239                                   
189410122100-1400 10300           Clitus           93      10147      239                                   
18941013 100-1400 10300           Clitus           93      10164      239                                   
18941013 500-1700 10400           Clitus           93      10165      261                                   
18941013 900-1800 10400           Clitus           67      10158      267                                   
189410131300-1900 10400           Clitus           67      10162      244                                   
189410131700-2000 10600           Clitus           67      10164      217                                   
189410132100-2000 10400           Clitus           67      10159      244                                   
18941014 100-2000 10400           Clitus           67      10164      233                                   
18941014 500-2000 10600           Clitus           67      10163      239                                   
18941014 900-2000 10600           Clitus           46      10150      261                                   
189410141300-2000 10600           Clitus           46      10148      228                                   
189410141700-2000 10600           Clitus           67      10164      217                                   
189410192000-3588 11882           Clitus          123      10081      178                                   
18941020   0-3594 11965           Clitus           67      10097      183                                   
18941020 400-3600 12049           Clitus           46      10114      206                                   
18941020 800-3606 12132           Clitus           67      10132      239                                   
189410201200-3612 12216           Clitus           46      10150      189                                   
189410201600-3618 12299           Clitus           26      10155      161                                   
189410202000-3625 12383           Clitus           10      10161      167                                   
18941021   0-3631 12466           Clitus           10      10195      167                                   
18941021 400-3637 12550           Clitus           10      10194      189                                   
18941021 800-3651 12525           Clitus           10      10203      200                                   
189410211200-3665 12500           Clitus           26      10199      183                                   
189410211600-3679 12475           Clitus           67      10182      167                                   
189410212000-3694 12450           Clitus           93      10143      156                                   
18941022   0-3708 12425           Clitus          123      10136      161                                   
18941022 400-3722 12400           Clitus          123      10093      172                                   
18941023 300-3800 13445           Clitus           10      10149      167                                   
189410242200-3851 14330           Clitus           26      10193      150                                   
1895 1212200 -913  9232           Clitus           26      10115      261                                   
1895 122 200 -913  9232           Clitus           26      10120      267                                   
1895 122 600 -913  9232           Clitus           67      10120      267                                   
1895 1221000 -913  9232           Clitus           46      10114      267                                   
1895 1221400 -913  9232           Clitus           46      10120      267                                   
1895 1221800 -966  9421           Clitus           93      10121      267                                   
1895 1222200-1019  9421           Clitus          123      10095      261                                   
1895 123 200-1073  9421           Clitus          154      10106      256                                   
1895 123 600-1126  9421           Clitus          190      10109      261                                   
1895 1231000-1191  9421           Clitus          190      10084      250                                   
1895 1231400-1256  9421           Clitus          123      10111      250                                   
1895 1231800-1321  9453           Clitus          123                 244                                   
1895 1232200-1321  9484           Clitus           67      10090      256                                   
1895 124 200-1321  9516           Clitus           67      10105      267                                   
1895 124 600-1321  9548           Clitus           93      10105      267                                   
1895 1241000-1321  9587           Clitus           93      10087      272                                   
1895 1241400-1321  9626           Clitus           67      10108      267                                   
1895 1241800-1440  9665           Clitus           67                 267                                   
1895 1242200-1440  9704           Clitus           67      10100      261                                   
1895 125 200-1440  9744           Clitus           67      10115      272                                   
1895 125 500-1440  9783           Clitus           67      10109      283                                   
1895 125 900-1440  9822           Clitus           93      10086      283                                   
1895 1251300-1440  9861           Clitus           93      10101      272                                   
1895 1251700-1634  9900           Clitus           93      10100      267                                   
1895 1252100-1634  9900           Clitus           67      10084      261                                   
1895 126 100-1634  9900           Clitus           67      10102      272                                   
1895 126 500-1634  9900           Clitus           67      10108      278                                   
1895 126 900-1634  9900           Clitus           67      10092      272                                   
1895 1261300-1634  9900           Clitus           67      10105      256                                   
1895 1261700-1713 10105           Clitus           67      10125      256                                   
1895 1261700-1634  9900           Clitus           67                 256                                   
1895 1262100-1746 10127           Clitus           67      10126      256                                   
1895 127 100-1780 10148           Clitus           93      10124      267                                   
1895 127 500-1813 10170           Clitus           93      10325      272                                   
1895 127 900-1846 10192           Clitus           93      10291      278                                   
1895 1271300-1880 10213           Clitus           93      10125      261                                   
1895 1271700-1913 10235           Clitus           46      10127      256                                   
1895 1272100-1946 10257           Clitus           67      10297      244                                   
1895 128 100-1980 10278           Clitus           67      10126      261                                   
1895 128 500-2013 10300           Clitus           67      10125      267                                   
1895 128 900-2056 10345           Clitus           67      10359      278                                   
1895 1281300-2099 10390           Clitus           67      10131      256                                   
1895 1281700-2142 10434           Clitus           46      10131      239                                   
1895 1282100-2185 10479           Clitus           67      10299      239                                   
1895 129 100-2228 10524           Clitus           67      10141      261                                   
1895 129 500-2259 10554           Clitus           46      10135      256                                   
1895 129 900-2291 10585           Clitus           46      10397      261                                   
1895 1291300-2322 10615           Clitus           46      10136      256                                   
1895 1291700-2354 10645           Clitus           67      10142      222                                   
1895 1292100-2385 10675           Clitus           67      10235      228                                   
1895 130 100-2417 10706           Clitus           93      10129      261                                   
1895 130 500-2448 10736           Clitus           93      10365      261                                   
1895 130 900-2490 10766           Clitus           93      10100      233                                   
1895 1301300-2532 10797           Clitus           93      10170      222                                   
1895 1301700-2574 10827           Clitus           93      10148      194                                   
1895 1302100-2616 10857           Clitus           93      10139      211                                   
1895 131 100-2658 10887           Clitus           93      10138      217                                   
1895 131 500-2700 10918           Clitus           93      10137      222                                   
1895 131 900-2742 10948           Clitus           93      10136      233                                   
1895 1311300-2784 10978           Clitus           67      10144      206                                   
1895 2 71600-3636 12400           Clitus           26      10209      183                                   
1895 2 72000-3636 12400           Clitus           10      10183      194                                   
1895 2 8   0-3636 12400           Clitus           10      10230      200                                   
1895 2 8 400-3636 12400           Clitus           10      10235      228                                   
1895 2 8 800-3636 12400           Clitus           10      10224      233                                   
1895 2 81200-3649 12480           Clitus           93      10229      244                                   
1895 2 81600-3662 12560           Clitus           10      10244      178                                   
1895 2 82000-3674 12640           Clitus           26      10228      172                                   
1895 2 9   0-3687 12720           Clitus           26      10259      150                                   
1895 2 9 300-3700 12800           Clitus           26      10224      156                                   
1895 2 9 700-3720 12883           Clitus           26      10200      222                                   
1895 2 91100-3740 12967           Clitus           26      10206      167                                   
1895 2 91500-3760 13050           Clitus           46      10218      178                                   
1895 2 91900-3780 13133           Clitus           10      10242      172                                   
1895 2 92300-3800 13217           Clitus           10      10249      172                                   
1895 210 300-3820 13300           Clitus           10      10250      167                                   
1895 210 700-3840 13367           Clitus           10      10236      194                                   
1895 2101100-3860 13433           Clitus           46                 189                                   
1895 2101500-3880 13500           Clitus           46                                                       
1895 2101900-3900 13567           Clitus           46      10210      172                                   
1895 2102300-3920 13633           Clitus           67      10215      183                                   
1895 211 300-3940 13700           Clitus           67      10206      194                                   
1895 211 700-3960 13767           Clitus           67      10187      233                                   
1895 2111100-3980 13833           Clitus           26      10184      211                                   
1895 2111500-4000 13900           Clitus           46      10183      217                                   
1895 2111900-4020 13967           Clitus           10      10159      200                                   
1895 2112300-4040 14033           Clitus           10      10179      206                                   
1895 212 300-4060 14100           Clitus           10                                                       
1895 212 700-4080 14167           Clitus           10      10186      283                                   
1895 2121100-4100 14233           Clitus           46      10184      239                                   
1895 2121800-4178 14694           Clitus                   10200      206                                   
1895 2122200-4140 14715           Clitus                   10217      222                                   
1895 213 200-4101 14735           Clitus                   10224      261                                   
1895 2151400-4063 14755           Clitus                                                                    
1895 2152200-4024 14776           Clitus           26      10174      233                                   
1895 216 200-3986 14796           Clitus           26      10172      244                                   
1895 216 600-3947 14816           Clitus           26      10150      250                                   
1895 2161000-3909 14837           Clitus           26                 222                                   
1895 2161400-3870 14857           Clitus                                                                    
1895 2161800-3832 14877           Clitus           67      10106      183                                   
1895 2162200-3793 14898           Clitus           67      10116      206                                   
1895 217 200-3755 14918           Clitus           67      10091      228                                   
1895 217 600-3716 14938           Clitus           67      10094      228                                   
1895 2171000-3678 14959           Clitus           67      10106      217                                   
1895 2171400-3640 14979           Clitus                                                                    
1895 2171800-3601 14999           Clitus           46      10081      239                                   
1895 2172200-3562 15020           Clitus           46      10074      239                                   
1895 218 200-3524 15040           Clitus           46      10050      239                                   
1895 218 600-3485 15060           Clitus           93      10030      256                                   
1895 2181000-3447 15081           Clitus           93                 250                                   
1895 2181800-3408 15101           Clitus           26      10073      239                                   
1895 2202200-3370 15121           Clitus           46      10218      217                                   
1895 221 200-3331 15142           Clitus           10      10217      239                                   
1895 221 600-3293 15162           Clitus           67      10225      228                                   
1895 2211000-3254 15182           Clitus           67      10256      222                                   
