189312251800 1138  9426           Cloncurry        46      10049      278                                   
189312261400 1098  9464           Cloncurry        46      10050      267                                   
189312261800 1058  9501           Cloncurry        67      10050      289                                   
189312262200 1019  9539           Cloncurry        67      10034      283                                   
18931227 200  979  9577           Cloncurry                10034      283                                   
18931227 600  939  9615           Cloncurry        67      10062      272                                   
189312271000  899  9653           Cloncurry        67      10035      272                                   
189312271400  859  9691           Cloncurry        67      10051      278                                   
189312271800  819  9728           Cloncurry                                                                 
189312272100  780  9766           Cloncurry        67      10026      267                                   
18931228 100  740  9804           Cloncurry        67      10051      278                                   
18931228 500  700  9842           Cloncurry        46      10041      294                                   
18931228 900  640  9875           Cloncurry        46      10011      317                                   
189312281300  580  9909           Cloncurry        26      10032      289                                   
189312291700  520  9942           Cloncurry                                                                 
189312292100  460  9976           Cloncurry        67      10036      261                                   
18931230 100  400 10009           Cloncurry                10044      278                                   
18931230 500  340 10043           Cloncurry        46      10033      278                                   
18931230 900  280 10076           Cloncurry        26      10025      244                                   
189312301300  220 10110           Cloncurry        26      10049      244                                   
189312302100  160 10143           Cloncurry        67      10022      244                                   
18931231 100  100 10177           Cloncurry        67      10032      244                                   
1894 1 21700   40 10210           Cloncurry        46      10023      278                                   
1894 1 3 500  -20 10244           Cloncurry                                                                 
1894 1 3 900  -80 10277           Cloncurry        93      10011      267                                   
1894 1 31300 -140 10311           Cloncurry        46      10016      278                                   
1894 1 32100 -200 10344           Cloncurry        67      10020      256                                   
1894 1 4 100 -260 10378           Cloncurry                10020      256                                   
1894 1 4 500 -320 10411           Cloncurry                                                                 
1894 1 4 900 -380 10445           Cloncurry        67      10009      222                                   
1894 6 1 200-3726 15000           Cloncurry                                                                 
1894 5171600-3100 11400           Cloncurry        93                 194                                   
1894 518 800-3140 11417           Cloncurry        46      10089      189                                   
1894 5181200-3180 11433           Cloncurry         0      10086      189                                   
1894 5181600-3220 11450           Cloncurry       123                 189                                   
1894 5182000-3260 11467           Cloncurry        93      10081      183                                   
1894 519   0-3300 11483           Cloncurry        67      10105      183                                   
1894 519 400-3340 11500           Cloncurry                                                                 
1894 519 800-3380 11517           Cloncurry        93      10113      200                                   
1894 5191200-3420 11533           Cloncurry       123      10132      189                                   
1894 5191600-3460 11550           Cloncurry       123      10105      189                                   
1894 5192000-3500 11567           Cloncurry       123      10119      167                                   
1894 520   0-3540 11583           Cloncurry       123      10126      167                                   
1894 520 400-3580 11600           Cloncurry       123      10127      167                                   
1894 520 800-3568 11640           Cloncurry       123      10162      156                                   
1894 5201200-3555 11680           Cloncurry       154      10172      156                                   
1894 5201600-3543 11720           Cloncurry        26                 144                                   
1894 5202000-3530 11760           Cloncurry        93      10172      156                                   
1894 521 400-3518 11800           Cloncurry                                                                 
1894 521 800-3515 11867           Cloncurry        93      10207      150                                   
1894 5211200-3512 11933           Cloncurry        67      10207      150                                   
1894 5211600-3509 12000           Cloncurry        26      10208      139                                   
1894 5212000-3506 12067           Cloncurry        67      10207      144                                   
1894 522   0-3503 12133           Cloncurry        67      10199      156                                   
1894 522 400-3500 12200           Cloncurry                                                                 
1894 522 800-3497 12267           Cloncurry        46      10188      161                                   
1894 5221200-3494 12333           Cloncurry        46      10189      156                                   
1894 5221600-3491 12400           Cloncurry        26      10181      139                                   
1894 5222000-3488 12467           Cloncurry        10      10174      144                                   
1894 523   0-3485 12533           Cloncurry        46      10190      144                                   
1894 523 400-3482 12600           Cloncurry                                                                 
1894 523 800-3479 12667           Cloncurry        67      10189      150                                   
1894 5231200-3476 12733           Cloncurry        67      10173      144                                   
1894 512 500-1500 10800           Cloncurry        93      10059      283                                   
1894 512 900-1571 10843           Cloncurry                                                                 
1894 5121700-1643 10886           Cloncurry        93      10084      261                                   
1894 513 900-1714 10929           Cloncurry        93      10066      267                                   
1894 5131300-1786 10971           Cloncurry        93      10090      267                                   
1894 5132100-1857 11014           Cloncurry        67      10093      256                                   
1894 514 100-1929 11057           Cloncurry        67      10091      267                                   
1894 514 500-2000 11100           Cloncurry        67                                                       
1894 514 800-1917 11883           Cloncurry       123      10093      256                                   
1894 5141200-1833 12667           Cloncurry       123      10092      256                                   
1894 5141500-1750 13450           Cloncurry       123      10093      250                                   
1894 5141900-1667 14233           Cloncurry        93      10109      211                                   
1894 5142200-1583 15017           Cloncurry       123      10106      267                                   
1894 515 100-1500 15800           Cloncurry        93      10053      283                                   
1894 518 400-2850 11500           Cloncurry                                                                 
1894 212 800-2300 11800           Cloncurry       123      10073      289                                   
1894 213 800-2233 11783           Cloncurry        93                 294                                   
1894 2131200-2167 11767           Cloncurry        93      10022      289                                   
1894 214   0-2100 11750           Cloncurry        67      10048      289                                   
1894 2162000-2033 11733           Cloncurry        26      10020      294                                   
1894 217   0-1967 11717           Cloncurry        26      10019      300                                   
1894 217 400-1900 11700           Cloncurry        26                 300                                   
1894 217 800-1833 11683           Cloncurry                10012      294                                   
1894 2171200-1767 11667           Cloncurry        26      10015      294                                   
1894 2171600-1700 11650           Cloncurry                                                                 
1894 2172000-1633 11633           Cloncurry                10019      289                                   
1894 218   0-1567 11617           Cloncurry                10021      294                                   
1894 218 400-1500 11600           Cloncurry                                                                 
1894 218 800-1433 11583           Cloncurry        26       9997      311                                   
1894 2181200-1367 11567           Cloncurry        67      10008      306                                   
1894 2181600-1300 11550           Cloncurry                                                                 
1894 2182000-1233 11533           Cloncurry        67      10005      278                                   
1894 219   0-1167 11517           Cloncurry        26      10018      283                                   
1894 219 400-1100 11500           Cloncurry                                                                 
1894 219 800-1020 11480           Cloncurry                 9993      289                                   
1894 2191200 -940 11460           Cloncurry        26      10006      289                                   
1894 2192000 -860 11440           Cloncurry                10019      267                                   
1894 220   0 -780 11420           Cloncurry        26      10018      272                                   
1894 220 400 -700 11400           Cloncurry        10      10014      300                                   
1894 220 800 -620 11380           Cloncurry        67      10011      294                                   
1894 2201200 -540 11360           Cloncurry                                                                 
1894 2 4 400-3513 11900           Cloncurry       123      10163      228                                   
1894 2 4 800-3513 11900           Cloncurry                10129      211                                   
1894 2 5 800-3321 11747           Cloncurry        93      10077      211                                   
1894 2 51600-3130 11595           Cloncurry        67                                                       
1894 2 9 800-2938 11442           Cloncurry                                                                 
1894 212 400-2200 11300           Cloncurry                10058      272                                   
1894 3 4 800-3513 11900           Cloncurry       154      10129      211                                   
1894 3 9 800-2938 11442           Cloncurry        67      10034      250                                   
1894 1101300-2066 11079           Cloncurry       154       9974      267                                   
1894 1101700-2110 11093           Cloncurry       190       9987      250                                   
1894 1102100-2155 11107           Cloncurry       154                 256                                   
1894 111 100-2200 11122           Cloncurry        67                                                       
1894 111 500-2245 11136           Cloncurry        67       9984      278                                   
1894 111 900-2290 11150           Cloncurry       154       9993      261                                   
1894 1111300-2335 11165           Cloncurry                           261                                   
1894 1111700-2379 11179           Cloncurry       154       9979      272                                   
1894 1112100-2424 11193           Cloncurry        67       9982      233                                   
1894 112 100-2469 11208           Cloncurry        46      10024      289                                   
1894 112 500-2514 11222           Cloncurry        26      10011      289                                   
1894 112 800-2563 11255           Cloncurry        67       9993      278                                   
1894 1121200-2613 11288           Cloncurry       154       9997      256                                   
1894 1121600-2662 11321           Cloncurry        93      10020      239                                   
1894 1122000-2711 11354           Cloncurry        67      10014      256                                   
1894 113   0-2761 11387           Cloncurry                                                                 
1894 113 400-2810 11420           Cloncurry        67      10042      272                                   
1894 113 800-2864 11435           Cloncurry        67      10033      250                                   
1894 1131200-2918 11451           Cloncurry        26      10034      244                                   
1894 1131600-2972 11466           Cloncurry        26      10057      233                                   
1894 1132000-3026 11482           Cloncurry        67      10051      250                                   
1894 114   0-3080 11497           Cloncurry        46      10067      256                                   
1894 114 400-3134 11513           Cloncurry                                                                 
1894 114 800-3195 11517           Cloncurry        67      10055      233                                   
1894 1141200-3256 11520           Cloncurry                                                                 
1894 1141600-3317 11524           Cloncurry        26      10061      228                                   
1894 1142000-3378 11527           Cloncurry        26      10090      233                                   
1894 115   0-3439 11531           Cloncurry                                                                 
1894 115 400-3439 11531           Cloncurry        67      10108      233                                   
1894 115 800-3439 11531           Cloncurry        67      10125      233                                   
1894 2131600-3439 11531           Cloncurry                                                                 
1894 1 41700 -363 10348           Cloncurry       123                                                       
1894 1 42100 -424 10374           Cloncurry        93      10017      256                                   
1894 1 5 500 -485 10400           Cloncurry       123      10023      278                                   
1894 1 5 900 -546 10426           Cloncurry        93                 250                                   
1894 1 51300 -607 10452           Cloncurry        67      10004      256                                   
1894 1 51700 -667 10478           Cloncurry        93      10015      289                                   
1894 1 52100 -728 10504           Cloncurry        93      10005      250                                   
1894 1 6 100 -789 10530           Cloncurry                10004      256                                   
1894 1 6 500 -850 10556           Cloncurry                                                                 
1894 1 6 900 -911 10582           Cloncurry        93      10000      283                                   
1894 1 61300 -972 10608           Cloncurry        46      10011      278                                   
1894 1 61700-1032 10634           Cloncurry        67      10017      283                                   
1894 1 62100-1093 10660           Cloncurry        67      10002      272                                   
1894 1 7 100-1154 10686           Cloncurry        67      10012      278                                   
1894 1 7 500-1215 10712           Cloncurry        67      10006      294                                   
1894 1 71300-1279 10738           Cloncurry        46      10012      278                                   
1894 1 71700-1343 10764           Cloncurry        46      10011      267                                   
1894 1 72100-1407 10790           Cloncurry        67       9995      261                                   
1894 1 8 100-1471 10816           Cloncurry        67       9998      311                                   
1894 1 8 500-1535 10842           Cloncurry        67      10011      311                                   
1894 1 8 900-1588 10871           Cloncurry        46       9985      289                                   
1894 1 81300-1642 10900           Cloncurry        46      10005      272                                   
1894 1 81700-1695 10929           Cloncurry        26      10013      267                                   
1894 1 82100-1749 10959           Cloncurry        67       9989      267                                   
1894 1 9 100-1802 10988           Cloncurry        67       9990      267                                   
1894 1 9 500-1856 11017           Cloncurry        67       9990      267                                   
1894 1 9 900-1909 11036           Cloncurry        93       9982      278                                   
1894 1 91300-1963 11055           Cloncurry        93       9990      267                                   
1894 1 91700-2016 11073           Cloncurry       123       9992      261                                   
1894 1 92100-2070 11092           Cloncurry       123       9978      306                                   
1894 110 100-2123 11111           Cloncurry       154       9987      256                                   
1894 110 500-2177 11130           Cloncurry       190       9977      256                                   
1894 110 900-2230 11130           Cloncurry       154       9982      289                                   
1894 116 400-3823 11926           Cloncurry                                                                 
1894 119 300-3542 13236           Cloncurry                                                                 
1894 120 300-3539 13708           Cloncurry        46      10098      194                                   
1892 8 9   0-2440 15358           Cloncurry        46      10167      233                                   
1892 8 92300-2335 15800           Cloncurry                10140      250                                   
1892 8102200-2219 16121           Cloncurry       154      10151      222                                   
1892 8112200-2223 16428           Cloncurry       123      10151      244                                   
1892 8142200-2227 16120           Cloncurry        46      10192      239                                   
1892 816   0-2331 15736           Cloncurry        93      10204      211                                   
1892 8162300-2490 15339           Cloncurry                                                                 
1892 8192300-2418 15487           Cloncurry        67                                                       
1892 8202300-2347 15636           Cloncurry       123      10097      250                                   
1892 8212200-2249 16049           Cloncurry        93      10097      244                                   
1892 8222200-2269 16036           Cloncurry                                                                 
1892 8242200-2290 16024           Cloncurry        46      10158      244                                   
1892 8252200-2310 16011           Cloncurry        46                                                       
1892 8262300-2459 15656           Cloncurry       190      10053      111                                   
1892 8272300-2530 15580           Cloncurry       154      10086      222                                   
1892 9 42300-2359 15640           Cloncurry        67      10147      250                                   
1892 9 52200-2318 16012           Cloncurry        67      10149      239                                   
1892 9 62200-2131 16341           Cloncurry        67      10146      250                                   
1892 9 92200-2240 16211           Cloncurry        46      10329      267                                   
1892 9102200-2390 15980           Cloncurry        93      10142      244                                   
1892 9112300-2338 15525           Cloncurry       154      10149      239                                   
1892 912 600-2369 15362           Cloncurry                10105      200                                   
1892 9122300-2400 15200           Cloncurry       123      10160      217                                   
