1893 3 4   0-4718-17638           Coptic          123      10018      156                                   
1893 3 4 100-4904 17008           Coptic           26      10001      100                                   
1893 3 72200-5154-15034           Coptic           67      10144      111                                   
1893 3 82200-5303-14311           Coptic           26      10248      100                                   
1893 3 92100-5342-13523           Coptic           26      10281       67                                   
1893 3102000-5438-12719           Coptic           26      10283       61                                   
1893 3112000-5528-11909           Coptic           26      10291       61                                   
1893 616 900-4421  4543           Coptic           26      10132       78                                   
1893 617 900-4533  5225           Coptic          123      10076       78                                   
1893 618 800-4657  5911           Coptic          123      10106      106                                   
1893 619 800-4735  6652           Coptic          123      10042       89                                   
1893 620 700-4801  7420           Coptic           93      10012       50                                   
1893 621 700-4846  8125           Coptic           93      10180       61                                   
1893 622 600-4940  8929           Coptic          154      10160       39                                   
1893 623 600-4957  9721           Coptic          123      10210       67                                   
1893 624 500-4952 10519           Coptic          123      10019       33                                   
1893 625 500-4902 11238           Coptic          123      10083       56                                   
1893 626 400-4835 12022           Coptic          123       9906       56                                   
1893 627 400-4732 12740           Coptic          123       9989       61                                   
1893 628 300-4628 13451           Coptic           67      10061       89                                   
1893 629 300-4501 14146           Coptic           67      10128      128                                   
1893 630 200-4253 14720           Coptic                                                                    
1893 7 1 200-4236 14914           Coptic                                                                    
1893 7 2 200-4220 15109           Coptic          154      10216      111                                   
1893 7 3 200-4047 15625           Coptic          123      10187      133                                   
1893 7 4 100-3906 16145           Coptic          123      10084      156                                   
1893 7 5 100-3638 16659           Coptic           67      10060      144                                   
1893 7 6 100-3435 17146           Coptic           67      10061      189                                   
1893 7 7   0-3650 17446           Coptic                                                                    
