     3211200-3542 15053           Corinna                                                                   
1892 8 52300-3560 14970           Corinna          67      10181      122                                   
1892 8 6 200-3565 14990           Corinna          67      10163      128                                   
1892 8 62300-3570 15010           Corinna          46      10127      122                                   
1892 8 7 200-3575 15010           Corinna          26      10116      128                                   
1892 8 82300-3580 15010           Corinna          26      10072      133                                   
1892 8 9 200-3585 15010           Corinna          67      10065      150                                   
1892 8102300-3590 15010           Corinna          26      10154      144                                   
1892 811 200-3620 15020           Corinna          10      10141      144                                   
1892 8112300-3780 14920           Corinna          67      10100      133                                   
1892 812 200-3780 14920           Corinna         190      10100      133                                   
1892 8122200-3742 14943           Corinna          26      10115      122                                   
1892 8192300-3705 14967           Corinna          93      10192      144                                   
1892 820 200-3667 14990           Corinna          93      10178      150                                   
1892 8202300-3630 15000           Corinna          26      10152      161                                   
1892 821 200-3620 15020           Corinna          46      10152      161                                   
1892 8242300-3290 15170           Corinna          46      10074      144                                   
1892 825 200-3350 15130           Corinna          67      10040      150                                   
1892 8252200-3485 15075           Corinna          46       9998      167                                   
1892 826 200-3620 15020           Corinna          10       9975      167                                   
1892 826 600-3670 14990           Corinna          10       9965      172                                   
1892 8262200-3720 14990           Corinna         190       9996      150                                   
1892 827 200-3770 14990           Corinna         154      10024      144                                   
1892 8272300-3820 14990           Corinna          93      10047      133                                   
1892 828 200-3870 14990           Corinna          93      10017      133                                   
1893 1 52300-3928 14718           Corinna          93      10030      178                                   
1893 1 6 200-3735 14864           Corinna          93      10017      183                                   
1893 1 62300-3542 15010           Corinna          26       9981      189                                   
1893 1 7 200-3578 15044           Corinna          26       9979      206                                   
1893 1112200-3615 15013           Corinna          46      10044      222                                   
1893 112 200-3703 14954           Corinna          26      10038      222                                   
1893 1122200-3815 14836           Corinna          46      10033      194                                   
1893 113 200-3928 14718           Corinna          67      10025      189                                   
1893 1182300-3806 14801           Corinna          46      10010      189                                   
1893 119 200-3684 14884           Corinna          67      10008      194                                   
1893 1192300-3562 14968           Corinna          26      10053      206                                   
1893 120 200-3440 15051           Corinna          26      10051      211                                   
1893 1212200-3347 15035           Corinna          93      10068      222                                   
1893 122 200-3255 15020           Corinna         123      10041      222                                   
1893 122 400-3255 15004           Corinna         190       9990      222                                   
1893 124 200-3413 14989           Corinna          67      10180      206                                   
1893 1242200-3572 14974           Corinna          10      10201      206                                   
1893 125 200-3730 14958           Corinna          67      10199      206                                   
1893 1252300-3928 14718           Corinna          46      10119      194                                   
1893 126 200-4140 14648           Corinna          67      10108      189                                   
1893 2 3 600-4352 14578           Corinna                                                                   
1893 6 12200-3750 14955           Corinna         123      10095      167                                   
1893 6 2 200-3741 15003           Corinna          93      10117      150                                   
1893 6 2 600-3733 14955           Corinna          93      10131      150                                   
1893 6 22200-3928 14719           Corinna         190      10144      144                                   
1893 6 3 200-3928 14719           Corinna         154      10153      150                                   
1893 6 3 600-3928 14719           Corinna         123      10153      150                                   
1893 6 91200-3928 14719           Corinna          93      10251      128                                   
1893 6 92200-3900 14719           Corinna          93      10222      139                                   
1893 610 200-3733 14955           Corinna          93      10210      139                                   
1893 610 600-3733 14955           Corinna          93      10199      144                                   
1893 6102200-3615 15013           Corinna          93      10166      156                                   
1893 611 200-3510 15039           Corinna          93      10155      156                                   
1893 611 600-3510 15039           Corinna          93      10137      161                                   
1893 6172300-3333 15119           Corinna          67      10069      133                                   
1893 618 200-3255 15146           Corinna          93      10068      139                                   
1893 620 600-3350 15117           Corinna          26      10082      139                                   
1893 6202200-3750 14955           Corinna          46      10098      144                                   
1893 621 200-3715 15003           Corinna          26      10098      144                                   
1893 6212200-3927 14719           Corinna          46      10058      150                                   
1893 622 200-3913 14648           Corinna          67      10039      144                                   
1893 6282200-3900 14719           Corinna         123      10093      144                                   
1893 629 200-3748 14916           Corinna         123      10107      133                                   
1893 6291000-3700 14983           Corinna          67      10125      144                                   
1893 6301000-3440 15051           Corinna          67      10156      144                                   
1893 7 41400-3180 15118           Corinna                                                                   
1893 8 32200-3625 15023           Corinna          67      10147      150                                   
1893 8 4 200-3708 14993           Corinna          26      10126      139                                   
1893 8 41400-3787 14906           Corinna          67      10085      144                                   
1893 8 42200-3867 14820           Corinna          67      10026      139                                   
1893 8 5 200-3946 14733           Corinna          67      10028      133                                   
1893 8 5 600-3912 14785           Corinna          93      10044      133                                   
1893 8112300-3878 14836           Corinna          67      10247      128                                   
1893 812 200-3844 14888           Corinna          67      10244      128                                   
1893 812 600-3810 14939           Corinna          67      10229      133                                   
1893 8122300-3776 14991           Corinna          46      10227      144                                   
1893 813 200-3742 14991           Corinna          10      10230      144                                   
1893 813 600-3708 14993           Corinna          26      10226      144                                   
1893 8132200-3505 15000           Corinna          67      10241      167                                   
1893 814 200-3505 15008           Corinna          10      10234      167                                   
1893 8172200-3505 15015           Corinna          46      10275      144                                   
1893 818 200-3625 15023           Corinna          10      10275      150                                   
1893 8181000-3785 14878           Corinna          26      10262      156                                   
1893 8182200-3946 14733           Corinna          46      10222      139                                   
1893 819 200-3946 14733           Corinna          26      10195      139                                   
1893 819 600-3946 14733           Corinna          46      10161      144                                   
1893 8191000-3946 14733           Corinna          46      10159      133                                   
1893 8252200-3946 14733           Corinna         123      10061      133                                   
1893 826 200-3946 14733           Corinna          93      10071      133                                   
1893 826 600-3946 14733           Corinna          46      10085      133                                   
1893 8262200-3625 14798           Corinna          26      10126      133                                   
1893 827 200-3535 14862           Corinna          26      10130      144                                   
1893 827 600-3445 14927           Corinna          46      10147      100                                   
1893 828 400-3355 14991           Corinna          26      10176      161                                   
1893 829 200-3370 15056           Corinna          26      10137      156                                   
1893 830   0-3385 15120           Corinna          26                                                       
18931230 200-3727 15187           Corinna          67      10015      200                                   
18931230 600-3715 15168           Corinna          67      10021      200                                   
189312302200-3702 15148           Corinna         123      10067      189                                   
18931231 200-3690 15129           Corinna         123      10074      183                                   
18931231 600-3677 15110           Corinna          93      10074      183                                   
189312312200-3665 15090           Corinna          67      10121      167                                   
1894 1 62200-3652 15071           Corinna          93      10102      178                                   
1894 1 7 200-3640 15052           Corinna          93      10101      183                                   
1894 1 7 600-3627 15032           Corinna          67      10094      183                                   
1894 1 72200-3615 15013           Corinna          67      10111      183                                   
1894 1 8 200-3645 14994           Corinna          67      10109      194                                   
1894 1 8 600-3675 14974           Corinna          93      10109      200                                   
1894 112 200-3705 14955           Corinna          46       9942      233                                   
1894 112 600-3860 14927           Corinna          67       9941      244                                   
1894 1122200-4015 14900           Corinna          67       9965      211                                   
1894 113 200-4037 14850           Corinna          67       9957      200                                   
1894 113 600-4134 14749           Corinna          93       9953      189                                   
1894 119 600-4102 14648           Corinna          46      10111      189                                   
1894 1192200-4069 14749           Corinna          67      10129      200                                   
1894 120 200-4037 14850           Corinna          46      10133      217                                   
1894 120 600-4037 14850           Corinna          67      10128      228                                   
1894 121 200-4037 14850           Corinna          46      10147      233                                   
1894 1242200-4037 14850           Corinna          26      10130      233                                   
1894 125 200-3705 14955           Corinna          46      10127      233                                   
1894 1252200-3373 15060           Corinna          67      10118      211                                   
1894 126 200-3041 15165           Corinna          67      10125      211                                   
1894 126 600-2709 15270           Corinna          67      10130      206                                   
1894 2 5   0-2377 15375           Corinna                                                                   
18941230 200-2045 15480           Corinna                  10002      200                                   
