1894 4101700-4442 11034           Crompton         26      10142       94                                   
1894 4102100-4442 11034           Crompton         93      10076       94                                   
1894 411 100-4442 11034           Crompton         93      10117       89                                   
1894 411 500-4442 11034           Crompton         67      10124      122                                   
1894 411 900-4442 11034           Crompton         46      10137      111                                   
1894 4111200-4448 11268           Crompton         46      10144      100                                   
1894 4111600-4454 11503           Crompton        190       9991      119                                   
1894 4112100-4442 11034           Crompton         67      10106       94                                   
1894 412 100-4442 11034           Crompton         93      10105      100                                   
1894 412 400-4454 11503           Crompton        123      10073      119                                   
1894 412 800-4454 11503           Crompton        123      10032      117                                   
1894 4121200-4454 11503           Crompton        154      10013      119                                   
1894 4121600-4454 11503           Crompton        154       9967      117                                   
1894 4122000-4454 11503           Crompton        190                 119                                   
1894 413   0-4454 11503           Crompton        154      10010      117                                   
1894 413 400-4515 12143           Crompton        154       9911      122                                   
1894 413 800-4519 12229           Crompton        123                 122                                   
1894 4131200-4524 12315           Crompton        154       9946      117                                   
1894 4131600-4528 12401           Crompton        123      10010      128                                   
1894 4132000-4532 12487           Crompton        123       9993      117                                   
1894 414   0-4537 12573           Crompton         93      10004      117                                   
1894 414 400-4541 12659           Crompton        123                 131                                   
1894 414 700-4535 12787           Crompton        123      10004      133                                   
1894 4141100-4529 12915           Crompton        123      10009      133                                   
1894 4141500-4522 13043           Crompton         93                 122                                   
1894 4141900-4516 13172           Crompton        123                 133                                   
1894 4142300-4510 13300           Crompton        123      10007      133                                   
1894 415 300-4504 13428           Crompton        123       9982      131                                   
1894 415 700-4498 13556           Crompton         93       9990      128                                   
1894 4151100-4492 13684           Crompton         93                 122                                   
1894 3312000-4320  5839           Crompton         93      10112      156                                   
1894 4 1   0-4320  5906           Crompton         93      10045      150                                   
1894 4 1 400-4320  5974           Crompton        123                 150                                   
1894 4 11200-4320  6041           Crompton        154      10062      150                                   
1894 4 11600-4320  6108           Crompton         93      10114      144                                   
1894 4 12000-4320  6176           Crompton         93      10169      117                                   
1894 4 2   0-4320  6243           Crompton        123                 167                                   
1894 4 2 400-4320  6311           Crompton         93                 161                                   
1894 4 2 800-4320  6378           Crompton         93                                                       
1894 4 21200-4320  6445           Crompton        123      10098      156                                   
1894 4 21600-4320  6513           Crompton         93                                                       
1894 4 3   0-4320  6580           Crompton         93                  94                                   
1894 4 3 400-4320  6648           Crompton         67      10208       83                                   
1894 4 3 800-4320  6715           Crompton                                                                  
1894 4 31100-4320  6782           Crompton                                                                  
1894 4 31500-4320  6850           Crompton         93                                                       
1894 4 32300-4320  6917           Crompton        123                                                       
1894 4 4 300-4320  6985           Crompton        123                                                       
1894 4 4 700-4320  7052           Crompton        123                                                       
1894 4 41100-4320  7052           Crompton        154                 100                                   
1894 4 41500-4320  7052           Crompton        123      10092      100                                   
1894 4 41900-4320  7264           Crompton        226                 106                                   
1894 4 42300-4320  7476           Crompton         93                  94                                   
1894 4 5 300-4320  7689           Crompton         67                  94                                   
1894 4 5 700-4320  7901           Crompton         67      10026      100                                   
1894 4 51100-4320  7901           Crompton         93                 100                                   
1894 4 51500-4320  7901           Crompton        190      10005      106                                   
1894 328 900-4159  4031           Crompton        123                 128                                   
1894 322 300-3704  1958           Crompton         46      10196      183                                   
1894 322 700-3704  1958           Crompton         46      10206      194                                   
1894 3221100-3704  1958           Crompton         26      10204      211                                   
1894 3221500-3704  1958           Crompton         26      10186      261                                   
1894 3221900-3704  1958           Crompton         26      10195      222                                   
1894 3222300-3704  1958           Crompton         26      10180      217                                   
1894 323 300-3704  1958           Crompton         26      10140      228                                   
1894 323 700-3704  1958           Crompton         26      10148      228                                   
1894 3231100-3835  2031           Crompton         26      10141      239                                   
1894 3231500-3835  2031           Crompton         46      10130      233                                   
1894 3231900-3835  2031           Crompton         46      10124      217                                   
1894 3232300-3835  2031           Crompton         46                 222                                   
1894 324 300-3835  2031           Crompton         67      10101      222                                   
1894 324 700-3835  2031           Crompton         26      10108      194                                   
1894 3241100-3923  2116           Crompton         26      10112      217                                   
1894 3241500-3923  2202           Crompton         10      10099      211                                   
1894 3241800-3923  2287           Crompton         10      10105      183                                   
1894 3242200-3923  2373           Crompton         26      10094      172                                   
1894 325 200-3923  2458           Crompton         46      10060      183                                   
1894 325 600-3923  2544           Crompton         67      10044      189                                   
1894 3251000-4027  2629           Crompton         93      10009      222                                   
1894 3251400-4027  2629           Crompton         93       9973      222                                   
1894 3251800-4027  2629           Crompton         67                 206                                   
1894 3252200-4027  2629           Crompton         93      10004      206                                   
1894 326 200-4027  2629           Crompton         93      10029      211                                   
1894 326 600-4027  2629           Crompton         93      10056      200                                   
1894 3261000-4108  3128           Crompton         67      10083      206                                   
1894 3261400-4189  3128           Crompton         26      10104      194                                   
1894 3261800-4270  3128           Crompton         10      10135      167                                   
1894 3262200-4351  3128           Crompton         10      10157      167                                   
