1892 411 200-4390 14735           Curacoa          10      10051      117                                   
1893 6182200 -820 15690           Curacoa          10      10097      283                                   
1893 619 200 -822 15700           Curacoa          10      10096      289                                   
1893 6192200 -824 15709           Curacoa          10      10086      267                                   
1893 620 200 -826 15719           Curacoa          10      10098      278                                   
1893 6202100 -842 15780           Curacoa          26      10117      289                                   
1893 621 100 -859 15842           Curacoa          26      10095      294                                   
1893 6212100 -859 15842           Curacoa          10      10114      261                                   
1893 622 100 -960 15859           Curacoa          10      10117      289                                   
1893 6222100 -975 15902           Curacoa          10      10125      283                                   
1893 623 100 -990 15946           Curacoa          10      10116      294                                   
1893 6232100 -952 15939           Curacoa          10      10097      244                                   
1893 624 100 -914 15932           Curacoa          10      10117      289                                   
1893 6242100 -962 15985           Curacoa          46      10129      278                                   
1893 625 100-1010 16039           Curacoa          46      10129      278                                   
1893 6252100 -976 16039           Curacoa          10      10114      244                                   
1893 626 100 -942 16039           Curacoa          10      10121      283                                   
1893 6262100 -932 16030           Curacoa           0      10112      278                                   
1893 627 100 -923 16022           Curacoa          26      10118      283                                   
1893 6292100 -923 16022           Curacoa          10      10091      261                                   
1893 630 100 -908 16003           Curacoa          10      10096      294                                   
189412281400-3400 15043           Curacoa          26      10099      183                                   
18941229 600-3441 15043           Curacoa          10      10056      239                                   
189412291000-3482 15043           Curacoa          26      10082      228                                   
189412291400-3522 15043           Curacoa          26      10153      167                                   
189412291800-3563 15043           Curacoa          26      10088      194                                   
189412292200-3604 15043           Curacoa          67      10117      189                                   
18941230 200-3645 15043           Curacoa          26      10135      183                                   
18941230 600-3686 15043           Curacoa          26      10119      178                                   
189412301000-3727 15043           Curacoa          46      10153      178                                   
189412301400-3767 15043           Curacoa          26      10155      167                                   
189412301800-3808 15043           Curacoa          10      10110      139                                   
189412302200-3849 15043           Curacoa          10      10441      161                                   
18941231 200-3890 14900           Curacoa          10      10138      178                                   
18941231 600-3890 14900           Curacoa          10      10128      178                                   
189412311000-3890 14900           Curacoa          10      10143      167                                   
189412311400-3890 14900           Curacoa          10      10153      167                                   
189412311800-3890 14900           Curacoa          10      10155      156                                   
189412312200-3890 14900           Curacoa          10      10157      161                                   
1895 1 1 200-3900 14555           Curacoa          26      10144      200                                   
1895 1 1 600-3900 14555           Curacoa          46      10128      194                                   
1895 1 11000-3900 14555           Curacoa          26      10126      189                                   
1895 1 11400-3900 14555           Curacoa          10      10128      178                                   
1895 1 11800-3900 14555           Curacoa          26      10121      178                                   
1895 1 12200-3900 14555           Curacoa          10      10137      206                                   
1895 112 600-3824 14334           Curacoa          26      10051      250                                   
1895 1121000-3827 14289           Curacoa          10      10050      217                                   
1895 1121500-3829 14244           Curacoa                                                                   
1895 1121900-3831 14200           Curacoa          46      10035      183                                   
1895 1122300-3834 14155           Curacoa          67      10039      183                                   
1895 113 300-3836 14110           Curacoa          46      10087      178                                   
1895 113 700-3838 14065           Curacoa          46      10087      178                                   
1895 1131100-3841 14020           Curacoa          46      10095      167                                   
1895 1131500-3843 13975           Curacoa                                                                   
1895 1131900-3845 13931           Curacoa                  10107      156                                   
1895 1132300-3848 13886           Curacoa          46      10101      156                                   
1895 114 300-3850 13841           Curacoa          26      10122      167                                   
1895 114 700-3828 13786           Curacoa                  10127      161                                   
1895 1141100-3807 13732           Curacoa                  10162      150                                   
1895 1141500-3785 13677           Curacoa                                                                   
1895 1141900-3763 13622           Curacoa                  10195      133                                   
1895 1142300-3742 13568           Curacoa          26      10225      150                                   
1895 115 300-3720 13513           Curacoa                  10233      167                                   
1895 115 700-3709 13453           Curacoa                  10210      183                                   
1895 1151100-3698 13393           Curacoa          10      10190      156                                   
1895 1151500-3686 13333           Curacoa          26      10193      161                                   
1895 1151900-3675 13274           Curacoa          10      10175      144                                   
1895 1152300-3664 13214           Curacoa          10      10207      156                                   
1895 116 300-3653 13154           Curacoa          10      10195      167                                   
1895 116 700-3642 13094           Curacoa          10      10193      178                                   
1895 1161100-3631 13034           Curacoa          10      10194      172                                   
1895 1161500-3792 12821           Curacoa          26      10196      167                                   
1895 117 700-3772 12754           Curacoa          46      10211      178                                   
1895 1171200-3751 12686           Curacoa          67      10202      172                                   
1895 1171600-3731 12619           Curacoa          67                 183                                   
1895 1172000-3711 12552           Curacoa          26      10206      167                                   
1895 118   0-3690 12484           Curacoa          26      10198      172                                   
1895 118 400-3670 12417           Curacoa          26      10194      194                                   
1895 118 800-3650 12350           Curacoa          26      10184      194                                   
1895 1181200-3629 12282           Curacoa          26      10185      183                                   
1895 1181600-3609 12215           Curacoa                             178                                   
1895 1182000-3589 12148           Curacoa          67      10152      178                                   
1895 119   0-3568 12080           Curacoa          67      10158      183                                   
1895 119 400-3548 12013           Curacoa          67      10176      194                                   
1895 119 800-3549 11973           Curacoa                  10088      194                                   
1895 1191200-3550 11932           Curacoa          93      10087      200                                   
1895 1192000-3552 11892           Curacoa          10                 194                                   
1895 120   0-3553 11852           Curacoa          26      10148      200                                   
1895 120 400-3554 11811           Curacoa                                                                   
1895 120 800-3555 11771           Curacoa          26      10147      167                                   
1895 2 21600-3556 11731           Curacoa          46      10159      156                                   
1895 2 31200-3558 11691           Curacoa          26      10155      161                                   
1895 2 31600-3559 11650           Curacoa          67                 178                                   
1895 2 4 400-3560 11610           Curacoa          26                 189                                   
1895 2 41600-3440 11460           Curacoa          46                 194                                   
1895 2 5 400-3319 11310           Curacoa          46                 206                                   
1895 2 51700-3229 11210           Curacoa          46                 189                                   
1895 2 6 500-3139 11110           Curacoa          46                 217                                   
1895 2 61700-3034 10976           Curacoa                             200                                   
1895 2 7 500-2930 10843           Curacoa          67                 206                                   
1895 2 71700-2829 10700           Curacoa          67                 200                                   
1895 2 8 500-2729 10557           Curacoa          46                 222                                   
1895 9101300 -994 16055           Curacoa           0      10115      261                                   
1895 9101700 -999 16077           Curacoa          10      10103      272                                   
1895 9102100-1004 16099           Curacoa          10      10126      278                                   
1895 911 100-1009 16121           Curacoa          10      10119      278                                   
1895 911 500-1014 16143           Curacoa          10      10103      272                                   
1895 911 900-1014 16143           Curacoa           0      10113      272                                   
1895 9111300-1014 16143           Curacoa           0      10115      261                                   
1895 9111700-1014 16143           Curacoa           0      10113      250                                   
1895 9112100-1014 16143           Curacoa           0      10115      261                                   
1895 912 100-1014 16143           Curacoa           0      10115      261                                   
1895 912 500-1014 16143           Curacoa           0      10105      278                                   
1895 912 900-1014 16143           Curacoa          10      10112      278                                   
1895 9121300-1014 16142           Curacoa           0      10117      250                                   
1895 9121700-1014 16142           Curacoa           0      10119      239                                   
1895 9122100-1014 16142           Curacoa          10      10122      256                                   
1895 913 100-1014 16142           Curacoa          10      10119      278                                   
1895 913 500-1014 16142           Curacoa           0      10117      289                                   
1895 913 900-1014 16142           Curacoa           0      10116      294                                   
1895 9131300-1014 16142           Curacoa           0      10129      256                                   
1895 9131700-1014 16142           Curacoa           0      10124      244                                   
1895 9132100-1028 16181           Curacoa           0      10131      283                                   
1895 914 100-1043 16220           Curacoa          26      10118      283                                   
1895 914 500-1043 16220           Curacoa          46      10118      283                                   
1895 914 900-1043 16220           Curacoa          26      10102      278                                   
1895 9141300-1043 16220           Curacoa          46      10131      283                                   
1895 9141700-1147 16186           Curacoa          26      10124      272                                   
1895 9142100-1251 16153           Curacoa          10      10126      278                                   
1895 915 100-1355 16119           Curacoa          10      10127      278                                   
1895 915 500-1355 16119           Curacoa          10      10113      278                                   
1895 915 900-1355 16119           Curacoa          26      10130      261                                   
1895 9151300-1355 16119           Curacoa          26      10130      256                                   
1895 9201400-2420 15552           Curacoa          46      10189      206                                   
1895 9201800-2420 15552           Curacoa          46      10145      206                                   
1895 9202200-2420 15552           Curacoa          93      10188      211                                   
1895 921 200-2420 15552           Curacoa          93      10156      217                                   
1895 921 600-2420 15552           Curacoa          67      10174      211                                   
1895 9211000-2420 15552           Curacoa          46      10199      206                                   
1895 9211400-2616 15455           Curacoa          10      10249      194                                   
1895 9211800-2616 15455           Curacoa          46      10201      200                                   
1895 9212200-2616 15455           Curacoa          26      10208      200                                   
1895 922 200-2616 15455           Curacoa          10      10246      211                                   
1895 922 600-2616 15455           Curacoa          10      10213      211                                   
1895 9221000-2616 15455           Curacoa          10      10221      200                                   
1895 9221400-2900 15357           Curacoa          67      10249      206                                   
1895 9221800-2900 15357           Curacoa          10      10212      189                                   
1895 9222200-2900 15357           Curacoa          10      10223      200                                   
1895 923 200-2900 15357           Curacoa          26      10242      211                                   
1895 923 600-2900 15357           Curacoa          26      10207      217                                   
1895 9231000-2900 15357           Curacoa          46      10198      211                                   
1895 9231400-3232 15254           Curacoa          46      10133      194                                   
1895 9231800-3232 15254           Curacoa          67      10268      194                                   
1895 9232200-3232 15254           Curacoa          93      10186      200                                   
1895 924 200-3232 15254           Curacoa         123      10159      217                                   
1895 924 600-3232 15254           Curacoa          67      10160      211                                   
1895 9241000-3232 15254           Curacoa          46      10134      206                                   
1895 9241400-3232 15254           Curacoa          46      10133      194                                   
1895 9241800-3232 15254           Curacoa          26      10101      183                                   
1895 9242200-3232 15254           Curacoa          26      10109      194                                   
1895 925 200-3351 15112           Curacoa                                                                   
