1892 2152000-3756 14916           Cuzco            26      10132      183                                   
1892 216 200-3811 14837           Cuzco            26      10140      222                                   
1892 2162000-3804 14758           Cuzco            26      10115      167                                   
1892 217 200-3798 14680           Cuzco             0      10113      244                                   
1892 2172200-3791 14601           Cuzco            26      10131      233                                   
1892 218 200-3784 14522           Cuzco            26      10129      267                                   
1892 2182200-3777 14443           Cuzco            26      10128      211                                   
1892 219 200-3771 14365           Cuzco            26      10112      267                                   
1892 2192000-3764 14286           Cuzco             0      10075      206                                   
1892 220 300-3757 14207           Cuzco            67      10082      267                                   
1892 2202100-3751 14129           Cuzco            46      10112      161                                   
1892 221 300-3744 14050           Cuzco            46      10129      183                                   
1892 2212300-3716 13947           Cuzco            26      10102      200                                   
1892 222 300-3687 13845           Cuzco            26      10114      211                                   
1892 2222300-3659 13742           Cuzco            26      10151      211                                   
1892 223 300-3631 13640           Cuzco            26      10150      211                                   
1892 2232100-3603 13537           Cuzco            26      10154      206                                   
1892 224 300-3574 13435           Cuzco            46      10172      217                                   
1892 2242100-3546 13332           Cuzco            67      10216      156                                   
1892 225 300-3518 13230           Cuzco            67      10231      183                                   
1892 2252300-3516 12920           Cuzco            26      10227      172                                   
1892 226 400-3515 12610           Cuzco            26      10213      211                                   
1892 227   0-3512 12263           Cuzco            46      10152      194                                   
1892 227 400-3510 11917           Cuzco            46      10122      233                                   
1892 2272200-3462 11681           Cuzco            67      10127      178                                   
1892 228 400-3415 11445           Cuzco            67      10142      228                                   
1892 2282300-3215 11238           Cuzco           123      10116      194                                   
1892 229 500-3014 11032           Cuzco           123      10096      261                                   
1892 3 1 100-3014 11032           Cuzco            67      10068      228                                   
1892 3 1 500-2680 10639           Cuzco            67      10050      261                                   
1892 3 2 100-2485 10474           Cuzco            46      10052      239                                   
1892 3 2 500-2290 10310           Cuzco            26      10040      267                                   
1892 3 22300-2053 10127           Cuzco            26      10040      233                                   
1892 3 3 500-1816  9945           Cuzco            26      10035      300                                   
1892 3 32300-1618  9784           Cuzco            46      10041      256                                   
1892 3 4 600-1420  9624           Cuzco            46      10037      294                                   
1892 3 5 200-1221  9465           Cuzco                    10036      272                                   
1892 3 5 600-1023  9306           Cuzco                    10032      272                                   
1892 3 6 200 -824  9124           Cuzco            26      10045      272                                   
1892 3 6 600 -626  8942           Cuzco            46      10041      278                                   
1892 3 7   0 -421  8792           Cuzco            67      10054      233                                   
1892 3 7 600 -216  8642           Cuzco            67      10050      278                                   
1892 3 8   0   -8  8486           Cuzco            67      10035      267                                   
1892 3 8 600  200  8331           Cuzco            46      10037      278                                   
1892 3 9 200  410  8331           Cuzco            46      10044      278                                   
1892 3 9 700  620  8060           Cuzco            26      10044      278                                   
1892 112 100  728  7825           Cuzco            67      10028      256                                   
1892 112 700  655  7951           Cuzco            93      10062      289                                   
1892 113 100  542  7951           Cuzco            46      10042      250                                   
1892 113 700  429  8110           Cuzco            67      10050      278                                   
1892 114 200  228  8263           Cuzco            26      10046      283                                   
1892 114 600   28  8416           Cuzco            26      10035      289                                   
1892 115 200 -155  8653           Cuzco            46      10038      289                                   
1892 115 600 -338  8890           Cuzco            46      10045      311                                   
1892 116   0 -542  9001           Cuzco            26      10040      261                                   
1892 116 600 -746  9113           Cuzco            26      10051      294                                   
1892 117   0 -746  9113           Cuzco            26      10056      267                                   
1892 117 600-1146  9431           Cuzco            26      10058      306                                   
1892 118 200-1345  9590           Cuzco            67      10094      272                                   
1892 118 500-1544  9750           Cuzco            67      10086      283                                   
1892 119 100-1745  9945           Cuzco            67      10125      239                                   
1892 119 500-1946 10140           Cuzco            67      10123      278                                   
1892 1192300-2141 10285           Cuzco            67      10134      200                                   
1892 120 500-2337 10430           Cuzco            67      10131      267                                   
1892 1202300-2533 10620           Cuzco            93      10133      200                                   
1892 121 500-2730 10810           Cuzco            67      10132      217                                   
1892 122 100-2932 10983           Cuzco            67      10117      194                                   
1892 122 500-3135 11156           Cuzco            46      10107      222                                   
1892 123   0-3342 11394           Cuzco            26      10114      189                                   
1892 123 400-3550 11632           Cuzco            26      10112      256                                   
1892 1232200-3565 11835           Cuzco            26      10155      178                                   
1892 124 400-3580 12039           Cuzco            26      10168      222                                   
1892 1242200-3552 12375           Cuzco            67      10201      167                                   
1892 125 400-3524 12712           Cuzco            67      10207      211                                   
1892 1252300-3531 13031           Cuzco            93      10188      161                                   
1892 126 300-3539 13350           Cuzco            67      10174      206                                   
1892 1262300-3449 13829           Cuzco            46      10136      167                                   
1892 127 300-3449 13829           Cuzco            46      10129      228                                   
1892 1272100-3634 13999           Cuzco            67      10117      144                                   
1892 128 300-3820 14170           Cuzco            67      10124      194                                   
1892 1282000-3750 14455           Cuzco            26      10137      156                                   
1892 129 200-3748 14457           Cuzco            46      10144      233                                   
1892 1292200-3748 14457           Cuzco            26      10156      206                                   
1892 130 200-3748 14457           Cuzco            26      10149      267                                   
1892 1302200-3857 14642           Cuzco            46      10169      194                                   
1892 131 200-3739 14910           Cuzco            46      10147      217                                   
1892 2 1 200-3352 15112           Cuzco            26      10132      289                                   
1891 826 100  537  7993           Cuzco            67      10091       72                                   
1891 826 700  345  8148           Cuzco            67      10066      261                                   
1891 827   0  152  8303           Cuzco            46      10086       78                                   
1891 827 600  -40  8458           Cuzco             0      10059      267                                   
1891 828   0 -220  8644           Cuzco             0                                                       
1891 828 600 -400  8830           Cuzco            26      10070      278                                   
1891 829 200 -576  9005           Cuzco                                                                     
1891 829 600 -753  9180           Cuzco                    10088      278                                   
1891 830 200 -948  9325           Cuzco                                                                     
1891 830 600-1144  9470           Cuzco                    10097      289                                   
1891 831 200-1332  9615           Cuzco                                                                     
1891 831 500-1520  9760           Cuzco            67      10104      278                                   
1891 8312300-1750  9890           Cuzco            67                                                       
1891 9 1 500-1980 10021           Cuzco            67      10139      267                                   
1891 9 12300-2210 10151           Cuzco            67      10148      217                                   
1891 9 3 500-2440 10282           Cuzco            67                                                       
1893 111 900 1218  4557           Cuzco            67      10135      267                                   
189411 1 300-3523 13242           Cuzco            67      10101      156                                   
189411 11100-3523 13242           Cuzco            67      10116      144                                   
189411 11900-3523 13242           Cuzco            26      10119      111                                   
189411 2 400-3517 12640           Cuzco            67      10077      156                                   
189411 21200-3517 12640           Cuzco            67       9992      144                                   
189411 22000-3517 12640           Cuzco            67       9976      156                                   
189411 3 400-3514 12050           Cuzco           123      10013      117                                   
189411 31200-3514 12050           Cuzco           190      10060      100                                   
189411 32000-3514 12050           Cuzco           123      10086      106                                   
189411 4 400-3510 11753           Cuzco            93      10131      156                                   
189411 41200-3510 11753           Cuzco            67      10159      133                                   
189411 42000-3510 11753           Cuzco            26      10150      122                                   
189411 5 400-3243 11340           Cuzco            46      10136      233                                   
189411 51200-3245 11340           Cuzco            67      10126      194                                   
189411 52000-3245 11340           Cuzco            93      10100      167                                   
189411 6 500-2844 10911           Cuzco            93      10086      211                                   
189411 61300-2844 10911           Cuzco            67      10098      183                                   
189411 62100-2844 10911           Cuzco            46      10096      172                                   
189411 7 500-2444 10523           Cuzco            46      10100      233                                   
189411 71300-2844 10523           Cuzco            46      10102      200                                   
189411 72100-2844 10523           Cuzco            26      10095      200                                   
189411 8 500-2056 10152           Cuzco            26      10078      267                                   
189411 81300-1914 10152           Cuzco            26      10082      222                                   
189411 82100-1772 10152           Cuzco            10      10070      206                                   
189411 9 500-1630  9814           Cuzco            10      10076      267                                   
189411 91300-1630  9814           Cuzco            26      10072      211                                   
189411 92100-1630  9814           Cuzco            26      10068      233                                   
18941110 600-1223  9447           Cuzco            26      10073      278                                   
189411101400-1223  9447           Cuzco            26      10068      244                                   
189411102200-1223  9447           Cuzco            10      10059      239                                   
1894 922 600 -838  9154           Cuzco            93      10090      267                                   
1894 9221400 -965  9254           Cuzco            93      10082      256                                   
1894 9222200-1091  9353           Cuzco           154      10072      239                                   
1894 923 600-1218  9453           Cuzco           154      10088      267                                   
1894 9231400-1350  9582           Cuzco            93      10093      239                                   
1894 9232200-1482  9711           Cuzco            93      10080      239                                   
1894 924 500-1614  9840           Cuzco            93      10107      244                                   
1894 9241300-1763  9934           Cuzco            67      10116      233                                   
1894 9242100-1911 10027           Cuzco            67      10117      233                                   
1894 925 500-2060 10121           Cuzco            67      10143      244                                   
1894 9251300-2197 10233           Cuzco            67      10158      217                                   
1894 9252100-2333 10345           Cuzco            26                 206                                   
1894 926 500-2470 10457           Cuzco            46      10169      222                                   
1894 9261300-2584 10587           Cuzco            46      10160      183                                   
1894 9262100-2697 10717           Cuzco            26      10149      172                                   
1894 927 500-2811 10847           Cuzco            26      10155      183                                   
1894 9271300-2941 10971           Cuzco            46      10140      178                                   
1894 9272100-3070 11095           Cuzco            10                 156                                   
1894 928 500-3200 11219           Cuzco            46      10167      211                                   
1894 9281200-3327 11386           Cuzco            46      10148      167                                   
1894 9282000-3453 11552           Cuzco            46      10139      150                                   
1894 929 400-3580 11719           Cuzco            10      10149      178                                   
1894 9291200-3558 11887           Cuzco            46      10141      139                                   
1894 9292000-3537 12055           Cuzco            10      10136      150                                   
1894 930 400-3515 12223           Cuzco            46      10138      178                                   
1894 9301200-3518 12428           Cuzco            46      10131      139                                   
1894 9302000-3521 12634           Cuzco            10      10094      139                                   
189410 1 300-3524 12839           Cuzco            46      10085      172                                   
189410 11100-3527 13044           Cuzco            46      10070      139                                   
189410 11900-3530 13250           Cuzco            67      10032      167                                   
1894 912 900 1242  5022           Cuzco            46      10056      317                                   
1894 9121700 1240  5238           Cuzco            93      10056      233                                   
1894 913   0 1238  5454           Cuzco            93      10053      256                                   
1894 913 800 1236  5670           Cuzco            93      10091      267                                   
1894 9131600 1181  5824           Cuzco            93      10074      244                                   
1894 914   0 1125  5977           Cuzco            67      10071      244                                   
1894 914 800 1070  6131           Cuzco            46      10090      311                                   
1894 9141600 1025  6327           Cuzco            26      10078      261                                   
1894 915   0  981  6524           Cuzco            46      10072      256                                   
1894 915 800  936  6720           Cuzco            46      10081      322                                   
1894 9151500  895  6889           Cuzco            46      10090      244                                   
1894 9152300  853  7058           Cuzco            10      10068      256                                   
1894 916 700  812  7227           Cuzco            26      10083      311                                   
1894 9161500  812  7227           Cuzco            67      10084      261                                   
1894 9162300  762  7489           Cuzco            46      10070      244                                   
1894 917 700  713  7752           Cuzco            46      10061      278                                   
1894 9171500  713  7752           Cuzco            67      10053      267                                   
1894 9172300  622  7849           Cuzco            46      10059      244                                   
1894 918 700  531  7946           Cuzco            67      10059      267                                   
1894 9181500  439  8042           Cuzco            46      10056      261                                   
1894 9182300  348  8139           Cuzco            46      10052      267                                   
1894 919 700  257  8236           Cuzco            67      10068      294                                   
1894 9191500  257  8236           Cuzco            67      10068      272                                   
1894 9192300  257  8236           Cuzco            46      10064      272                                   
1894 920 600  -56  8612           Cuzco            46      10079      283                                   
1894 9201400 -187  8612           Cuzco            10      10073      261                                   
1894 9202200 -319  8612           Cuzco            10      10069      267                                   
1894 921 600 -450  8912           Cuzco            67      10077      278                                   
1894 9211400 -450  8912           Cuzco            93      10084      256                                   
1894 9212200 -450  8912           Cuzco           154      10058      250                                   
1894 8 11700 1601  4269           Cuzco            46       9999      328                                   
1894 8 2 100 1726  4160           Cuzco                     9988      317                                   
1894 8 2 900 1850  4050           Cuzco            26      10035      322                                   
1894 8 21700 1974  3940           Cuzco            26      10028      328                                   
1894 8 3 100 2099  3831           Cuzco            26      10040      300                                   
1894 8 31000 2223  3721           Cuzco            46      10056      306                                   
1894 8 31800 2363  3625           Cuzco            67      10039      294                                   
1894 8 4 200 2504  3528           Cuzco            67      10036      300                                   
1894 8 41000 2644  3432           Cuzco            67      10056      283                                   
1894 8 41800 2784  3336           Cuzco            67      10035      278                                   
1894 8 5 200 2925  3239           Cuzco            67      10071      244                                   
1894 8 51000 3065  3143           Cuzco            46      10074      300                                   
1894 8 51800 3205  3047           Cuzco            46      10066      272                                   
1894 7221500-1448  7803           Cuzco            67      10139      228                                   
1894 7222300-1348  7669           Cuzco            46      10132      228                                   
1894 723 700-1247  7534           Cuzco            67      10136      278                                   
1894 7231500-1146  7399           Cuzco            46      10132      239                                   
1894 7232300-1046  7265           Cuzco            46      10120      233                                   
1894 724 700 -945  7130           Cuzco            67      10126      272                                   
1894 7241500 -843  6969           Cuzco            46      10127      244                                   
1894 7242300 -742  6807           Cuzco            46      10107      244                                   
1894 725 800 -640  6646           Cuzco            46      10101      300                                   
1894 7251600 -600  6512           Cuzco            46      10090      261                                   
1894 726   0 -560  6379           Cuzco            46      10083      244                                   
1894 726 800 -520  6245           Cuzco            46      10071      317                                   
1894 7261600 -354  6105           Cuzco            26      10071      272                                   
1894 727   0 -188  5964           Cuzco            26      10066      261                                   
1894 727 800  -22  5824           Cuzco                    10090      278                                   
1894 7271600  129  5720           Cuzco            26      10086      261                                   
1894 728   0  279  5616           Cuzco            46      10067      256                                   
1894 728 800  430  5512           Cuzco            67      10092      267                                   
1894 7281600  563  5427           Cuzco            67      10090      244                                   
1894 729   0  695  5341           Cuzco            67      10070      222                                   
1894 729 800  828  5256           Cuzco            67      10075      278                                   
1894 7291700  956  5171           Cuzco            93      10038      239                                   
1894 730 100 1084  5085           Cuzco            67      10025      233                                   
1894 730 900 1212  5000           Cuzco            67      10016      317                                   
1894 7301700 1223  4816           Cuzco            26       9988      300                                   
1894 731 100 1233  4633           Cuzco            46       9985      300                                   
1894 731 900 1244  4449           Cuzco            46      10008      300                                   
1894 7311700 1281  4383           Cuzco                     9966      294                                   
1894 8 1 100 1317  4317           Cuzco            67       9990      289                                   
1894 8 1 900 1354  4251           Cuzco            46      10013      317                                   
1894 617 200-3739 14948           Cuzco            26      10134      133                                   
1894 6 22200-1210  9440           Cuzco            67      10046      256                                   
1894 6 3 600-1338  9543           Cuzco            93      10071      267                                   
1894 6 31400-1466  9646           Cuzco            93      10078      250                                   
1894 6 32100-1594  9750           Cuzco            67      10070      244                                   
1894 6 4 500-1722  9853           Cuzco            67      10084      244                                   
1894 6 41300-1852  9974           Cuzco            67      10088      222                                   
1894 6 42100-1981 10095           Cuzco            46      10095      206                                   
1894 6 5 500-2111 10216           Cuzco            67      10104      217                                   
1894 6 51300-2220 10325           Cuzco            67      10104      200                                   
1894 6 52100-2328 10434           Cuzco            67      10111      183                                   
1894 6 6 500-2437 10543           Cuzco            67      10138      189                                   
1894 6 61300-2577 10668           Cuzco            46      10140      161                                   
1894 6 62100-2718 10794           Cuzco            26      10134      161                                   
1894 6 7 500-2858 10919           Cuzco            46      10130      194                                   
1894 6 71300-2098 10231           Cuzco            46      10121      172                                   
1894 6 72200-1338  9543           Cuzco            67      10046      256                                   
1894 6 8 400-3248 11320           Cuzco            67      10142      178                                   
1894 6 81200-3332 11487           Cuzco            67      10150      156                                   
1894 6 82000-3417 11653           Cuzco            46      10150      161                                   
1894 6 9 400-3501 11820           Cuzco            67      10166      172                                   
1894 6 91200-3507 11987           Cuzco            67      10182      156                                   
1894 6 92000-3512 12153           Cuzco            26      10178      139                                   
1894 610 400-3518 12320           Cuzco            67      10188      178                                   
1894 6101200-3523 12518           Cuzco            67      10185      156                                   
1894 6102000-3529 12716           Cuzco            46      10181      144                                   
1894 611 300-3534 12914           Cuzco            67      10180      167                                   
1894 6111100-3537 13119           Cuzco            46      10164      144                                   
1894 6111900-3541 13324           Cuzco            67      10125      156                                   
1894 612 300-3544 13529           Cuzco            67      10104      161                                   
1894 6121100-3547 13734           Cuzco            67      10095      156                                   
1894 524   0 1227  5441           Cuzco            46      10032      256                                   
1894 524 800 1227  5620           Cuzco            46      10051      289                                   
1894 5241600 1227  5799           Cuzco            46      10044      267                                   
1894 525   0 1227  5979           Cuzco            26      10035      261                                   
1894 525 800 1121  6158           Cuzco            26      10051      283                                   
1894 5251600 1085  6349           Cuzco            46      10037      283                                   
1894 526   0 1050  6539           Cuzco             0      10028      278                                   
1894 526 800 1014  6730           Cuzco            46      10050      289                                   
1894 5261500  983  6902           Cuzco            46      10031      278                                   
1894 5262300  951  7074           Cuzco            26      10019      272                                   
1894 527 700  920  7246           Cuzco            26      10032      317                                   
1894 5271500  861  7434           Cuzco            26      10018      294                                   
1894 5272300  802  7622           Cuzco            26      10010      283                                   
1894 528 700  743  7810           Cuzco            67      10013      306                                   
1894 5281500  658  7857           Cuzco            46      10018      294                                   
1894 5282300  574  7904           Cuzco            26      10034      294                                   
1894 529 700  489  7951           Cuzco            46      10045      289                                   
1894 5291500  405  8077           Cuzco            67      10025      267                                   
1894 5292300  320  8204           Cuzco            67      10024      272                                   
1894 530 600  236  8330           Cuzco            67      10043      300                                   
1894 5301400  117  8437           Cuzco            67      10048      267                                   
1894 5302200   -1  8543           Cuzco            67      10031      272                                   
1894 531 600 -120  8650           Cuzco            46      10036      300                                   
1894 5311400 -259  8738           Cuzco            46      10032      267                                   
1894 5312200 -398  8825           Cuzco            26      10034      256                                   
1894 6 1 600 -537  8913           Cuzco            26      10045      272                                   
1894 6 11400 -671  9020           Cuzco            26      10049      267                                   
1894 6 12200 -806  9127           Cuzco            46      10039      267                                   
1894 6 2 600 -940  9234           Cuzco            46      10053      289                                   
1894 6 21400-1074  9341           Cuzco            46                                                       
1894 3242000 1023  6135           Cuzco            67      10034      261                                   
1894 325   0 1023  6135           Cuzco            26      10017      261                                   
1894 325 400 1023  6135           Cuzco            26      10034      283                                   
1894 325 800 1023  6135           Cuzco            46      10033      289                                   
1894 3251200 1023  6135           Cuzco            67      10010      267                                   
1894 3251600 1023  6135           Cuzco            67      10034      261                                   
1894 3252000 1047  6006           Cuzco            26      10032      256                                   
1894 326   0 1071  5877           Cuzco            46      10022      256                                   
1894 326 400 1095  5749           Cuzco            46      10044      267                                   
1894 326 800 1119  5620           Cuzco            46      10040      267                                   
1894 3261200 1119  5620           Cuzco            46      10018      261                                   
1894 3261600 1119  5620           Cuzco            46      10035      256                                   
1894 327   0 1119  5620           Cuzco            26      10033      250                                   
1894 327 400 1119  5620           Cuzco            26      10040      267                                   
1894 327 800 1119  5620           Cuzco            46      10015      278                                   
1894 320 600  258  8350           Cuzco            26      10005      289                                   
1894 322 700  716  7747           Cuzco            10      10029      289                                   
1894 3221100  734  7658           Cuzco            26      10007      278                                   
1894 3221500  753  7569           Cuzco            26      10025      272                                   
1894 3221900  771  7479           Cuzco                                                                     
1894 3222300  790  7390           Cuzco             0      10016      267                                   
1894 323 300  809  7301           Cuzco            10      10033      283                                   
1894 323 700  827  7212           Cuzco            26      10018      294                                   
1894 3231100  842  7123           Cuzco            26       9991      294                                   
1894 3231500  857  7034           Cuzco            26      10014      278                                   
1894 3231900  872  6944           Cuzco                                                                     
1894 3232300  887  6855           Cuzco            26      10004      261                                   
1894 324 300  902  6766           Cuzco            26      10022      294                                   
1894 324 800  917  6677           Cuzco            26      10024      300                                   
1894 3241200  932  6588           Cuzco            26       9996      306                                   
1894 3241600  947  6499           Cuzco            46      10021      278                                   
1894 315 500-1733  9951           Cuzco                    10038      278                                   
1894 317 600 -936  9255           Cuzco            46       9980      239                                   
1894 3171000 -868  9201           Cuzco                     9952      267                                   
1894 3171400 -799  9147           Cuzco            26       9977      256                                   
1894 3171800 -731  9092           Cuzco            46       9986      261                                   
1894 3172200 -663  9038           Cuzco            26       9959      261                                   
1894 318 200 -594  8984           Cuzco            67       9980      278                                   
1894 318 600 -526  8930           Cuzco            67       9977      294                                   
1894 3181000 -459  8879           Cuzco                               294                                   
1894 3181400 -392  8828           Cuzco            46      10003      261                                   
1894 3181800 -325  8776           Cuzco            26       9991      267                                   
1894 3182200 -258  8725           Cuzco            46       9973      256                                   
1894 319 200 -191  8674           Cuzco            46                 283                                   
1894 319 600 -124  8623           Cuzco            46       9994      289                                   
1894 3191000  -57  8572           Cuzco            46       9978      283                                   
1894 3191400   10  8521           Cuzco            46      10009      283                                   
1894 3191800   77  8469           Cuzco            26      10017      272                                   
1894 3 81600-3514 12000           Cuzco            26      10144      183                                   
1894 3 91600-3514 12000           Cuzco            46      10054      172                                   
1894 3 92000-3514 12000           Cuzco            26      10131      178                                   
1894 310   0-3514 12000           Cuzco            46      10123      189                                   
1894 310 400-3514 12000           Cuzco            67      10102      233                                   
1894 310 800-3514 12000           Cuzco            67      10064      256                                   
1894 3101200-3514 12000           Cuzco            10      10067      200                                   
1894 3101600-3514 12000           Cuzco            93      10134      183                                   
1894 3102000-3514 12000           Cuzco            46      10054      194                                   
1894 311   0-3514 12000           Cuzco            67      10088      194                                   
1894 311 400-3388 12000           Cuzco            67      10105      206                                   
1894 311 800-3262 12000           Cuzco            93      10111      206                                   
1894 3111200-3136 12000           Cuzco            93      10126      189                                   
1894 3111700-3010 11049           Cuzco            93      10126      206                                   
1894 3112000-3010 12000           Cuzco            93      10124      194                                   
1894 312   0-3010 12000           Cuzco            93      10131      233                                   
1894 312 500-3010 11049           Cuzco            93      10107      278                                   
1894 312 900-3010 11049           Cuzco            93      10109      244                                   
1894 3121300-3010 11049           Cuzco            93      10118      233                                   
1894 3121700-2554 10659           Cuzco            46      10103      222                                   
1894 3122100-3010 11049           Cuzco            67      10120      200                                   
1894 313 100-3010 11049           Cuzco            67      10123      222                                   
1894 313 500-2554 10659           Cuzco            67      10105      267                                   
1894 313 900-2554 10659           Cuzco            67      10093      261                                   
1894 3131300-2554 10659           Cuzco            67      10103      222                                   
1894 3131700-2141 10323           Cuzco            46      10060      239                                   
1894 3132100-2554 10659           Cuzco            46      10102      206                                   
1894 314 100-2554 10659           Cuzco            46      10096      239                                   
1894 314 500-2141 10323           Cuzco            46      10081      278                                   
1894 314 900-2141 10323           Cuzco            26      10061      294                                   
1894 3141300-2141 10323           Cuzco            46      10067      239                                   
1894 3 4 300-3737 14020           Cuzco            46                 183                                   
1894 2 11700-3030 11051           Cuzco            67      10046      200                                   
1894 2 12100-3030 11051           Cuzco            67      10042      206                                   
1894 2 2 100-3030 11051           Cuzco            67      10042      222                                   
1894 2 2 500-3030 11051           Cuzco            26      10040      239                                   
1894 2 2 900-3030 11051           Cuzco            46      10035      222                                   
1894 2 21300-3030 11051           Cuzco            46      10047      217                                   
1894 2 21700-3030 11051           Cuzco            46      10044      189                                   
1894 2 22100-3030 11051           Cuzco            46      10044      189                                   
1894 2 3 100-3030 11051           Cuzco            67      10052      206                                   
1894 2 3 400-3422 11454           Cuzco            46      10052      206                                   
1894 2 3 800-3422 11454           Cuzco            46      10043      217                                   
1894 2 31200-3422 11454           Cuzco            46      10051      189                                   
1894 2 31600-3530 11576           Cuzco            93      10137      144                                   
1894 2 32000-3422 11697           Cuzco            93      10076      161                                   
1894 2 4   0-3422 11819           Cuzco            93      10100      178                                   
1894 2 4 400-3530 11941           Cuzco            93      10105      217                                   
1894 2 4 800-3530 12147           Cuzco            93      10109      211                                   
1894 2 41200-3530 12353           Cuzco            93      10131      178                                   
1894 2 41600-3518 12559           Cuzco            46      10194      144                                   
1894 2 42000-3530 12559           Cuzco           123      10143      150                                   
1894 2 5   0-3530 12559           Cuzco            93      10164      161                                   
1894 2 5 400-3518 12559           Cuzco            67      10184      167                                   
1894 2 5 800-3518 12559           Cuzco            67      10188      161                                   
1894 2 51200-3518 12559           Cuzco            67      10197      144                                   
1894 2 51500-3522 13228           Cuzco            46      10194      144                                   
1894 2 52000-3518 12559           Cuzco            46      10195      139                                   
1894 2 6   0-3518 12559           Cuzco            46      10209      156                                   
1894 2 6 300-3522 13228           Cuzco            46      10207      167                                   
1894 2 6 700-3522 13228           Cuzco            46      10203      150                                   
1894 2 61100-3522 13228           Cuzco            67      10203      150                                   
1894 2 61500-3522 13228           Cuzco            46      10196      156                                   
1894 1221900 1350  7631           Cuzco            26      10052      261                                   
1894 1222300 1251  7677           Cuzco            67      10052      261                                   
1894 123 300 1152  7722           Cuzco            67      10068      261                                   
1894 123 700 1053  7768           Cuzco            26      10064      283                                   
1894 1231100  954  7813           Cuzco             0      10059      272                                   
1894 1231500  855  7859           Cuzco             0      10053      267                                   
1894 1231900  756  7904           Cuzco            67      10043      267                                   
1894 1232300  657  7950           Cuzco            26      10032      267                                   
1894 124 300  558  7995           Cuzco            10      10052      267                                   
1894 124 700  459  8041           Cuzco            67      10044      272                                   
1894 1241100  459  8041           Cuzco            67      10019      267                                   
1894 1241500  459  8041           Cuzco            67      10042      267                                   
1894 1241900  358  8119           Cuzco                    10047      256                                   
1894 1242300  257  8196           Cuzco            67      10025      267                                   
1894 125 200  156  8274           Cuzco            46      10039      283                                   
1894 125 600   55  8352           Cuzco            46      10036      283                                   
1894 1251000  -40  8423           Cuzco            26      10023      278                                   
1894 1251400 -135  8495           Cuzco            10      10047      256                                   
1894 1251800 -229  8566           Cuzco            67      10050      256                                   
1894 1252200 -324  8637           Cuzco            26      10024      256                                   
1894 126 200 -419  8709           Cuzco            46      10061      256                                   
1894 126 600 -514  8780           Cuzco            46      10056      267                                   
1894 1261000 -547  8822           Cuzco            67      10038      250                                   
1894 1261400 -580  8865           Cuzco            67      10063      244                                   
1894 1261800 -612  8907           Cuzco             0                 272                                   
1894 1262200 -645  8950           Cuzco            67      10028      272                                   
1894 127 200 -678  8992           Cuzco            67      10042      289                                   
1894 127 600 -711  9035           Cuzco            67      10039      289                                   
1894 1271000 -744  9077           Cuzco            46      10023      283                                   
1894 1271400 -777  9120           Cuzco            26      10044      256                                   
1895 127 600-1249  9539           Cuzco            67      10045      283                                   
1895 1271400-1383  9632           Cuzco            93      10040      256                                   
1895 1272200-1516  9725           Cuzco           154      10016      239                                   
1895 128 500-1650  9818           Cuzco           154      10024      256                                   
1895 1281300-1746  9917           Cuzco           123      10043      244                                   
1895 1282100-1842 10015           Cuzco            93      10052      239                                   
1895 129 500-1938 10114           Cuzco            93      10072      261                                   
1895 1291300-2071 10222           Cuzco            67      10078      228                                   
1895 1292100-2205 10329           Cuzco            46      10074      217                                   
1895 130 500-2338 10437           Cuzco            67      10087      228                                   
1895 1301300-2466 10581           Cuzco            67      10083      217                                   
1895 1302100-2594 10726           Cuzco            67      10080      194                                   
1895 131 500-2722 10870           Cuzco            93      10115      194                                   
1895 1311300-2855 10965           Cuzco            93      10123      194                                   
1895 1312100-2989 11060           Cuzco            67      10115      167                                   
1895 2 1 500-3122 11155           Cuzco            67      10129      189                                   
1895 2 11200-3234 11303           Cuzco            93      10117      167                                   
1895 2 12000-3347 11452           Cuzco           154      10103      156                                   
1895 2 2 400-3459 11600           Cuzco            93      10111      156                                   
1895 2 21200-3476 11745           Cuzco            67      10111      156                                   
1895 2 22000-3494 11890           Cuzco            67      10110      161                                   
1895 2 3 400-3511 12035           Cuzco            67      10114      200                                   
1895 2 31200-3516 12277           Cuzco            46      10125      172                                   
1895 2 32000-3522 12518           Cuzco            46      10127      161                                   
1895 2 4 300-3527 12760           Cuzco            67      10153      189                                   
1895 2 41100-3529 12953           Cuzco            46      10160      167                                   
1895 2 41900-3532 13146           Cuzco            46      10168      161                                   
1895 2 5 300-3534 13339           Cuzco            67      10187      189                                   
1895 2 51100-3536 13532           Cuzco            67      10195      161                                   
1895 2 51900-3539 13725           Cuzco            67      10187      167                                   
1895 2 6 300-3541 13918           Cuzco            67      10188      222                                   
18951111 600 -819  9111           Cuzco            46      10072      294                                   
189511111400 -819  9111           Cuzco            26      10062      272                                   
189511112200 -819  9111           Cuzco            26      10051      256                                   
18951112 600 -419  8744           Cuzco            26      10055      289                                   
189511121400 -419  8744           Cuzco            26      10058      250                                   
189511122200 -244  8744           Cuzco             0      10047      256                                   
18951113 600  -70  8438           Cuzco            46      10058      272                                   
189511131400  -70  8438           Cuzco            46      10060      256                                   
189511132200  142  8294           Cuzco            26      10052      267                                   
18951114 700  355  8151           Cuzco            46      10066      283                                   
189511141500  355  8151           Cuzco            46      10062      267                                   
189511142300  355  8151           Cuzco            46      10056      244                                   
18951115 700  655  8000           Cuzco            46      10066      289                                   
189511151500  684  7848           Cuzco            46      10060      283                                   
189511152300  714  7697           Cuzco            26      10054      256                                   
18951116 700  743  7546           Cuzco            67      10058      278                                   
189511161500  743  7546           Cuzco             0      10059      267                                   
189511162300  743  7546           Cuzco            10      10049      267                                   
18951117 700  835  7026           Cuzco            46      10063      306                                   
189511171500  835  7026           Cuzco            26      10062      294                                   
189511172300  835  7026           Cuzco            26      10035      317                                   
18951118 800  929  6512           Cuzco            26      10058      278                                   
189511181600  929  6512           Cuzco            46      10057      261                                   
18951119   0  929  6512           Cuzco            10      10041      261                                   
18951119 800 1021  5950           Cuzco            26      10048      278                                   
189511191600 1021  5950           Cuzco            46      10050      267                                   
18951120   0 1021  5950           Cuzco            26      10038      261                                   
18951120 800 1137  5480           Cuzco            26      10060      289                                   
189511201600 1137  5480           Cuzco             0      10049      278                                   
1895 2231000-3727 14964           Cuzco            46      10218      217                                   
1895 2232200-3790 14946           Cuzco            46      10146      222                                   
1895 224 200-3854 14928           Cuzco            46      10142      194                                   
1895 2241000-3918 14910           Cuzco            67      10106      167                                   
1895 2242200-3981 14892           Cuzco                    10072      150                                   
1895 225 200-4045 14874           Cuzco                    10084      167                                   
1895 2251000-4109 14855           Cuzco            26      10090      172                                   
1895 2252200-4172 14837           Cuzco            26      10109      167                                   
1895 226 200-4236 14819           Cuzco            67      10105      194                                   
1895 2261000-4104 14699           Cuzco            67      10109      178                                   
1895 2262200-3971 14578           Cuzco            10      10118      178                                   
1895 227 200-3839 14458           Cuzco            10      10112      189                                   
1895 2271000-3839 14458           Cuzco            26      10125      172                                   
1895 3 3 300-3758 14020           Cuzco            26      10181      178                                   
1895 3 51100-3525 13244           Cuzco            67      10189      194                                   
1895 3 52300-3525 13244           Cuzco            67      10205      183                                   
1895 3 6 300-3525 13244           Cuzco            67      10214      206                                   
1895 3 61100-3525 13244           Cuzco            93      10238      167                                   
1895 3 62300-3525 13244           Cuzco            46      10266      161                                   
1895 3 7 300-3525 13244           Cuzco            46      10281      167                                   
1895 3 71100-3525 13244           Cuzco            26      10278      167                                   
1895 3 72300-3519 13244           Cuzco            26      10276      161                                   
1895 3 8 400-3513 12622           Cuzco            26      10271      211                                   
1895 3 81200-3513 12622           Cuzco            67      10248      183                                   
1895 3 9   0-3512 12288           Cuzco            67      10207      189                                   
1895 3 9 400-3511 11955           Cuzco            67      10162      233                                   
1895 3 91200-3511 11955           Cuzco            46      10128      194                                   
1895 310   0-3472 11733           Cuzco            26      10135      194                                   
1895 310 400-3434 11512           Cuzco            26      10140      200                                   
1895 3101200-3434 11512           Cuzco            26      10138      194                                   
1895 311   0-3231 11321           Cuzco            46      10141      183                                   
1895 311 500-3029 11130           Cuzco            46      10145      233                                   
1895 3111300-3029 11130           Cuzco            26      10159      189                                   
1895 312 100-3029 10921           Cuzco            26      10170      206                                   
1895 312 500-2620 10713           Cuzco            46      10167      244                                   
1895 3121300-2620 10713           Cuzco            67      10163      228                                   
1895 313 100-2420 10527           Cuzco            26      10154      233                                   
1895 313 500-2220 10342           Cuzco            46      10145      300                                   
1895 3131300-2220 10342           Cuzco            67      10131      222                                   
1895 314 100-2021 10216           Cuzco            67      10115      250                                   
1895 314 500-1823 10090           Cuzco            67      10105      300                                   
1895 3141300-1823 10090           Cuzco            67      10094      244                                   
1895 315 100-1622  9863           Cuzco            46      10079      267                                   
1895 315 600-1422  9637           Cuzco            46      10076      300                                   
1892 831 300 1253  4560           Cuzco            46      10007      289                                   
1892 831 900 1252  4843           Cuzco            46      10005      361                                   
1892 9 1 300 1250  5126           Cuzco            67      10008      239                                   
1892 9 1 800 1249  5409           Cuzco            67      10008      261                                   
1892 9 2 400 1194  5668           Cuzco           123      10042      256                                   
1892 9 2 800 1140  5927           Cuzco            93      10039      272                                   
1892 9 3 400 1075  6189           Cuzco            67      10064      267                                   
1892 9 3 800 1010  6451           Cuzco            46      10056      272                                   
1892 9 4 200  930  6728           Cuzco            26      10067      267                                   
1892 9 4 700  851  7005           Cuzco            26      10070      283                                   
1892 9 5 100  851  7260           Cuzco            26      10073      267                                   
1892 9 5 700  750  7516           Cuzco            26      10079      289                                   
1892 9 6 300  673  7670           Cuzco            26      10084      261                                   
1892 9 6 700  595  7824           Cuzco            26      10085      272                                   
1892 9 7 300  518  7977           Cuzco            67      10077      278                                   
1892 9 7 700  441  8131           Cuzco            67      10074      278                                   
1892 9 8   0  230  8285           Cuzco            67      10065      267                                   
1892 9 8 600   20  8439           Cuzco            67      10067      278                                   
1892 9 9   0 -161  8586           Cuzco            26      10069      244                                   
1892 9 9 600 -342  8733           Cuzco            46      10070      278                                   
1892 910 200 -542  8887           Cuzco            67      10059      267                                   
1892 910 600 -742  9042           Cuzco            67      10058      278                                   
1892 911 200 -938  9187           Cuzco            93      10068      278                                   
1892 911 600-1135  9333           Cuzco            93      10069      278                                   
1892 912   0-1325  9484           Cuzco            93      10097      233                                   
1892 912 600-1515  9636           Cuzco            93      10106      244                                   
1892 9122300-1708  9794           Cuzco            93      10127      206                                   
1892 913 500-1902  9952           Cuzco            93      10141      228                                   
1892 914 100-2095 10110           Cuzco            93      10172      189                                   
1892 914 500-2289 10268           Cuzco            67      10178      183                                   
1895 523 800 1220  5632           Cuzco            26      10060      311                                   
1895 5231600 1220  5632           Cuzco            26      10051      289                                   
1895 524 400 1220  5632           Cuzco            26      10047      289                                   
1895 524 800 1120  6152           Cuzco            26      10045      300                                   
1895 5241600 1085  6339           Cuzco            10      10037      289                                   
1895 525 400 1050  6527           Cuzco            10      10046      294                                   
1895 525 800 1015  6714           Cuzco            10      10048      300                                   
1895 5251500  987  6886           Cuzco            10      10040      289                                   
1895 526 300  958  7057           Cuzco             0      10049      294                                   
1895 526 700  930  7229           Cuzco            26      10054      300                                   
1895 5261500  869  7403           Cuzco            26      10050      283                                   
1895 527 300  808  7577           Cuzco            46      10054      278                                   
1895 527 700  747  7751           Cuzco            46      10061      300                                   
1895 5271500  709  7818           Cuzco            67      10047      278                                   
1895 528 300  671  7884           Cuzco            46      10061      278                                   
1895 528 700  633  7951           Cuzco            46      10056      306                                   
1895 5281500  494  8087           Cuzco            67      10037      278                                   
1895 529 300  354  8224           Cuzco            46      10043      283                                   
1895 529 600  215  8360           Cuzco            46      10041      294                                   
1895 5291400   92  8445           Cuzco            26      10040      278                                   
1895 530 200  -32  8531           Cuzco             0      10039      283                                   
1895 530 600 -155  8616           Cuzco            26      10035      289                                   
1895 5301400 -310  8730           Cuzco            10      10036      261                                   
1895 531 200 -465  8843           Cuzco            10                 278                                   
1895 531 600 -620  8957           Cuzco            26      10042      289                                   
1895 5311400 -777  9051           Cuzco            46      10042      272                                   
1895 6 1 200 -933  9146           Cuzco            67      10050      267                                   
1895 6 1 600-1090  9240           Cuzco            67      10052      278                                   
1895 6 11400-1247  9334           Cuzco            67      10058      267                                   
1895 6 2 200-1403  9429           Cuzco            46      10066      261                                   
1895 6 2 600-1470  9541           Cuzco            46      10075      267                                   
1895 6 21400-1470  9541           Cuzco            67      10070      261                                   
1895 6 3 200-1470  9541           Cuzco            26      10088      250                                   
1895 6 3 500-1814  9914           Cuzco            26      10102      261                                   
1895 6 31300-1814  9914           Cuzco            26      10095      239                                   
1895 6 4 100-1814  9914           Cuzco            26      10102      256                                   
1895 6 4 500-2227 10310           Cuzco            26      10115      217                                   
1895 6 41300-2227 10310           Cuzco            10      10127      206                                   
1895 6 5 100-2227 10310           Cuzco            26      10127      183                                   
1895 6 5 500-2640 10653           Cuzco            26      10139      189                                   
1895 6 51300-2640 10653           Cuzco            46      10131      194                                   
1895 6 6 100-2640 10653           Cuzco            67      10148      178                                   
1895 6 6 500-3045 11056           Cuzco            67      10174      178                                   
1895 6 61300-3045 11056           Cuzco            67      10179      150                                   
1895 6 7 100-3045 11056           Cuzco            10      10181      139                                   
1895 6 7 400-3437 11515           Cuzco            10      10182      150                                   
1895 6 71200-3437 11515           Cuzco            26      10160      139                                   
1895 6 8   0-3437 11515           Cuzco            93      10134      133                                   
1895 6 8 400-3530 12013           Cuzco            93      10151      139                                   
1895 6 81200-3530 12013           Cuzco           123      10174      106                                   
1895 6 9   0-3530 12013           Cuzco            93      10154      122                                   
1895 6 9 400-3523 12643           Cuzco            93      10153      167                                   
1895 6 91200-3523 12643           Cuzco            93      10161      122                                   
1895 610   0-3523 12643           Cuzco            93      10141      139                                   
1895 610 300-3546 13340           Cuzco            93      10135      156                                   
1895 6101100-3546 13340           Cuzco            67      10146      128                                   
1895 6102300-3546 13340           Cuzco            67      10151      139                                   
1895 611 300-3490 13850           Cuzco            46      10164      161                                   
1895 612 300-3816 14110           Cuzco            93      10177      122                                   
1895 6121100-3816 14110           Cuzco            26      10182      133                                   
1895 6122200-3816 14254           Cuzco            26      10233      111                                   
1895 613 200-3816 14398           Cuzco            26      10239      111                                   
1895 6131000-3817 14541           Cuzco            10      10253      111                                   
1895 6132200-3817 14685           Cuzco            10      10253      111                                   
1895 614 200-3817 14829           Cuzco            26      10253      111                                   
1895 6141000-3817 14973           Cuzco            10      10233      111                                   
1895 6142200-3817 15117           Cuzco            26      10197      122                                   
1895 615 200-3817 15260           Cuzco             0      10198      156                                   
18951212 200-3818 15404           Cuzco                                                                     
189510 71700-2000 10100           Cuzco            46      10139      222                                   
189510 8 500-2000 10100           Cuzco            67      10129      244                                   
189510 81700-2400 10500           Cuzco            46      10166      200                                   
189510 9 500-2400 10500           Cuzco            46      10162      222                                   
189510 91700-2800 10900           Cuzco            46      10153      194                                   
18951010   0-2800 10900           Cuzco            46      10169      200                                   
18951010 500-2800 10900           Cuzco            46      10173      217                                   
189510101600-3200 11300           Cuzco           268      10160      150                                   
18951011 400-3200 11300           Cuzco           123      10129      194                                   
189510111600-3200 11300           Cuzco                                                                     
189510112000-3200 11300           Cuzco           190      10168      144                                   
18951012   0-3350 11500           Cuzco            93      10192      128                                   
18951012 400-3500 11650           Cuzco            67      10204      144                                   
18951012 800-3500 11650           Cuzco            46      10223      150                                   
189510121200-3500 11875           Cuzco            46      10230      150                                   
189510121600-3500 12100           Cuzco            46      10238      144                                   
18951013 400-3500 12100           Cuzco            67      10240      111                                   
189510131500-3525 12750           Cuzco            46      10245      161                                   
18951014 300-3525 12750           Cuzco            46      10241      206                                   
189510141500-3550 13400           Cuzco            46      10267      133                                   
18951015 300-3550 13400           Cuzco            46      10580      156                                   
18951015 700-3550 13400           Cuzco            46      10233      156                                   
189510151100-3550 13400           Cuzco            46      10266      139                                   
189510151500-3550 13400           Cuzco             0                 144                                   
189510151900-3550 13400           Cuzco            46      10247      133                                   
189510152300-3550 13400           Cuzco            46      10238      167                                   
18951016 300-3550 13400           Cuzco            46      10224      228                                   
18951016 700-3550 13400           Cuzco            46      10225      183                                   
189510161100-3550 13400           Cuzco            46      10223      156                                   
189510161900-3550 13400           Cuzco            46      10198      144                                   
189510162300-3550 13400           Cuzco            46      10195      200                                   
1895 922 900 2000  3800           Cuzco            26      10057      317                                   
1895 924 900 1200  4500           Cuzco                    10054      311                                   
18951023 200-3759 14950           Cuzco                    10223      189                                   
