1893 8 2 200-2400 15400           Dana            154      10068      222                                   
1895 2 81400 2368  8740           Dana             46      10037      289                                   
1895 210 200 2301  8780           Dana                                                                      
1895 9 21400 2234  8820           Dana             46       9888      289                                   
1895 9 3 200 2167  8860           Dana             46       9910      294                                   
1895 9 31400 2100  8800           Dana             46       9940      294                                   
1895 9 4 200 2033  8830           Dana             46       9986      294                                   
1895 9 41400 1926  8965           Dana             46      10003      289                                   
1895 9 5 200 1820  9100           Dana             46      10020      289                                   
1895 9 51400 1820  9100           Dana             46      10000      289                                   
1895 9 6 200 1600  9330           Dana             26      10015      289                                   
1895 9 61400 1460  9425           Dana             46      10009      283                                   
1895 9 7 200 1320  9520           Dana             67      10042      283                                   
1895 9 71400 1160  9610           Dana             67      10038      283                                   
1895 9 8 200 1000  9700           Dana             46      10037      283                                   
1895 9 81300  825  9770           Dana             46      10029      289                                   
1895 9 9 100  650  9840           Dana             46      10029      289                                   
1895 9 91300  587  9840           Dana             46      10029      289                                   
1895 910 100  525 10021           Dana             26      10050      283                                   
1895 9101300  412 10030           Dana             10      10032      289                                   
1895 911 100  300 10040           Dana             10      10061      294                                   
1895 9111300  300 10040           Dana             10      10047      294                                   
1895 912 100  239 10142           Dana             46      10074      294                                   
1895 9121300  178 10244           Dana             46      10062      289                                   
1895 913 100  117 10346           Dana             46      10058      289                                   
1895 9131300  117 10345           Dana             46      10057      294                                   
1895 914 100  117 10345           Dana             46      10068      289                                   
1895 9141300  117 10372           Dana                     10071      294                                   
1895 915 100  117 10400           Dana             26      10094      278                                   
1895 9151300  117 10427           Dana             26      10090      278                                   
1895 916 100  117 10455           Dana             26      10091      272                                   
1895 9161300  117 10482           Dana             26      10069      283                                   
