189512311800-4650  9600           Dart            154       9947       89                                   
189512312200-4650  9600           Dart            123       9948       83                                   
1896 1 1 200-4650  9600           Dart            123       9909       94                                   
1896 1 1 600-4650  9600           Dart            123       9913      111                                   
1896 1 11000-4650  9600           Dart            123       9914      122                                   
1896 1 11400-4650  9600           Dart            154       9938      100                                   
1896 1 11800-4650  9600           Dart            154       9947       89                                   
1896 1 12200-4650  9600           Dart            123       9953       89                                   
1896 1 2 200-4650  9600           Dart            123       9966       94                                   
1896 1 2 500-4650 10200           Dart            123       9978      106                                   
1896 1 2 900-4650 10200           Dart            123       9991      106                                   
1896 1 21300-4650 10200           Dart             93      10021       89                                   
1896 1 21700-4650 10200           Dart             67      10041       89                                   
1896 1 22100-4650 10200           Dart             46      10050       78                                   
1896 1 3 100-4650 10325           Dart             46      10072       89                                   
1896 1 3 500-4650 10450           Dart             67      10081       94                                   
1896 1 3 900-4642 10508           Dart             67      10088       94                                   
1896 1 31300-4633 10567           Dart             67      10092       89                                   
1896 1 31700-4625 10625           Dart             67      10028       89                                   
1896 1 32100-4617 10683           Dart             93      10078       72                                   
1896 1 4 100-4608 10742           Dart            123      10054       89                                   
1896 1 4 500-4600 10800           Dart            154      10040       94                                   
1896 1 4 900-4592 10883           Dart            123      10036       94                                   
1896 1 41300-4583 10967           Dart            123      10041       89                                   
1896 1 41700-4575 11050           Dart            123       9966       89                                   
1896 1 42100-4567 11133           Dart             93      10005      100                                   
1896 1 5 100-4558 11217           Dart             93       9971      100                                   
1896 1 5 400-4550 11300           Dart            123       9945      111                                   
1896 1 5 800-4542 11383           Dart            154       9947      100                                   
1896 1 51200-4533 11467           Dart            123       9959       89                                   
1896 1 51600-4525 11550           Dart                                                                      
1896 1 52000-4544 11544           Dart            123       9974       83                                   
1896 1 6   0-4540 11643           Dart            123       9990       83                                   
1896 1 6 400-4537 11742           Dart             93       9991      100                                   
1896 1 6 800-4534 11841           Dart            123       9983      111                                   
1896 1 61200-4530 11940           Dart            154       9987      106                                   
1896 1 61600-4527 12038           Dart            123       9987      106                                   
1896 1 62000-4524 12137           Dart            154       9978      117                                   
1896 1 7   0-4520 12236           Dart            226       9984      122                                   
1896 1 7 400-4517 12335           Dart            226       9997      128                                   
1896 1 7 800-4502 12420           Dart            226      10009      133                                   
1896 1 71200-4488 12505           Dart            226      10031      122                                   
1896 1 71600-4473 12590           Dart            226      10041      122                                   
1896 1 72000-4458 12675           Dart            226      10048      122                                   
1896 1 72300-4444 12760           Dart            190      10058      122                                   
1896 1 8 300-4429 12845           Dart            190      10049      133                                   
1896 1 8 700-4413 12927           Dart            190      10040      128                                   
1896 1 81100-4397 13009           Dart            190      10034      122                                   
1896 1 81500-4381 13091           Dart            190      10012      128                                   
1896 1 81900-4366 13173           Dart            154      10011      133                                   
1896 1 82300-4350 13255           Dart             67      10039      128                                   
1896 1 9 300-4334 13337           Dart             67      10048      133                                   
1896 1 9 700-4321 13370           Dart             46      10044      139                                   
1896 1 91100-4308 13403           Dart             26      10046      122                                   
1896 1 91500-4295 13436           Dart             26      10028      111                                   
1896 1 91900-4282 13470           Dart             67       9999      122                                   
1896 1 92300-4269 13503           Dart             93       9972      139                                   
1896 110 300-4256 13536           Dart            123       9944      144                                   
1896 110 700-4243 13569           Dart            123       9927      144                                   
1896 1101100-4230 13602           Dart            154       9917      144                                   
1896 1101500-4217 13635           Dart            154       9914      139                                   
1896 1151800-3742 14988           Dart             67      10094      172                                   
1896 1152200-3738 15004           Dart             67      10083      194                                   
1896 116 200-3733 15020           Dart            123      10054      206                                   
1896 116 600-3728 15036           Dart            123      10031      206                                   
1896 1161400-3724 15052           Dart                                                                      
1896 1161800-3719 15068           Dart             67       9999      211                                   
1896 1162200-3715 15084           Dart             67       9984      222                                   
1896 117 200-3710 15100           Dart             26       9953      244                                   
1896 117 600-3693 15100           Dart             10       9949      228                                   
1896 1171000-3677 15100           Dart             10       9940      222                                   
1896 1171400-3660 15100           Dart                                                                      
1896 1171800-3643 15100           Dart             67       9925      211                                   
1896 1172200-3627 15100           Dart            123       9950      222                                   
1896 118 200-3610 15100           Dart            123       9976      206                                   
1896 118 600-3593 15100           Dart            123      10013      206                                   
1896 1181000-3577 15100           Dart            123      10053      206                                   
1896 1181800-3560 15100           Dart             93      10063      206                                   
1896 1182200-3543 15100           Dart                     10065      211                                   
1899 6241200-2310 15200           Dart             26      10159      217                                   
1899 6251200-2120 15015           Dart              0      10151      217                                   
1899 6261200-1947 14814           Dart             67      10143      200                                   
1899 6271200-1722 14680           Dart             26      10158      200                                   
1899 6281200-1655 14547           Dart             10      10141      161                                   
1899 6291200-1655 14547           Dart             10      10140      189                                   
1899 6301200-1655 14547           Dart              0      10144      206                                   
1899 7 11200-1655 14547           Dart             10                                                       
1899 7 21200-1655 14547           Dart             10      10141      200                                   
1899 7 31200-1655 14547           Dart             26      10167      167                                   
1899 7 4   0-1655 14547           Dart                                                                      
1899 7 41200-1648 14545           Dart             26      10177      144                                   
1899 7 51200-1641 14544           Dart             10      10164      183                                   
1899 7 61200-1634 14542           Dart             26      10131      217                                   
1899 7 71200-1426 14447           Dart              0                                                       
1899 7 81200-1356 14344           Dart              0      10111      250                                   
1899 7 91200-1374 14368           Dart              0      10106      239                                   
1899 7101200-1392 14391           Dart              0      10128      233                                   
1899 7111200-1410 14415           Dart             26      10126      244                                   
1899 7121200-1401 14403           Dart             46      10127      239                                   
1899 7131200-1392 14391           Dart             26      10138      233                                   
1899 7141200-1383 14379           Dart             67                 244                                   
1899 7151200-1374 14368           Dart             26      10132      244                                   
1899 7161200-1365 14356           Dart             10      10125      250                                   
1899 7171200-1356 14344           Dart             10      10121      250                                   
1899 7181200-1405 14400           Dart             46      10143      244                                   
1899 7191200-1413 14345           Dart             67      10159      244                                   
1899 7201200-1450 14420           Dart             93      10168      233                                   
1899 7211200-1410 14415           Dart             46      10155      233                                   
1899 7211600-1410 14415           Dart                                                                      
1899 7211800-1410 14415           Dart                                                                      
1899 7212000-1410 14415           Dart                                                                      
1899 7212200-1410 14415           Dart                                233                                   
1899 722   0-1410 14415           Dart                                239                                   
1899 722 200-1410 14415           Dart             46                                                       
1899 722 400-1410 14415           Dart             46                                                       
1899 722 600-1410 14415           Dart             46      10149      244                                   
1899 722 800-1412 14415           Dart                                                                      
1899 7221000-1414 14415           Dart             26                                                       
1899 7221200-1415 14415           Dart             26                                                       
1899 7221200-1410 14415           Dart             26      10159      228                                   
1899 7221400-1417 14415           Dart                                                                      
1899 7221600-1419 14415           Dart             26                                                       
1899 7221800-1421 14415           Dart             26                                                       
1899 7222000-1423 14415           Dart             10                                                       
1899 7222200-1425 14415           Dart             26                                                       
1899 723   0-1426 14415           Dart             26                                                       
1899 723 200-1428 14415           Dart             46                                                       
1899 723 400-1430 14416           Dart             26                                                       
1899 723 600-1432 14418           Dart             26                                                       
1899 723 800-1434 14419           Dart             10                                                       
1899 7231000-1435 14420           Dart                                                                      
1899 7231200-1437 14422           Dart                                                                      
1899 7231200-1410 14415           Dart            123                                                       
1899 7231400-1439 14423           Dart                                                                      
1899 7231600-1441 14424           Dart                                                                      
1899 7231800-1443 14426           Dart             26                                                       
1899 7232000-1445 14427           Dart             26                                                       
1899 7232200-1446 14428           Dart                                239                                   
1899 724   0-1448 14430           Dart                                                                      
1899 724 200-1450 14431           Dart                                250                                   
1899 724 400-1450 14431           Dart                                                                      
1899 724 600-1450 14431           Dart                                244                                   
1899 724 800-1450 14431           Dart                                239                                   
1899 7241000-1450 14431           Dart                                                                      
1899 7241200-1450 14431           Dart            123      10168      233                                   
1899 7241400-1450 14431           Dart            123                 222                                   
1899 7241800-1450 14431           Dart            123                                                       
1899 7242000-1450 14431           Dart            123                                                       
1899 7242200-1450 14431           Dart            123                 228                                   
1899 725   0-1450 14431           Dart            123                                                       
1899 725 200-1450 14431           Dart            123                                                       
1899 725 400-1450 14431           Dart            123                                                       
1899 725 600-1450 14431           Dart            123                                                       
1899 725 800-1450 14431           Dart            123                                                       
1899 7251000-1450 14431           Dart            123                                                       
1899 7251200-1450 14431           Dart            123                                                       
1899 7251200-1450 14431           Dart            123      10173      228                                   
1899 7251600-1570 14479           Dart            123      10164      222                                   
1899 7251800-1550 14471           Dart            123                                                       
1899 7252000-1530 14463           Dart                                                                      
1899 7252200-1510 14455           Dart            123                                                       
1899 726   0-1490 14447           Dart            123                 228                                   
1899 726 200-1470 14439           Dart            123                                                       
1899 7261200-1450 14431           Dart             67      10161      233                                   
1899 727 400-1450 14431           Dart             93      10125      250                                   
1899 7271200-1430 14423           Dart             67                 244                                   
1899 7271200-1450 14431           Dart             93      10143      244                                   
1899 7281200-1410 14415           Dart             46                                                       
1899 7281200-1410 14415           Dart             93      10153      244                                   
1899 7291200-1410 14415           Dart                     10177      222                                   
1899 7291200-1410 14415           Dart            123      10174      239                                   
1899 7301200-1410 14415           Dart             93      10159      244                                   
1899 7311200-1407 14407           Dart             46      10126      244                                   
1899 8 11200-1405 14400           Dart             67      10133      244                                   
1899 8 21200-1410 14415           Dart            190      10142      228                                   
1899 8 31200-1450 14431           Dart            190      10141      233                                   
1899 8 41200-1410 14415           Dart            123      10150      239                                   
1899 8 51200-1410 14415           Dart            123      10134      233                                   
1899 8 61200-1410 14415           Dart             67      10124      233                                   
1899 8 71200-1415 14415           Dart             10      10134      239                                   
1899 8 9 600 1421 14451           Dart                                250                                   
1899 8101400 1450 14431           Dart             26      10336      217                                   
1899 8101600 1450 14431           Dart             46                                                       
1899 8101800 1450 14431           Dart             46      10331      228                                   
1899 8102000 1450 14431           Dart             46                                                       
1899 8102200 1450 14431           Dart             46      10340      233                                   
1899 811   0 1450 14431           Dart             67                 233                                   
1899 811 200 1450 14431           Dart             67      10343      233                                   
1899 811 400 1450 14431           Dart             67                 239                                   
1899 811 600 1450 14431           Dart             93      10330      233                                   
1899 8111000 1450 14431           Dart             26      10330      233                                   
1899 8111200 1450 14431           Dart             46                                                       
1899 8111400 1443 14415           Dart                     10140      222                                   
1899 8111800 1437 14431           Dart             46      10333      211                                   
1899 8112000 1430 14431           Dart             46                                                       
1899 8112200 1423 14431           Dart             46      10353      217                                   
1899 812   0 1417 14423           Dart             26                                                       
1899 812 200 1410 14415           Dart             26      10356      233                                   
1899 812 400 1410 14415           Dart             46                                                       
1899 812 600 1410 14415           Dart             46      10329      239                                   
1899 8121400 1410 14415           Dart             26                 228                                   
1899 8122200 1410 14415           Dart             26                                                       
1899 813 200 1410 14415           Dart             26                                                       
1899 813 600 1410 14415           Dart             46                                                       
1899 8131000 1410 14415           Dart             67                                                       
1899 8131400 1410 14400           Dart             46                 239                                   
1899 8131800 1410 14400           Dart             10                 222                                   
1899 8132200 1410 14400           Dart             10                 217                                   
1899 814 200 1410 14400           Dart              0                 233                                   
1899 814 600 1410 14400           Dart                                                                      
1899 8141000 1410 14400           Dart             10                 250                                   
1899 8172200-1390 14407           Dart                                                                      
1899 8181600-1393 14408           Dart             46      10127      239                                   
1899 8181800-1397 14410           Dart             46      10127      239                                   
1899 8182000-1400 14411           Dart             46      10134      233                                   
1899 8182200-1403 14412           Dart             26      10139      244                                   
1899 819   0-1407 14414           Dart             46      10142      250                                   
1899 819 200-1410 14415           Dart             46      10133      244                                   
1899 819 400-1413 14416           Dart             26      10125      250                                   
1899 819 600-1417 14418           Dart             67      10125      250                                   
1899 819 800-1420 14419           Dart             67      10117      256                                   
1899 8191000-1423 14420           Dart             67      10115      250                                   
1899 8191200-1427 14422           Dart             67                 250                                   
1899 8191400-1430 14423           Dart             67                                                       
1899 8191600-1433 14424           Dart             46      10123      239                                   
1899 8191800-1437 14426           Dart             67      10121      233                                   
1899 8192000-1440 14427           Dart             67      10121      233                                   
1899 8192200-1443 14428           Dart             67      10139      244                                   
1899 820   0-1447 14430           Dart             67      10139      244                                   
1899 820 200-1450 14431           Dart             67      10131      256                                   
1899 820 400-1458 14456           Dart             26      10121      278                                   
1899 820 600-1467 14480           Dart             26      10122      272                                   
1899 820 800-1475 14505           Dart             46      10125      250                                   
1899 8201000-1483 14530           Dart             26                                                       
1899 8201200-1492 14554           Dart             26      10133      244                                   
1899 8201400-1500 14579           Dart             26                                                       
1899 8201600-1508 14604           Dart             26      10127      239                                   
1899 8201800-1517 14628           Dart             26      10127      239                                   
1899 8202000-1525 14653           Dart             26      10132      233                                   
1899 8202200-1533 14678           Dart             10      10135      233                                   
1899 821   0-1542 14702           Dart             10                 250                                   
1899 821 200-1550 14727           Dart             10      10143      267                                   
1899 821 400-1559 14712           Dart             10      10131      278                                   
1899 821 600-1567 14697           Dart             10                 278                                   
1899 821 800-1576 14682           Dart             26                                                       
1899 8211000-1585 14667           Dart             10      10132      250                                   
1899 8211200-1594 14652           Dart             10      10127      244                                   
1899 8211400-1602 14637           Dart             10                                                       
1899 8211600-1611 14622           Dart             10      10138      239                                   
1899 8211800-1620 14607           Dart             26      10135      233                                   
1899 8212000-1629 14592           Dart             26      10135      233                                   
1899 8212200-1637 14577           Dart             10      10135      239                                   
1899 822   0-1646 14562           Dart             10      10142      256                                   
1899 822 200-1655 14547           Dart             10      10137      267                                   
1899 822 400-1655 14532           Dart             10                                                       
1899 822 600-1655 14517           Dart             10      10122      278                                   
1899 822 800-1655 14502           Dart             10      10124      244                                   
1899 8221000-1655 14487           Dart             10                 244                                   
1899 8221200-1655 14472           Dart             10      10132      233                                   
1899 8221400-1655 14547           Dart              0                                                       
1899 8221600-1655 14547           Dart             10      10129      233                                   
1899 8221800-1655 14547           Dart             10      10129      233                                   
1899 8222000-1655 14547           Dart             10      10128      217                                   
1899 8222200-1655 14547           Dart             10      10132      217                                   
1899 823   0-1655 14547           Dart              0      10136      228                                   
1899 823 200-1655 14547           Dart              0      10134      244                                   
1899 823 400-1655 14547           Dart              0      10118      256                                   
1899 823 600-1655 14547           Dart              0      10108      256                                   
1899 823 800-1655 14547           Dart             26      10107      244                                   
1899 8231000-1655 14547           Dart             46      10125      239                                   
1899 8231200-1655 14547           Dart              0      10125      239                                   
1899 8231400-1655 14547           Dart             10                                                       
1899 8231600-1655 14547           Dart             26      10132      217                                   
1899 8231800-1655 14547           Dart             26      10132      211                                   
1899 8232000-1655 14547           Dart             26      10133      206                                   
1899 8232200-1655 14547           Dart             26      10144      206                                   
1899 824   0-1655 14547           Dart             10      10139      211                                   
1899 824 200-1655 14547           Dart             26      10137      222                                   
1899 824 400-1655 14547           Dart             10      10129      233                                   
1899 824 600-1655 14547           Dart             26      10128      239                                   
1899 824 800-1655 14547           Dart             10      10128      239                                   
1899 8241000-1655 14547           Dart             10      10128      239                                   
1899 8241200-1655 14547           Dart             10      10154      206                                   
1899 8241400-1655 14547           Dart             10      10168      200                                   
1899 8241600-1655 14547           Dart             10      10150      189                                   
1899 8241800-1655 14547           Dart             26      10150      189                                   
1899 8242000-1655 14547           Dart             10      10154      183                                   
1899 8242200-1655 14547           Dart             10      10164      183                                   
1899 825   0-1655 14547           Dart             10      10168      200                                   
1899 825 200-1655 14547           Dart             26      10159      211                                   
1899 825 400-1676 14556           Dart             46      10155      217                                   
1899 825 600-1698 14564           Dart             46      10150      211                                   
1899 825 800-1719 14573           Dart             10      10149      217                                   
1899 8251000-1741 14582           Dart             10      10162      217                                   
1899 8251200-1762 14591           Dart             10      10167      211                                   
1899 8251400-1783 14599           Dart             10                                                       
1899 8251600-1805 14608           Dart             26      10164      211                                   
1899 8251800-1826 14617           Dart             46      10161      206                                   
1899 8252000-1848 14626           Dart             93      10175      206                                   
1899 8252200-1869 14634           Dart             46      10188      211                                   
1899 826   0-1891 14643           Dart              0      10188      211                                   
1899 826 200-1912 14652           Dart             10      10184      211                                   
1899 826 400-1933 14661           Dart             10      10167      217                                   
1899 826 600-1955 14669           Dart             10      10159      222                                   
1899 826 800-1976 14678           Dart             10      10173      222                                   
1899 8261000-1998 14687           Dart              0      10186      222                                   
1899 8261200-2019 14696           Dart             10      10197      200                                   
1899 912 200 1912 14652           Dart             26                                                       
189910171400-1400 14345           Dart                                                                      
189910171600-1400 14345           Dart             46                                                       
189910171800-1400 14345           Dart             26                                                       
189910172000-1400 14345           Dart             26      10134      256                                   
189910172200-1400 14345           Dart             26                                                       
18991018   0-1400 14345           Dart             26      10150      261                                   
18991018 200-1400 14345           Dart             10                                                       
18991018 400-1400 14345           Dart             10                                                       
18991018 600-1400 14345           Dart             46      10115      267                                   
18991018 800-1400 14345           Dart             46                                                       
189910181000-1400 14345           Dart             46                                                       
189910181200-1400 14345           Dart             46                                                       
18991019 200-1400 14345           Dart                                                                      
189910211600-1414 14444           Dart             46      10140      261                                   
189910211800-1413 14438           Dart             46      10137      261                                   
189910212000-1412 14432           Dart             46      10140      261                                   
189910212200-1412 14427           Dart             46                                                       
18991022   0-1411 14421           Dart             46      10154      278                                   
18991022 200-1410 14415           Dart             46      10137      278                                   
18991022 400-1409 14409           Dart                                                                      
18991022 600-1408 14403           Dart                                                                      
18991022 800-1407 14397           Dart                                283                                   
189910221000-1407 14392           Dart             46                                                       
189910221200-1406 14386           Dart             46                                                       
189910221400-1405 14380           Dart                                                                      
189910221600-1404 14374           Dart             46                                                       
189910221800-1403 14368           Dart             46                                                       
189910222000-1402 14362           Dart             46                                                       
189910222200-1402 14357           Dart             46                 261                                   
18991023   0-1401 14351           Dart             46                                                       
18991023 200-1400 14345           Dart             46                 267                                   
18991023 400-1400 14345           Dart             26                                                       
18991023 600-1400 14345           Dart             26                                                       
18991023 800-1400 14345           Dart             26                                                       
189910231000-1400 14345           Dart             26                                                       
189910231200-1400 14345           Dart             46                                                       
189910231400-1400 14345           Dart                                261                                   
189910231600-1400 14345           Dart             67                                                       
189910231800-1400 14345           Dart             67                                                       
189910232000-1400 14345           Dart             26                 261                                   
189910232200-1400 14345           Dart             46                 261                                   
18991024   0-1400 14345           Dart             26                                                       
18991024 200-1400 14345           Dart             46                                                       
18991024 400-1400 14345           Dart             46                                                       
18991024 600-1400 14345           Dart             46                 272                                   
18991024 800-1400 14345           Dart             26                                                       
189910241000-1400 14345           Dart             26                                                       
189910241200-1400 14345           Dart             26                                                       
189910241400-1400 14345           Dart                                                                      
189910241600-1400 14345           Dart             26                                                       
189910241800-1400 14345           Dart             26                                                       
189910242000-1400 14345           Dart             26                 261                                   
189910242200-1400 14345           Dart             26                                                       
18991025   0-1400 14345           Dart             10                 272                                   
18991025 200-1400 14345           Dart             26                 272                                   
18991025 400-1400 14345           Dart             26                 267                                   
18991025 600-1400 14345           Dart             26                 267                                   
18991025 800-1400 14345           Dart             46                                                       
189910251000-1400 14345           Dart                                                                      
189910251200-1400 14345           Dart             46                                                       
189910261400-1418 14426           Dart                                                                      
189910271000-1400 14345           Dart                                267                                   
189911 21400-1420 14421           Dart             67                 250                                   
189911 21600-1421 14425           Dart             67                 250                                   
189911 21800-1422 14430           Dart             67                                                       
189911 22000-1423 14434           Dart             67                                                       
189911 22200-1424 14439           Dart             67                 250                                   
189911 3   0-1425 14443           Dart             67                                                       
189911 3 200-1426 14448           Dart             67                 267                                   
189911 3 400-1427 14453           Dart                                267                                   
189911 3 600-1428 14457           Dart                                267                                   
189911 3 800-1429 14462           Dart                                                                      
189911 31000-1430 14466           Dart             67                                                       
189911 31200-1431 14471           Dart             67                 250                                   
189911 31400-1432 14475           Dart             93                                                       
189911 31600-1433 14480           Dart             67                                                       
189911 31800-1434 14485           Dart             67                                                       
189911 32000-1435 14489           Dart             67                                                       
189911 32200-1436 14494           Dart                                                                      
189911 4   0-1437 14498           Dart             93                                                       
189911 4 200-1438 14503           Dart             46                                                       
189911 4 400-1447 14504           Dart             67                                                       
189911 4 600-1457 14506           Dart             67                                                       
189911 4 800-1466 14507           Dart             67                                                       
189911 41000-1475 14509           Dart             93                                                       
189911 41200-1485 14510           Dart             93                                                       
189911 41400-1494 14511           Dart             26                                                       
189911 41600-1503 14513           Dart             93                                                       
189911 41800-1513 14514           Dart             93                                                       
189911 42000-1522 14516           Dart             46                 250                                   
189911 42200-1531 14517           Dart             46                                                       
189911 5   0-1541 14519           Dart             46                                                       
189911 5 200-1550 14520           Dart             46                                                       
189911 5 400-1559 14523           Dart             46                                                       
189911 5 600-1569 14525           Dart             46                                                       
189911 5 800-1578 14528           Dart             46                 267                                   
189911 51000-1587 14531           Dart             26                                                       
189911 51200-1597 14533           Dart             46                                                       
189911 51600-1606 14536           Dart             26                                                       
189911 51800-1615 14539           Dart             26                 250                                   
189911 52000-1625 14542           Dart             26                 239                                   
189911 52200-1634 14544           Dart             26                 250                                   
189911 6 200-1643 14547           Dart             26                 267                                   
189911 6 400-1653 14550           Dart             26                                                       
189911 6 600-1662 14552           Dart             26                                                       
189911 6 800-1671 14555           Dart             10                                                       
189911 61000-1681 14558           Dart             10                                                       
189911 61200-1690 14560           Dart              0                 250                                   
189911 61400-1655 14547           Dart              0      10117      267                                   
189911 61600-1655 14547           Dart              0      10137      222                                   
189911 61800-1655 14547           Dart              0      10136      228                                   
189911 62000-1655 14547           Dart              0      10138      217                                   
189911 62200-1655 14547           Dart              0      10144      244                                   
189911 7   0-1655 14547           Dart              0      10145      256                                   
189911 7 200-1655 14547           Dart             10      10137      267                                   
189911 7 400-1655 14547           Dart             10      10133      267                                   
189911 7 600-1655 14547           Dart             10      10107      267                                   
189911 7 800-1655 14547           Dart             10      10110      267                                   
189911 71000-1655 14547           Dart             10                                                       
189911 71200-1655 14547           Dart                                                                      
189911 71400-1655 14547           Dart             26                                                       
189911 71600-1655 14547           Dart              0      10118      261                                   
189911 71800-1655 14547           Dart              0      10118      261                                   
189911 72000-1655 14547           Dart             10                                                       
189911 72200-1655 14547           Dart             10      10118      261                                   
189911 8   0-1655 14547           Dart             10      10118      261                                   
189911 8 200-1655 14547           Dart             10      10116      272                                   
189911 8 400-1655 14547           Dart             46      10091      278                                   
189911 8 600-1655 14547           Dart             26      10082      272                                   
189911 8 800-1655 14547           Dart             26                                                       
189911 81000-1655 14547           Dart             10      10090      267                                   
189911 81200-1655 14547           Dart             26                                                       
189911 81400-1655 14547           Dart              0      10101      261                                   
189911 81600-1655 14547           Dart             10      10087      261                                   
189911 81800-1655 14547           Dart             10                                                       
189911 82000-1655 14547           Dart              0      10098      256                                   
189911 82200-1655 14547           Dart              0      10111      261                                   
189911 9   0-1655 14547           Dart              0      10110      267                                   
189911 9 200-1655 14547           Dart                     10108      278                                   
189911 9 400-1655 14547           Dart             10      10104      283                                   
189911 9 600-1655 14547           Dart             26      10100      283                                   
189911 9 800-1655 14547           Dart             10      10100      283                                   
189911 91000-1655 14547           Dart              0      10105      278                                   
189911 91200-1655 14547           Dart              0      10109      272                                   
189911 91400-1655 14547           Dart              0      10100      267                                   
189911 91600-1655 14547           Dart              0      10098      256                                   
189911 91800-1655 14547           Dart              0      10099      250                                   
189911 92000-1655 14547           Dart              0      10111      239                                   
189911 92200-1655 14547           Dart              0      10118      261                                   
18991110   0-1655 14547           Dart             10      10119      272                                   
18991110 200-1655 14547           Dart             10      10114      283                                   
18991110 400-1655 14547           Dart             10      10103      289                                   
18991110 600-1655 14547           Dart             10      10092      294                                   
18991110 800-1655 14547           Dart             10      10090      283                                   
189911101000-1655 14547           Dart             26      10094      283                                   
189911101200-1655 14547           Dart              0      10099      272                                   
189911181600-1655 14522           Dart              0                 267                                   
189911181800-1655 14522           Dart             10                                                       
189911182000-1655 14522           Dart              0                                                       
189911182200-1655 14522           Dart             10                                                       
18991119   0-1655 14522           Dart             26                                                       
18991119 200-1655 14522           Dart             26                                                       
18991119 400-1655 14522           Dart             10                                                       
18991119 600-1655 14522           Dart             10                                                       
18991119 800-1655 14522           Dart             10                                                       
189911191000-1655 14522           Dart             10                                                       
189911191200-1655 14522           Dart             10                                                       
189911191400-1556 14522           Dart                                                                      
189911191600-1457 14522           Dart             26                                                       
189911191800-1457 14522           Dart             10                                                       
189911192000-1457 14522           Dart              0                                                       
189911192200-1457 14522           Dart              0                                                       
18991120   0-1457 14522           Dart             10                                                       
18991120 200-1457 14522           Dart             26                                                       
18991120 400-1457 14522           Dart             26                                                       
18991120 600-1457 14522           Dart             26                                                       
18991120 800-1457 14522           Dart             26                                                       
189911201000-1457 14522           Dart             46                                                       
189911201200-1457 14522           Dart             46                                                       
189911201600-1445 14510           Dart             26                                                       
189911201800-1445 14510           Dart             26                                                       
189911202000-1445 14510           Dart             10                                                       
189911202200-1445 14510           Dart             10                                                       
18991121   0-1445 14510           Dart             10                                                       
18991121 200-1445 14510           Dart              0                                                       
18991121 400-1445 14510           Dart             10                                                       
18991121 600-1445 14510           Dart             26                                                       
18991121 800-1445 14510           Dart             26                                                       
189911211000-1445 14510           Dart             26                                                       
189911211200-1445 14510           Dart             26                                                       
189911211400-1445 14510           Dart             26                                                       
189911211600-1410 14510           Dart             26                                                       
189911211800-1410 14510           Dart              0                                                       
189911212000-1410 14510           Dart             10                                                       
189911212200-1410 14510           Dart             10                                                       
18991122   0-1410 14510           Dart             10                                                       
18991122 200-1410 14510           Dart             10                                                       
18991122 400-1410 14510           Dart             26                                                       
18991122 600-1410 14510           Dart             26                                                       
18991122 800-1410 14510           Dart             26                                                       
189911221000-1410 14510           Dart             26                                                       
189911221200-1410 14510           Dart             26                                                       
189911221400-1410 14510           Dart             26                                                       
18991221 200-1410 14433           Dart                                                                      
