189312152100-1157 12954           Darwin           67      10028      300                                   
18931216 900-1157 12954           Darwin           46       9977      328                                   
189312162100-1157 12954           Darwin           10      10019      294                                   
18931217 900-1157 12954           Darwin           46       9990      306                                   
189312172100-1157 12954           Darwin           67      10016      294                                   
18931218 900-1157 12954           Darwin           26       9985      278                                   
189312182100-1157 12954           Darwin           46       9995      300                                   
18931219 900-1157 12954           Darwin           46      10017      289                                   
189312192100-1157 12954           Darwin           67      10037      289                                   
18931220 900-1157 12954           Darwin           67      10023      289                                   
189312202100-1157 12954           Darwin           26      10052      278                                   
18931221 900-1157 12954           Darwin           26      10019      272                                   
189312212200 -844 12738           Darwin           46      10011      278                                   
189312221000 -844 12738           Darwin           46      10004      278                                   
189312222200 -758 12345           Darwin           26      10016      283                                   
189312231000 -758 12345           Darwin           26      10022      272                                   
189312232200 -804 12015           Darwin            0      10044      278                                   
189312241000 -804 12015           Darwin            0      10043      283                                   
189312242200 -746 11618           Darwin           26      10024      278                                   
189312251000 -746 11618           Darwin            0      10017      278                                   
189312252200 -632 11350           Darwin            0      10000      300                                   
189312261000 -616 11350           Darwin           26      10012      289                                   
189312262300 -600 10917           Darwin           67      10029      289                                   
189312271100 -600 10917           Darwin           67      10029      289                                   
189312272300 -591 10863           Darwin           46      10043      283                                   
189312281100 -583 10810           Darwin           67      10051      278                                   
189312282300 -574 10756           Darwin           67      10057      278                                   
189312291100 -566 10703           Darwin           67      10042      289                                   
189312292300 -557 10649           Darwin           67      10003      278                                   
189312301100 -557 10649           Darwin           46      10008      289                                   
189312302300 -231 10544           Darwin           46      10042      289                                   
189312311100   95 10439           Darwin           67      10030      278                                   
