1894 4201100-4038  2210           Derwent         123      10248      156                                   
1894 421 500-4038  2210           Derwent         123      10229      144                                   
1894 4211000-4370  2545           Derwent         123      10174      150                                   
1894 4221000-4337  2925           Derwent          46      10129      156                                   
1894 4231000-4351  3248           Derwent          93      10080      122                                   
1894 424 900-4333  3825           Derwent          93      10135       78                                   
1894 425 900-4345  4137           Derwent          67      10160       89                                   
1894 426 900-4342  4623           Derwent          67      10124      106                                   
1894 427 900-4352  5041           Derwent          46      10093       89                                   
1894 428 300-4636  5330           Derwent          67      10015       83                                   
1894 428 800-4920  5620           Derwent         154       9977      122                                   
1894 4281600-4759  5797           Derwent         123       9986      100                                   
1894 429 400-4597  5973           Derwent         154       9925      133                                   
1894 429 800-4436  6150           Derwent         190       9893      156                                   
1894 4291600-4435  6305           Derwent         123       9917      133                                   
1894 430 400-4435  6459           Derwent          67       9936      100                                   
1894 430 800-4434  6614           Derwent          46       9941       72                                   
1894 4301500-4433  6769           Derwent         123       9938       89                                   
1894 5 3 700-4433  6923           Derwent                                                                   
1894 5 5 700-4432  7078           Derwent                                                                   
1894 5 7 700-4431  7233           Derwent                             111                                   
1894 5 8 700-4431  7387           Derwent                                                                   
1894 5 91600-4242 11525           Derwent         154       9975       78                                   
1894 5 92000-4242 11525           Derwent         154       9975       78                                   
1894 510   0-4242 11525           Derwent         123      10032       83                                   
1894 510 400-4242 11525           Derwent         123      10047       94                                   
1894 5101200-4242 11525           Derwent         123      10101      111                                   
1894 5102000-4242 11525           Derwent          93      10135      111                                   
1894 511 400-4260 12011           Derwent          67      10169      133                                   
1894 5111200-4260 12011           Derwent          46      10201      122                                   
1894 5111600-4199 12230           Derwent          67                 122                                   
1894 512   0-4139 12449           Derwent          67      10203      122                                   
1894 512 400-4139 12449           Derwent          93      10199      128                                   
1894 5121200-4139 12449           Derwent          67      10207      122                                   
1894 5121400-4139 12449           Derwent          93      10205      133                                   
1894 5121500-4014 12949           Derwent          93      10189      139                                   
1894 5121900-4014 12949           Derwent          93      10200      133                                   
1894 5122300-4014 12949           Derwent          93      10202      144                                   
1894 513 300-4014 12949           Derwent         123      10203      139                                   
1894 5131100-4014 12949           Derwent          93      10188      144                                   
1894 5132300-3948 13532           Derwent         123      10168      139                                   
1894 514 300-3948 13532           Derwent          93      10147      144                                   
1894 514 700-3948 13532           Derwent         123      10133      150                                   
1894 5141100-3948 13532           Derwent         123      10140      150                                   
1894 5141500-3933 13774           Derwent         123      10126      150                                   
1894 5142300-3918 14016           Derwent         123      10133      150                                   
1894 515 300-3918 14016           Derwent          93      10139      150                                   
1894 5151100-3918 14016           Derwent          67      10126      150                                   
1894 5151500-3916 14218           Derwent          46      10145      156                                   
1894 5152300-3916 14218           Derwent          46      10160      150                                   
1894 516 300-3916 14218           Derwent          46      10144      161                                   
1894 516 700-3916 14218           Derwent          67      10132      156                                   
1894 516 900-3916 14218           Derwent          46                 150                                   
1894 5161100-3916 14218           Derwent          46      10139      150                                   
1894 5161900-3916 14218           Derwent          26      10145      156                                   
1894 5162000 1196  5870           Derwent          46      10070      294                                   
1894 5162200-3934 14332           Derwent          46      10146      150                                   
1894 517   0 1203  5808           Derwent          26      10057      289                                   
1894 517 200-3934 14332           Derwent          26      10132      156                                   
1894 517 400 1210  5746           Derwent          26      10076      300                                   
1894 517 800 1217  5683           Derwent          46      10076      300                                   
1894 5171000-3934 14332           Derwent           0      10125      156                                   
1894 5171200 1224  5621           Derwent          46      10055      300                                   
1894 5171400-3926 14358           Derwent                  10125      156                                   
1894 5171600 1232  5559           Derwent          46      10066      300                                   
1894 5172000 1239  5496           Derwent          46      10066      300                                   
1894 5172200-3918 14384           Derwent           0      10132      156                                   
1894 518   0 1246  5434           Derwent          46      10064      267                                   
1894 518 200-3910 14410           Derwent          10      10123      167                                   
1894 518 400 1248  5364           Derwent          67      10079      300                                   
1894 518 800 1250  5293           Derwent          93      10072      300                                   
1894 5181000-3910 14410           Derwent           0      10132      156                                   
1894 5181300 1252  5223           Derwent          93      10068      367                                   
1894 5181400-3910 14426           Derwent           0      10126      150                                   
1894 5181700 1254  5153           Derwent          46      10057      311                                   
1894 5182100 1256  5082           Derwent                  10054      311                                   
1894 5182200-3911 14442           Derwent          10      10112      150                                   
1894 519 100 1258  5012           Derwent          46      10058      267                                   
1894 519 200-3911 14458           Derwent          10      10103      167                                   
1894 5191400-3911 14474           Derwent           0       9787      156                                   
1894 5192200-3911 14490           Derwent          46                 156                                   
1894 520 200-3912 14506           Derwent          67                 156                                   
1894 5201000-3912 14522           Derwent         123       9705      144                                   
1894 5201400-3912 14538           Derwent         154                 139                                   
1894 5202200-3912 14554           Derwent         123                 150                                   
1894 521 100 1302  4315           Derwent          10      10071      267                                   
1894 521 200-3913 14570           Derwent          67                 156                                   
1894 5211400-3913 14586           Derwent          93                 144                                   
1895 6 12200-4251  3019           Derwent          46      10072       83                                   
1895 6 21000-4249  3438           Derwent          93      10092      128                                   
1895 6 22100-4247  3857           Derwent          46                  78                                   
1895 6 3 900-4247  3857           Derwent          67      10189       72                                   
1895 6 32100-4237  4240           Derwent          93      10181      100                                   
1895 6 4 500-4237  4240           Derwent         268       9994      150                                   
1895 6 4 900-4237  4240           Derwent          67      10261       89                                   
1895 6 42100-4264  4330           Derwent                                                                   
1895 6 5 500-4292  4420           Derwent         268       9994      150                                   
1895 6 5 900-4319  4510           Derwent         268       9938       83                                   
1895 6 51300-4324  4612           Derwent         226       9978       83                                   
1895 6 52100-4329  4713           Derwent                                                                   
1895 6 6 100-4335  4815           Derwent          93       9996      100                                   
1895 6 6 500-4340  4916           Derwent         123       9934      106                                   
1895 6 6 900-4345  5018           Derwent          46       9917       89                                   
1895 6 61300-4347  5082           Derwent          10       9880       89                                   
1895 6 61700-4348  5146           Derwent                   9822       89                                   
1895 6 7 100-4350  5210           Derwent          46       9808       72                                   
1895 6 7 400-4351  5274           Derwent                   9840       61                                   
1895 6 7 800-4353  5338           Derwent         268       9861       61                                   
1895 6 71200-4352  5420           Derwent         268       9888       61                                   
1895 6 71600-4350  5502           Derwent         190       9942       61                                   
1895 6 72000-4349  5584           Derwent          93       9956       56                                   
1895 6 8   0-4348  5666           Derwent          93       9956       56                                   
1895 6 8 400-4346  5748           Derwent          67       9997       56                                   
1895 6 8 800-4345  5830           Derwent          93      10003       56                                   
1895 6 81200-4338  5953           Derwent         154      10037       56                                   
1895 6 81600-4330  6077           Derwent         154      10050       61                                   
1895 6 82000-4323  6200           Derwent         226      10077       61                                   
1895 6 9 400-4315  6324           Derwent         226      10161       83                                   
1895 6 9 800-4308  6447           Derwent         123      10195       83                                   
1895 6 91200-4291  6601           Derwent                  10217       67                                   
1895 6 91900-4274  6756           Derwent         123      10303       39                                   
1895 610 700-4257  6910           Derwent          67      10314       56                                   
1895 6101900-4248  6911           Derwent          93      10312       67                                   
1895 6102300-4274  7133           Derwent          93      10292       67                                   
1895 611 700-4300  7356           Derwent          93      10245       67                                   
1895 6111100-4308  7467           Derwent          93      10233       78                                   
1895 6111500-4316  7579           Derwent          93      10225       83                                   
1895 6111900-4324  7690           Derwent          93      10204      111                                   
1895 6112300-4332  7802           Derwent         123      10177      111                                   
1895 612 700-4340  7913           Derwent          93      10134      122                                   
1895 6121900-4335  8065           Derwent         123      10093      128                                   
1895 6122300-4329  8218           Derwent         123      10068      111                                   
1895 613 200-4324  8370           Derwent         190      10054      117                                   
1895 613 600-4319  8523           Derwent          93      10034      117                                   
1895 6131000-4329  8641           Derwent         154      10041      117                                   
1895 6131400-4339  8760           Derwent         190      10028       89                                   
1895 6131800-4350  8878           Derwent         154      10072       89                                   
1895 6132200-4360  8997           Derwent         190      10074       78                                   
1895 614 600-4370  9115           Derwent         154      10084       61                                   
1895 6141800-4356  9242           Derwent          93      10056       67                                   
1895 6142200-4342  9368           Derwent         190      10018       72                                   
1895 615 200-4328  9495           Derwent         154      10010       56                                   
1895 615 600-4314  9622           Derwent          93       9996       56                                   
1895 6151000-4314  9622           Derwent         123       9990       56                                   
1895 6151400-4298  9729           Derwent         190       9982       61                                   
1895 6151700-4283  9835           Derwent          93       9996       56                                   
1895 6152100-4267  9942           Derwent         268      10010       50                                   
1895 616 100-4252 10048           Derwent         226      10018       44                                   
1895 616 500-4236 10155           Derwent         190       9973       72                                   
1895 616 900-4236 10155           Derwent          93       9958       56                                   
1895 6161300-4234 10211           Derwent          93       9975       56                                   
1895 6161700-4232 10267           Derwent          67      10005       78                                   
1895 6162100-4229 10323           Derwent          26      10028       67                                   
1895 617 100-4227 10379           Derwent          26      10044       67                                   
1895 617 500-4225 10435           Derwent          46       9986      111                                   
1895 617 900 4228 10433           Derwent         154       9985       78                                   
1895 6171300 2532 10486           Derwent         190       9914       94                                   
1895 6171700  837 10540           Derwent          26       9873       89                                   
1895 6171900 -859 10593           Derwent           0       9871      100                                   
1895 618 100-2554 10647           Derwent          26       9864      111                                   
1895 618 500-4250 10700           Derwent          46       9859      106                                   
1895 618 900-4231 10794           Derwent         154       9862       89                                   
1895 6181300-4212 10888           Derwent         226       9862       89                                   
1895 6181700-4192 10982           Derwent         268       9859      106                                   
1895 619 100-4173 11076           Derwent         190       9920      100                                   
1895 619 500-4154 11170           Derwent         154       9947      100                                   
1895 6191200-4145 11258           Derwent         123       9999      111                                   
1895 6191600-4135 11345           Derwent         123      10034      106                                   
1895 620 400-4126 11433           Derwent          46      10069       94                                   
1895 6201200-4122 11458           Derwent          26      10090       94                                   
1895 6201600-4118 11482           Derwent          10      10099      100                                   
1895 621   0-4114 11507           Derwent          26      10090       89                                   
1895 621 400-4110 11532           Derwent          26      10087      111                                   
1895 6211200-4115 11607           Derwent          26      10106      117                                   
1895 6211600-4120 11682           Derwent          46      10111       89                                   
1895 6212000-4126 11758           Derwent          46      10101       89                                   
1895 622 400-4131 11833           Derwent          67      10081      106                                   
1895 622 800-1377 11908           Derwent          93      10044      106                                   
1895 6221200 1377 11983           Derwent         123      10032      117                                   
1895 6221600 4131 12059           Derwent         190      10035      100                                   
1895 629 200-3941 14537           Derwent          93      10217       89                                   
1896 6242200-4200  3422           Derwent         154       9961      144                                   
1896 6251000-4200  3422           Derwent          67      10058      167                                   
1896 6252100-4220  4034           Derwent         123       9970       89                                   
1896 626 500-4220  4034           Derwent         190       9902      133                                   
1896 626 900-4220  4034           Derwent         190       9963      133                                   
1896 6262100-4210  4542           Derwent          46       9991      122                                   
1896 627 500-4210  4542           Derwent         123      10078       89                                   
1896 627 900-4210  4542           Derwent         123                 111                                   
1896 6271700-4210  4542           Derwent         154      10003      133                                   
1896 6272100-4225  5180           Derwent         123      10135       72                                   
1896 628 500-4225  5180           Derwent          67                                                       
1896 628 900-4225  5180           Derwent         268      10032       83                                   
1896 6281300-4225  5180           Derwent         268      10066       78                                   
1896 6281700-4225  5180           Derwent         226                                                       
1896 6282000-4226  5730           Derwent         123      10135      111                                   
1896 629 400-4226  5730           Derwent          67      10181       78                                   
1896 629 800-4226  5730           Derwent         123      10146       89                                   
1896 6291200-4226  5730           Derwent         226      10146       89                                   
1896 6291600-4226  5730           Derwent         190      10137      100                                   
1896 6292000-4215  6318           Derwent         123      10076      139                                   
1896 630   0-4215  6318           Derwent          93      10132      128                                   
1896 630 400-4215  6318           Derwent          93                 133                                   
1896 630 800-4215  6318           Derwent          93      10099      167                                   
1896 6301200-4215  6318           Derwent          93      10079      144                                   
1896 6301900-4210  6922           Derwent         190                                                       
1896 7 1 700-4210  6922           Derwent         123      10056      139                                   
1896 7 11100-4210  6922           Derwent         123                                                       
1896 7 11500-4210  6922           Derwent         123                                                       
1896 7 12300-4210  6922           Derwent         190       9962      133                                   
1896 7 2 300-4206  7430           Derwent         190       9929      133                                   
1896 7 2 700-4214  7531           Derwent         268       9870      122                                   
1896 7 21100-4222  7632           Derwent         190       9849      122                                   
1896 7 21900-4230  7734           Derwent                                                                   
1896 7 22300-4237  7835           Derwent         154       9929       89                                   
1896 7 3 300-4245  7937           Derwent          93       9963       89                                   
1896 7 3 700-4253  8038           Derwent         123       9986       72                                   
1896 7 31100-4243  8137           Derwent          67      10000       72                                   
1896 7 31500-4234  8237           Derwent          67      10012       78                                   
1896 7 32200-4224  8336           Derwent          46      10050       94                                   
1896 7 4 600-4215  8436           Derwent          67                 100                                   
1896 7 41000-4217  8592           Derwent          93      10058       89                                   
1896 7 42200-4218  8747           Derwent          93      10058       89                                   
1896 7 5 200-4220  8903           Derwent          93      10049      100                                   
1896 7 5 600-4222  9059           Derwent          93      10040      111                                   
1896 7 51000-4223  9198           Derwent          46      10036      100                                   
1896 7 51400-4225  9337           Derwent          67      10043      117                                   
1896 7 6 200-4226  9477           Derwent          67      10029      100                                   
1896 7 6 600-4228  9616           Derwent          46      10009      100                                   
1896 7 61700-4224  9777           Derwent                                                                   
1896 7 7 100-4219  9939           Derwent                  10005       78                                   
1896 7 7 500-4215 10100           Derwent                  10010       89                                   
1896 7 71300-4216 10223           Derwent         123      10009       94                                   
1896 7 71700-4217 10345           Derwent                                                                   
1896 7 72100-4218 10468           Derwent                                                                   
1896 7 8 100-4219 10590           Derwent         190      10100       78                                   
1896 7 8 500-4220 10713           Derwent         190      10139       89                                   
1896 7 81300-4221 10836           Derwent                  10179       89                                   
1896 710 400-4150 11547           Derwent          26      10285      100                                   
