1893 8 71200-3443 17457           Devonport        67                 189                                   
1893 8 72000-3443 17457           Devonport        67      10164      178                                   
1893 8 8   0-3443 17457           Devonport        67      10189      189                                   
1893 8 8 800-3443 17457           Devonport        67      10189      189                                   
1893 8 81200-3444 17450           Devonport        26      10254      167                                   
1893 8 82000-3445 17442           Devonport        67      10236      172                                   
1893 8 9   0-3446 17435           Devonport        46      10236      172                                   
1893 8 9 800-3438 17406           Devonport        67      10252      178                                   
1893 8 91200-3430 17377           Devonport        67      10212      172                                   
1893 8 92000-3422 17349           Devonport        26      10260      167                                   
1893 810   0-3414 17320           Devonport        26      10247      167                                   
1893 810 800-3414 17337           Devonport        26      10218      178                                   
1893 8101200-3415 17355           Devonport       190      10220      167                                   
1893 8102000-3415 17372           Devonport        67      10173      167                                   
1893 811   0-3415 17390           Devonport       123      10155      150                                   
1893 811 800-3413 17332           Devonport       190      10203      167                                   
1893 8111200-3411 17274           Devonport        67      10287      167                                   
1893 8112100-3409 17217           Devonport        93      10273      150                                   
1893 812 100-3407 17159           Devonport        67      10282      156                                   
1893 812 900-3412 17170           Devonport        67      10287      167                                   
1893 8121300-3417 17180           Devonport        67      10254      167                                   
1893 8122100-3423 17191           Devonport        67      10289      156                                   
1893 813 100-3428 17202           Devonport        67      10275      161                                   
1893 813 800-3519 17258           Devonport        93      10260      172                                   
1893 8131200-3611 17315           Devonport                10219      183                                   
1893 8132000-3611 17315           Devonport        93      10235      167                                   
1893 814   0-3611 17315           Devonport        93      10213      178                                   
1893 814 800-3611 17315           Devonport        46      10226      178                                   
1893 8142200-3611 17315           Devonport        26      10221      172                                   
189312251300-3588 16433           Devonport        67       9969      222                                   
189312252100-3550 16433           Devonport        26      10062      211                                   
18931226 100-3513 16433           Devonport        46      10093      222                                   
18931226 900-3475 16433           Devonport        67      10002      222                                   
189312261300-3438 16140           Devonport        93      10009      222                                   
189312262100-3438 16140           Devonport        93       9968      222                                   
18931227 100-3438 16140           Devonport        93       9975      222                                   
18931227 900-3438 16140           Devonport        93       9982      222                                   
189312271300-3406 15908           Devonport         0       9954      244                                   
189312272100-3406 15908           Devonport        93      10008      222                                   
18931228 100-3406 15908           Devonport        67       9994      228                                   
18931228 900-3406 15908           Devonport        93       9971      244                                   
189312281300-3386 15908           Devonport         0       9954      244                                   
189312282100-3367 15908           Devonport        46       9989      233                                   
18931229 200-3347 15708           Devonport        93       9986      250                                   
189312291000-3344 15683           Devonport        93      10019      233                                   
189312291400-3342 15658           Devonport        67      10021      244                                   
189312292200-3340 15633           Devonport        67      10030      250                                   
18931230 200-3337 15608           Devonport        46      10034      267                                   
189312301000-3334 15583           Devonport        26      10049      256                                   
189312301400-3332 15558           Devonport                                                                 
189312302200-3329 15558           Devonport        26      10058      244                                   
18931231 200-3327 15558           Devonport         0      10056      256                                   
189312311000-3324 15558           Devonport        67      10070      256                                   
189312311400-3322 15558           Devonport                           244                                   
189312312200-3322 15558           Devonport        46      10103      256                                   
1894 1 1 200-3322 15558           Devonport        26      10103      256                                   
1894 1 11000-3322 15558           Devonport        46      10098      244                                   
1893 3 71300-3749 16621           Devonport                10113      217                                   
1893 3 71700-3749 16621           Devonport                10106      222                                   
1893 3 72100-3749 16621           Devonport                10099      222                                   
1893 3 8 100-3749 16621           Devonport                10099      222                                   
1893 3 81300-3777 16656           Devonport                10049      200                                   
1893 3 82100-3804 16691           Devonport                10097      217                                   
1893 3 9 100-3832 16726           Devonport                10081      211                                   
1893 3 9 900-3832 16726           Devonport                10075      206                                   
1893 3 91300-3829 16753           Devonport                10032      200                                   
1893 3 91700-3825 16780           Devonport                10016      200                                   
1893 310 100-3822 16807           Devonport                 9969      194                                   
1893 310 500-3822 16807           Devonport                 9982      200                                   
1893 3101300-3822 16839           Devonport                10102      189                                   
1893 3102100-3823 16870           Devonport                 9948      200                                   
1893 311 100-3823 16902           Devonport                10076      200                                   
1893 3111300-3855 16973           Devonport                10077      194                                   
1893 3112100-3888 17043           Devonport                10102      189                                   
1893 312 100-3920 17114           Devonport                10118      200                                   
1893 312 900-3952 17185           Devonport                10077      200                                   
1893 3121200-3985 17255           Devonport                10125      161                                   
1893 3121600-4017 17326           Devonport                10054      183                                   
1893 3122000-4049 17397           Devonport                10061      183                                   
1893 313   0-4082 17467           Devonport                10074      167                                   
1893 313 800-4114 17538           Devonport                10108      167                                   
1893 3131200-4146 17609           Devonport                10175      172                                   
1893 314   0-4179 17679           Devonport                10394      178                                   
1893 3141200-4211 17750           Devonport                10202      194                                   
1893 315   0-4243 17821           Devonport                10189      194                                   
1893 3151200-4276 17891           Devonport                10203      194                                   
1893 316   0-4308 17962           Devonport                10203      194                                   
