1891 8 71800 -360  9640           Dorunda                  10033      300                                   
1891 8 81700 -441 10024           Dorunda                  10048      289                                   
1891 8 91700 -611 10460           Dorunda                  10042      289                                   
1891 8101700 -581 10588           Dorunda                                                                   
1891 8111700 -552 10716           Dorunda                                                                   
1891 8121700 -617 11190           Dorunda                  10049      289                                   
1891 8131600 -717 11417           Dorunda                  10051      278                                   
1891 8141600 -840 11742           Dorunda                  10048      294                                   
1891 8151600 -830 12220           Dorunda                  10049      289                                   
1891 8161600 -818 12630           Dorunda                  10049      289                                   
1891 8171500 -856 13047           Dorunda                  10051      278                                   
1891 8181500 -930 13429           Dorunda                  10059      272                                   
1891 8191500 -956 13758           Dorunda                  10052      256                                   
1891 8201500-1037 14125           Dorunda                  10050      267                                   
1891 8211400-1204 14259           Dorunda                  10049      256                                   
1891 8221400-1372 14392           Dorunda                  10052      261                                   
1891 8231400-1539 14526           Dorunda                  10064      256                                   
1891 8241400-1706 14659           Dorunda                  10080      244                                   
1891 8251400-1874 14793           Dorunda                  10066      256                                   
1891 8261400-2041 14926           Dorunda                  10097      233                                   
1891 8271400-2208 15060           Dorunda                  10146      211                                   
1891 8281400-2376 15193           Dorunda                  10164      211                                   
1891 8291400-2543 15327           Dorunda                  10173      222                                   
189112232300 -152  7680           Dorunda                  10025      289                                   
18911224 300 -152  7680           Dorunda                  10053      300                                   
18911224 700 -152  7680           Dorunda                  10050      300                                   
189112242300 -152  7680           Dorunda                  10034      294                                   
18911225 300 -152  7680           Dorunda                  10054      294                                   
18911225 700 -234  7957           Dorunda                  10046      300                                   
189112252300 -234  7957           Dorunda          26      10379      278                                   
18911226 300 -234  7957           Dorunda          26      10378      289                                   
18911226 600 -323  8353           Dorunda          26      10031      311                                   
189112262200 -334  8485           Dorunda          26      10015      289                                   
18911227 200 -346  8616           Dorunda          26      10033      300                                   
18911227 600 -357  8748           Dorunda                  10021      289                                   
189112272200 -357  8882           Dorunda          26      10001      289                                   
18911228 200 -357  9016           Dorunda          46      10030      278                                   
18911228 600 -450  9150           Dorunda          67      10028      289                                   
189112282200 -478  9302           Dorunda                  10075      289                                   
18911229 200 -507  9455           Dorunda                  10027      300                                   
18911229 600 -535  9607           Dorunda                  10022      306                                   
189112292200 -630  9607           Dorunda          26      10000      300                                   
18911230 200 -630  9607           Dorunda          26      10015      289                                   
18911230 500 -630 10020           Dorunda          26      10007      300                                   
189112302100 -647 10020           Dorunda          26       9992      267                                   
18911231 100 -663 10020           Dorunda          26      10013      300                                   
18911231 500 -680 10426           Dorunda          26       9913      300                                   
1892 1 2 500 -550 10716           Dorunda          26       9998      311                                   
1892 1 22100 -550 10716           Dorunda                   9990      278                                   
1892 1 3 100 -550 10716           Dorunda          26      10008      289                                   
1892 1 3 500 -625 11148           Dorunda          26      10003      300                                   
1893 1171400-2436 15213           Dorunda          26       9957      244                                   
1893 1171800-2406 15192           Dorunda          46       9961      256                                   
1893 1172200-2375 15171           Dorunda          46       9962      272                                   
1893 118 200-2345 15150           Dorunda          46       9957      283                                   
1893 118 600-2315 15129           Dorunda                   9946      306                                   
1893 119 200-2284 15108           Dorunda                   9926      322                                   
1893 1191000-2254 15087           Dorunda          26       9925      311                                   
1893 120 200-2223 15066           Dorunda          10       9950      339                                   
1893 1201000-2193 15045           Dorunda          46       9958      333                                   
1893 1202200-2163 15024           Dorunda          26       9963      322                                   
1893 1211000-2132 15003           Dorunda          26       9956      300                                   
1893 1211800-2102 14982           Dorunda          26       9941      267                                   
1893 1212200-2071 14961           Dorunda          67       9958      306                                   
1893 122 200-2041 14940           Dorunda          67       9956      317                                   
1893 122 600-2012 14907           Dorunda          26       9950      311                                   
1893 1221000-1983 14874           Dorunda          26       9970      311                                   
1893 1221800-1955 14842           Dorunda          26       9979      294                                   
1893 1222200-1926 14809           Dorunda                  10003      311                                   
1893 123 200-1897 14776           Dorunda                   9995      322                                   
1893 1231000-1868 14743           Dorunda          26      10015      322                                   
1893 1232200-1839 14710           Dorunda          46      10008      322                                   
1893 1241000-1811 14678           Dorunda                  10007      322                                   
1893 1242200-1782 14645           Dorunda                  10015      278                                   
1893 125 200-1753 14612           Dorunda          67      10007      300                                   
1893 125 600-1724 14579           Dorunda                   9987      278                                   
1893 1251000-1695 14546           Dorunda                  10001      278                                   
1893 126 200-1553 14528           Dorunda          46       9966      300                                   
1893 2 42000 -790 11539           Dorunda          67       9981      256                                   
1893 2 5   0 -768 11490           Dorunda          93                 289                                   
1893 2 5 400 -746 11441           Dorunda          93                 294                                   
1893 2 5 800 -724 11392           Dorunda          93       9968      289                                   
1893 2 51200 -702 11343           Dorunda          46       9997      278                                   
1893 2 51600 -680 11294           Dorunda                                                                   
1893 2 52100 -658 11245           Dorunda          67       9989      244                                   
1893 2 6 100 -636 11196           Dorunda          67      10005      267                                   
1893 2 6 500 -614 11147           Dorunda          93      10001      294                                   
1893 2 6 900 -627 11097           Dorunda          67       9969      283                                   
1893 2 61300 -639 11047           Dorunda          67                 267                                   
1893 2 61700 -652 10997           Dorunda                                                                   
1893 2 62100 -665 10948           Dorunda          26       9985      267                                   
1893 2 7 100 -677 10898           Dorunda          26      10005      289                                   
1893 2 7 500 -690 10848           Dorunda          46      10002      289                                   
1893 2 7 900 -703 10798           Dorunda          26       9982      289                                   
1893 2 71300 -715 10748           Dorunda          26       9998      294                                   
1893 2 9 500 -552 10512           Dorunda          26                                                       
1893 2 9 900 -544 10460           Dorunda                   9986      300                                   
1893 2 91300 -537 10407           Dorunda          10      10005      289                                   
1893 2 91700 -529 10355           Dorunda                             267                                   
1893 2 92100 -522 10302           Dorunda          46      10000      256                                   
1893 210 500 -514 10250           Dorunda          26      10011      294                                   
1893 210 900 -485 10197           Dorunda          46       9990      300                                   
1893 2101300 -455 10145           Dorunda          46      10022      289                                   
1893 2101700 -426 10092           Dorunda                             267                                   
1893 2102100 -397 10040           Dorunda          26      10020      256                                   
1893 211 100 -367  9987           Dorunda          26      10018      289                                   
1893 211 500 -338  9935           Dorunda          46      10018      311                                   
1893 211 900 -309  9885           Dorunda          26       9999      300                                   
1893 2111300 -279  9836           Dorunda          26      10021      289                                   
1893 2111700 -250  9786           Dorunda                                                                   
1893 2112200 -221  9736           Dorunda          10      10012      261                                   
1893 212 200 -191  9687           Dorunda          10      10021      289                                   
1893 212 600 -162  9637           Dorunda          26      10020      300                                   
1893 2121000 -133  9587           Dorunda          10       9984      311                                   
1893 2121400 -103  9538           Dorunda          10      10008      306                                   
1893 2121800  -74  9488           Dorunda                                                                   
1893 2122200  -45  9438           Dorunda                  10005      267                                   
1893 213 200  -15  9389           Dorunda                  10017      294                                   
1893 213 600   14  9339           Dorunda                  10014      311                                   
1893 2131000   43  9289           Dorunda                   9991      311                                   
1893 2131400   73  9240           Dorunda                  10010      294                                   
1893 8 51900  724  6790           Dorunda          67      10036      289                                   
1893 8 6   0  726  6730           Dorunda          93      10024      300                                   
1893 8 6 400  727  6671           Dorunda          93      10035      294                                   
1893 8 6 800  728  6611           Dorunda          93      10034      300                                   
1893 8 61200  729  6551           Dorunda          93      10017      300                                   
1893 8 61600  730  6492           Dorunda          93      10030      300                                   
1893 8 62000  731  6432           Dorunda          67      10036      289                                   
1893 8 7   0  733  6372           Dorunda          67      10025      294                                   
1893 8 7 400  734  6313           Dorunda          67      10031      294                                   
1893 8 7 800  735  6253           Dorunda          67      10027      300                                   
1893 8 71200  735  6201           Dorunda          93      10000      300                                   
1893 8 71600  736  6148           Dorunda          93      10017      300                                   
1893 8 72000  736  6096           Dorunda          93       9925      289                                   
1893 8 8   0  737  6044           Dorunda          67      10020      300                                   
1893 8 8 400  737  5991           Dorunda          93      10022      289                                   
1893 8 8 800  738  5939           Dorunda         123      10024      300                                   
1893 8 81200  789  5897           Dorunda         123       9992      311                                   
1893 8 81600  839  5854           Dorunda         123      10017      283                                   
1893 8 82000  890  5812           Dorunda          93      10026      267                                   
1893 8 9   0  941  5770           Dorunda         123       9996      267                                   
1893 8 9 400  991  5727           Dorunda         123      10012      272                                   
1893 8 9 800 1042  5685           Dorunda         154      10011      278                                   
1893 8 91200 1077  5627           Dorunda         154       9992      294                                   
1893 8 91600 1113  5569           Dorunda         154      10003      289                                   
1893 8 92000 1148  5511           Dorunda          93      10010      267                                   
1893 810   0 1184  5454           Dorunda         123       9968      278                                   
1893 810 400 1219  5396           Dorunda         154       9975      278                                   
1893 810 800 1255  5338           Dorunda         190       9980      289                                   
1893 8101200 1255  5338           Dorunda         123       9957      283                                   
1893 8101600 1255  5338           Dorunda          67       9975      278                                   
1893 8102000 1255  5338           Dorunda                   9987      267                                   
