1893 8 22100-1936 10042           Duzaba           93                 256                                   
1893 8 3 100-1796  9977           Duzaba           93                                                       
1893 8 31300-1657  9911           Duzaba          123                 244                                   
1893 8 32100-1518  9845           Duzaba                              256                                   
1893 8 4 100-1378  9780           Duzaba                                                                    
1893 8 4 600-1239  9714           Duzaba           93      10138      289                                   
1893 8 41000-1239  9649           Duzaba           93      10118      289                                   
1893 8 41400-1239  9583           Duzaba           67      10122      261                                   
1893 8 42200-1099  9455           Duzaba                              256                                   
1893 8 5 200 -958  9328           Duzaba                                                                    
1893 8 5 600 -818  9200           Duzaba           46      10084      283                                   
1893 8 51000 -818  9200           Duzaba           26      10081      278                                   
1893 8 51400 -818  9200           Duzaba           26      10053      267                                   
1893 8 52200 -664  9077           Duzaba                                                                    
1893 8 6 200 -511  8953           Duzaba                                                                    
1893 8 6 600 -357  8830           Duzaba           26      10081      294                                   
1893 8 61000 -357  8830           Duzaba           46      10084      278                                   
1893 8 61400 -357  8830           Duzaba           46      10084      278                                   
1893 8 62200 -138  8737           Duzaba                              267                                   
1893 8 7 200   80  8643           Duzaba                                                                    
1893 8 7 600  298  8550           Duzaba           67      10072      289                                   
1893 8 71000  517  8457           Duzaba           67      10076      283                                   
1893 8 71400  517  8457           Duzaba                                                                    
1893 8 8 600  517  8457           Duzaba           93      10082      289                                   
1893 8 81000  517  8457           Duzaba                                                                    
