1893 8281300-2312 16631           Emma            123      10340      200                                   
1893 8281700-2312 16631           Emma            123      10138      200                                   
1893 8282100-2312 16631           Emma            123      10138      200                                   
1893 829 100-2312 16631           Emma            123      10108      222                                   
1893 829 500-2312 16631           Emma            123      10103      211                                   
1893 829 900-2392 16652           Emma            123      10103      211                                   
1893 8291300-2473 16673           Emma             46      10160      178                                   
1893 8291700-2553 16695           Emma            123      10157      200                                   
1893 8292100-2634 16716           Emma            123                 200                                   
1893 830 100-2714 16737           Emma             93      10140      206                                   
1893 830 500-2781 16767           Emma             93      10142      200                                   
1893 830 900-2849 16797           Emma             93      10357      183                                   
1893 8301300-2916 16826           Emma             67      10120      172                                   
1893 8301700-2983 16856           Emma             46      10114      172                                   
1893 8302100-3051 16886           Emma             46      10113      183                                   
1893 831 100-3118 16916           Emma             46      10154      200                                   
1893 831 500-3185 16951           Emma             46      10153      194                                   
1893 831 900-3252 16985           Emma             67      10121      183                                   
1893 8311300-3319 17020           Emma            123       9782      156                                   
1893 8311700-3386 17055           Emma             67      10120      156                                   
1893 8312100-3453 17089           Emma            123      10119      167                                   
1893 9 1 100-3520 17124           Emma            123      10119      172                                   
1893 9 1 500-3578 17154           Emma             93      10088      156                                   
1893 9 1 900-3636 17185           Emma             93      10087      167                                   
1893 9 11300-3694 17215           Emma             67      10056      150                                   
1893 9 11700-3751 17245           Emma             93      10064      150                                   
1893 9 11900-3809 17275           Emma                                                                      
1893 9 12000-3867 17306           Emma            123      10065      150                                   
1893 9 2   0-3925 17336           Emma            123      10057      156                                   
1893 9 2 400-3983 17366           Emma            123      10059      150                                   
1893 9 2 800-4041 17397           Emma             67      10060      144                                   
1893 9 21600-4099 17427           Emma            123      10069      133                                   
1893 9 21900-4156 17457           Emma                                                                      
