1893 1 6 300 3450 13806           Empress o        67      10197       61                                   
1893 1 61100 3557 14010           Empress o        93      10202       39                                   
1893 1 61900 3663 14214           Empress o        67      10182      100                                   
1893 1 7 200 3770 14418           Empress o       123      10197       78                                   
1893 1 71000 3877 14622           Empress o       154      10223       28                                   
1893 1 71800 3983 14826           Empress o       123                  17                                   
1893 1 8 200 4090 15030           Empress o        67      10200       17                                   
1893 1 81000 4145 15260           Empress o        46      10203        6                                   
1893 1 81800 4201 15489           Empress o        67                  11                                   
1893 1 9 200 4256 15719           Empress o        67      10354       17                                   
1893 1 9 900 4352 15958           Empress o        10      10167        6                                   
1893 1 91700 4449 16198           Empress o        93      10120       11                                   
1893 110 100 4545 16437           Empress o        67                   0                                   
1893 110 900 4607 16696           Empress o       123                   0                                   
1893 1101700 4670 16955           Empress o        67      10046        0                                   
1893 111 100 4732 17214           Empress o        46      10157        6                                   
1893 111 800 4770 17769           Empress o        93      10106       11                                   
1893 1121600 4809-17675           Empress o       123      10156       -6                                   
1893 1122300 4847-17120           Empress o       123      10134      -11                                   
1893 113 700 4868-16794           Empress o       123      10099       -6                                   
1893 1131500 4890-16467           Empress o       123      10077        6                                   
1893 1132300 4911-16141           Empress o        93      10080       33                                   
1893 114 700 4912-15847           Empress o        67      10099       22                                   
1893 1141400 4913-15554           Empress o        10      10121       28                                   
1893 1142200 4914-15260           Empress o        26      10143       39                                   
1893 115 600 4915-14966           Empress o         0      10145       28                                   
1893 1151400 4916-14673           Empress o        67      10166       22                                   
