1894 6 11800-3100 -8750           Fairhill         46      10280      194                                   
1894 6 21800-2955 -8715           Fairhill         46      10267      206                                   
1894 6 31800-2827 -8700           Fairhill         46      10250      200                                   
1894 6 41800-2700 -8700           Fairhill         46      10207      206                                   
1894 6 51800-2630 -8717           Fairhill         26      10200      206                                   
1894 6 61800-2608 -8700           Fairhill         10      10188      217                                   
1894 6 71800-2532 -8645           Fairhill         26      10180      200                                   
1894 6 81800-2338 -8540           Fairhill         67      10192      200                                   
1894 6 91800-2144 -8540           Fairhill         67      10170      206                                   
1894 6101800-1955 -8600           Fairhill         46      10139      200                                   
1894 6111800-2006 -8500           Fairhill         46      10134      217                                   
1894 6121800-1954 -8300           Fairhill         46      10138      206                                   
1894 6131700-1927 -8200           Fairhill         26      10154      211                                   
1894 6141700-1847 -8130           Fairhill         26      10158      206                                   
1894 6151700-1710 -8000           Fairhill         67      10155      200                                   
1894 6161700-1533 -7900           Fairhill         46      10144      200                                   
1894 6171700-1330 -7700           Fairhill         93      10136      183                                   
1894 6181700-1240 -7700           Fairhill         26      10134      189                                   
1894 6191700-1210 -7700           Fairhill         10      10125      183                                   
