1894 3281500-4053 12849           Fasana           67      10203      -94                                   
1894 3281900-4057 12849           Fasana           46      10189      -97                                   
1894 3282300-4061 12849           Fasana           67      10178      -92                                   
1894 329 300-4064 12849           Fasana           93      10175      -87                                   
1894 329 700-4068 12884           Fasana          123      10160      -91                                   
1894 3291100-4072 12919           Fasana                   10170      -87                                   
1894 3291500-4076 12953           Fasana           93      10172      -90                                   
1894 3291900-4080 12988           Fasana           46      10180      -92                                   
1894 3292300-4083 13023           Fasana           26      10185      -73                                   
1894 330 300-4087 13058           Fasana           46      10164      -84                                   
1894 330 700-4091 13090           Fasana           67      10132      -84                                   
1894 3301100-4095 13123           Fasana           67      10112      -83                                   
1894 3301500-4099 13155           Fasana           26      10108      -92                                   
1894 3301900-4102 13187           Fasana           46      10132      -98                                   
1894 3302300-4106 13220           Fasana           67      10145      -98                                   
1894 331 300-4110 13252           Fasana           26      10128      -99                                   
1894 331 700-4094 13312           Fasana           67      10134      -98                                   
1894 3311100-4078 13373           Fasana           46      10144      -98                                   
1894 3311500-4061 13433           Fasana           67      10146     -105                                   
1894 3311900-4045 13494           Fasana           67      10155     -103                                   
1894 3312300-4029 13554           Fasana           93      10170      -99                                   
1894 4 1 300-4013 13615           Fasana           93      10207      -92                                   
1894 4 1 700-4000 13668           Fasana          123      10182      -94                                   
1894 4 11100-3986 13722           Fasana          123      10198      -95                                   
1894 4 11500-3973 13775           Fasana           93      10195      -98                                   
1894 4 11900-3960 13829           Fasana           93      10190      -96                                   
1894 4 12300-3946 13882           Fasana           93      10213      -92                                   
1894 4 2 300-3933 13936           Fasana           67      10215      -83                                   
1894 4 2 700-3920 13989           Fasana           46      10212      -77                                   
1894 4 21100-3906 14043           Fasana           46      10228      -87                                   
1894 4 21500-3893 14096           Fasana           26      10217      -92                                   
1894 4221000-3390 15120           Fasana           26      10192      -69                                   
1894 6141700 -836 15931           Fasana            0      10071      -38                                   
1894 6181700 -825 15930           Fasana            0      10091      -34                                   
1894 6201300 -759 15836           Fasana            0      10118      -33                                   
1894 6201700 -759 15836           Fasana            0      10105      -32                                   
1894 6202100 -759 15836           Fasana            0      10125      -30                                   
1894 621 100 -759 15836           Fasana            0      10115      -16                                   
1894 621 500 -759 15836           Fasana            0      10106      -21                                   
1894 621 900 -759 15836           Fasana            0      10130      -33                                   
1894 6211300 -759 15836           Fasana           26      10117      -32                                   
1894 6211700 -759 15836           Fasana            0      10116      -37                                   
1894 6212100 -759 15836           Fasana            0      10128      -31                                   
1894 622 100 -759 15836           Fasana                   10113      -19                                   
1894 622 500 -759 15836           Fasana           26      10096      -26                                   
1894 622 900 -758 15836           Fasana           26      10102      -29                                   
1894 6221300 -757 15836           Fasana                   10105      -38                                   
1894 6221700 -755 15835           Fasana           46      10089      -36                                   
1894 6222100 -754 15835           Fasana                   10106      -17                                   
1894 623 100 -753 15834           Fasana                   10103      -20                                   
1894 623 500 -752 15834           Fasana                   10085      -19                                   
1894 623 900 -751 15833           Fasana                   10109      -31                                   
1894 6231300 -749 15833           Fasana                   10115      -34                                   
1894 6231700 -748 15833           Fasana                   10086      -38                                   
1894 6232100 -747 15832           Fasana                   10111      -36                                   
1894 624 100 -746 15832           Fasana                   10111      -27                                   
1894 624 500 -745 15831           Fasana                   10080      -24                                   
1894 624 900 -743 15831           Fasana                   10103      -32                                   
1894 6241300 -742 15830           Fasana                   10110      -27                                   
1894 6241700 -741 15830           Fasana                   10102      -34                                   
1894 6242100 -741 15830           Fasana                   10113      -33                                   
1894 625 100 -741 15830           Fasana                   10094      -12                                   
1894 625 500 -741 15830           Fasana           10      10079      -18                                   
1894 625 900 -741 15830           Fasana                   10095      -23                                   
1894 6251300 -741 15830           Fasana                   10098      -27                                   
1894 6301800 -812 15712           Fasana            0      10073      -36                                   
1894 6302200 -812 15712           Fasana            0      10108      -22                                   
1894 7 1 200 -812 15712           Fasana            0      10081      -14                                   
1894 7 1 600 -812 15712           Fasana            0      10078      -26                                   
1894 7 11000 -812 15712           Fasana                   10093      -29                                   
1894 7 11400 -812 15712           Fasana            0      10086      -28                                   
1894 7 11800 -813 15712           Fasana            0      10081      -34                                   
1894 7 12200 -812 15712           Fasana            0      10091      -23                                   
1894 7 2 200 -812 15712           Fasana            0      10083      -17                                   
1894 7 2 600 -812 15712           Fasana            0      10059       -9                                   
1894 7 21000 -812 15712           Fasana            0      10091      -30                                   
1894 7 21400 -812 15712           Fasana                   10091      -33                                   
1894 7 21800 -812 15712           Fasana           26      10084      -37                                   
1894 7 22200 -810 15703           Fasana           10      10104      -30                                   
1894 7 3 200 -809 15694           Fasana            0      10094      -17                                   
1894 7 3 600 -807 15684           Fasana                   10066       -9                                   
1894 7 31000 -805 15675           Fasana                   10085      -22                                   
1894 7 31400 -804 15666           Fasana                   10109      -37                                   
1894 7 31800 -802 15657           Fasana            0      10098      -41                                   
1894 7 32200 -793 15651           Fasana            0      10105      -46                                   
1894 7 4 200 -785 15646           Fasana            0      10120      -38                                   
1894 7 4 600 -776 15640           Fasana            0      10074       -4                                   
1894 7 41000 -767 15635           Fasana            0      10102      -20                                   
1894 7 41400 -759 15629           Fasana                   10111      -31                                   
1894 7 41800 -750 15624           Fasana           26      10103      -43                                   
1894 7 42200 -741 15618           Fasana                   10116      -25                                   
1894 7 5 200 -733 15613           Fasana                   10103      -16                                   
1894 7 5 600 -724 15607           Fasana                   10086      -18                                   
1894 7 51000 -715 15602           Fasana                   10100      -24                                   
1894 7 51400 -707 15596           Fasana                   10096      -32                                   
1894 7151800 -645 15554           Fasana            0      10095      -34                                   
1894 7152200 -644 15554           Fasana                   10128      -34                                   
1894 716 200 -644 15554           Fasana                   10105      -25                                   
1894 716 600 -644 15554           Fasana           10      10078      -22                                   
1894 7161000 -645 15554           Fasana                   10100      -31                                   
1894 7161400 -645 15554           Fasana                   10111      -35                                   
1894 7161800 -645 15554           Fasana           10      10092      -35                                   
1894 7162200 -661 15554           Fasana                   10116      -27                                   
1894 717 200 -677 15554           Fasana                   10090      -12                                   
1894 717 600 -692 15554           Fasana                   10071      -12                                   
1894 7171000 -708 15555           Fasana                   10096      -29                                   
1894 7171400 -724 15555           Fasana                   10112      -35                                   
1894 7171800 -740 15555           Fasana           46      10089      -39                                   
1894 7172200 -725 15532           Fasana                   10106      -28                                   
1894 718 200 -711 15508           Fasana                   10100      -17                                   
1894 718 600 -696 15485           Fasana                   10080      -15                                   
1894 7181000 -682 15462           Fasana                   10092      -17                                   
1894 7181400 -667 15438           Fasana                   10093      -21                                   
1894 7181800 -653 15415           Fasana            0      10081      -23                                   
1894 7182200 -632 15387           Fasana            0      10101      -22                                   
1894 719 200 -610 15358           Fasana            0      10093       -9                                   
1894 719 600 -589 15330           Fasana                   10074       -8                                   
1894 7191000 -568 15302           Fasana                   10092      -20                                   
1894 7191400 -546 15273           Fasana                   10098      -24                                   
1894 7191800 -525 15245           Fasana            0      10077      -22                                   
1894 7192200 -504 15217           Fasana            0      10098      -21                                   
1894 720 200 -482 15188           Fasana                   10084       -8                                   
1894 720 600 -461 15160           Fasana                   10074       -6                                   
1894 7201000 -440 15132           Fasana                   10099      -19                                   
1894 7201400 -418 15103           Fasana                   10096      -22                                   
1894 7201400 -414 15211           Fasana                   10113      -36                                   
1894 7201800 -414 15211           Fasana           10      10086      -25                                   
1894 7202200 -414 15211           Fasana            0      10108      -25                                   
1894 721 200 -414 15211           Fasana            0      10095      -12                                   
1894 721 600 -414 15211           Fasana            0      10071       -4                                   
1894 7211000 -414 15211           Fasana            0      10096      -21                                   
1894 7211400 -414 15211           Fasana            0      10111      -31                                   
1894 7211800 -414 15211           Fasana            0      10100      -33                                   
1894 7212200 -414 15211           Fasana            0      10114      -17                                   
1894 722 200 -414 15211           Fasana            0      10096       -1                                   
1894 722 600 -414 15211           Fasana            0      10100      -25                                   
1894 7221000 -414 15211           Fasana            0      10108      -29                                   
1894 7221400 -414 15211           Fasana            0      10111      -27                                   
1894 7221800 -414 15211           Fasana            0      10109      -35                                   
1894 7222200 -414 15211           Fasana            0      10114       -8                                   
1894 723 200 -414 15211           Fasana            0      10098       -7                                   
1894 723 600 -414 15211           Fasana            0      10079       -6                                   
1894 7231000 -414 15211           Fasana            0      10101      -19                                   
1894 7231400 -414 15211           Fasana                   10104      -22                                   
1894 7231800 -414 15211           Fasana           26      10091      -28                                   
1894 7232200 -414 15211           Fasana                   10106       -7                                   
1894 724 200 -414 15211           Fasana                   10092       -1                                   
1894 724 600 -414 15211           Fasana                   10065       -9                                   
1894 7241000 -414 15211           Fasana                   10093      -19                                   
1894 7241400 -414 15211           Fasana                   10096      -22                                   
1894 7241800 -414 15211           Fasana           26      10100      -27                                   
1894 7242200 -414 15211           Fasana                   10114      -25                                   
1894 725 200 -414 15211           Fasana                   10094       -6                                   
1894 725 600 -414 15211           Fasana                   10072       -8                                   
1894 7251000 -414 15211           Fasana                   10090      -22                                   
1894 7251400 -414 15211           Fasana                   10097      -25                                   
1894 7301400 -288 14862           Fasana           10                                                       
1894 7301800 -306 14892           Fasana           10      10076      -29                                   
1894 7302200 -324 14922           Fasana           10      10099      -30                                   
1894 731 200 -341 14953           Fasana                   10086       -2                                   
1894 731 600 -359 14983           Fasana           10      10060       -1                                   
1894 7311000 -377 15013           Fasana                   10086      -16                                   
1894 7311400 -394 15044           Fasana                   10097      -28                                   
1894 7311800 -412 15074           Fasana           10      10090      -25                                   
1894 7312200 -430 15104           Fasana                   10112      -22                                   
1894 8 1 200 -447 15135           Fasana                   10101      -10                                   
1894 8 1 600 -465 15165           Fasana           46      10082      -17                                   
1894 8 11000 -483 15195           Fasana                   10108      -21                                   
1894 8 11400 -500 15226           Fasana                   10105      -17                                   
1894 8 11800 -518 15256           Fasana           26      10095      -29                                   
1894 8 12200 -536 15286           Fasana                   10125      -27                                   
1894 8 2 200 -553 15317           Fasana                   10107      -15                                   
1894 8 2 600 -571 15347           Fasana                   10083      -12                                   
1894 8 21000 -589 15377           Fasana                   10098      -19                                   
1894 8 21400 -606 15408           Fasana                   10096      -17                                   
1894 8 21800 -624 15438           Fasana           26      10083      -19                                   
1894 8 22200 -624 15450           Fasana                   10107      -17                                   
1894 8 3 200 -624 15462           Fasana                   10092      -11                                   
1894 8 3 600 -623 15474           Fasana                   10074      -11                                   
1894 8 31000 -623 15486           Fasana                   10097      -25                                   
1894 8 31400 -623 15498           Fasana                   10106      -29                                   
1894 8 31800 -623 15510           Fasana            0      10087      -33                                   
1894 8 32200 -623 15522           Fasana            0      10115      -37                                   
1894 8 4 200 -623 15534           Fasana                   10091      -21                                   
1894 8 4 600 -622 15546           Fasana           10      10069      -16                                   
1894 8 41000 -622 15558           Fasana                   10089      -24                                   
1894 8 41400 -622 15570           Fasana                   10092      -32                                   
1894 8 41800 -319 15514           Fasana           10      10090      -32                                   
1894 8 42200 -346 15520           Fasana                   10070      -14                                   
1894 8 5 200 -374 15525           Fasana                   10074       -8                                   
1894 8 5 600 -401 15531           Fasana                   10059      -10                                   
1894 8 51000 -428 15537           Fasana                              -27                                   
1894 8 51400 -456 15542           Fasana                              -24                                   
1894 8 51800 -483 15548           Fasana            0      10071      -37                                   
1894 8 52200 -510 15554           Fasana                   10084      -25                                   
1894 8 6 200 -538 15559           Fasana                   10068       -7                                   
1894 8 6 600 -565 15565           Fasana                   10051      -12                                   
1894 8 61000 -592 15571           Fasana                   10074      -27                                   
1894 8 61400 -620 15576           Fasana                   10085      -34                                   
1894 8 61800 -647 15582           Fasana           10      10063      -40                                   
1894 8 62200 -674 15588           Fasana                   10091      -27                                   
1894 8 7 200 -702 15593           Fasana                   10075      -16                                   
1894 8 7 600 -729 15599           Fasana                   10058      -17                                   
1894 8 71000 -756 15605           Fasana                   10083      -18                                   
1894 8 71400 -784 15610           Fasana                   10088      -24                                   
1894 8 71800 -811 15616           Fasana           10      10070      -28                                   
1894 8 72200 -812 15622           Fasana                   10094      -21                                   
1894 8 8 200 -813 15627           Fasana                   10077      -11                                   
1894 8 8 600 -814 15633           Fasana                   10062      -11                                   
1894 8 81000 -815 15639           Fasana                   10092      -21                                   
1894 8 81400 -816 15644           Fasana                              -34                                   
1894 8 81800 -817 15650           Fasana           10      10082      -35                                   
1894 8 82200 -818 15656           Fasana                   10105      -28                                   
1894 8 9 200 -819 15661           Fasana                   10093      -23                                   
1894 8 9 600 -820 15667           Fasana                   10078      -16                                   
1894 8 91000 -821 15673           Fasana                   10101      -27                                   
1894 8 91400 -822 15678           Fasana                   10099      -24                                   
1894 8 91400 -912 15732           Fasana           93      10097      -28                                   
1894 8 91800 -912 15732           Fasana           67      10085      -28                                   
1894 8 92200 -912 15732           Fasana           93      10103      -21                                   
1894 810 200 -912 15732           Fasana           93      10098      -17                                   
1894 810 600 -912 15732           Fasana           93      10077      -19                                   
1894 8101000 -912 15732           Fasana           93      10105      -25                                   
1894 8101400 -939 15679           Fasana           93      10098      -32                                   
1894 8101800 -939 15627           Fasana           93      10088      -27                                   
1894 8102200 -939 15632           Fasana           93      10108      -27                                   
1894 811 200 -939 15637           Fasana           93      10107      -24                                   
1894 811 600 -939 15642           Fasana           93      10093      -36                                   
1894 8111000 -939 15647           Fasana           93      10106      -34                                   
1894 8111400-1030 15652           Fasana           93      10114      -30                                   
1894 8111800-1030 15652           Fasana           93      10080      -28                                   
1894 8112200-1030 15652           Fasana           93      10106      -26                                   
1894 812 200-1030 15652           Fasana           93      10101      -27                                   
1894 812 600-1030 15652           Fasana           93      10085      -25                                   
1894 8121000-1030 15652           Fasana           93      10107      -29                                   
1894 8121400-1233 15680           Fasana           93      10122      -32                                   
1894 8121800-1233 15680           Fasana           93      10102      -33                                   
1894 8122200-1233 15680           Fasana           93      10122      -28                                   
1894 813 200-1233 15680           Fasana           93      10120      -28                                   
1894 813 600-1233 15680           Fasana           93      10100      -28                                   
1894 8131000-1233 15680           Fasana           93      10120      -29                                   
1894 8131400-1279 15411           Fasana           67      10123      -33                                   
1894 8131800-1326 15411           Fasana           67      10113      -34                                   
1894 8132200-1372 15411           Fasana                   10130      -31                                   
1894 814 200-1419 15411           Fasana                   10119      -21                                   
1894 814 600-1465 15411           Fasana                   10101      -24                                   
1894 8141000-1512 15411           Fasana                   10128      -33                                   
1894 8241500-1035 14213           Fasana                   10107      -39                                   
1894 8241900-1035 14213           Fasana           46      10100      -42                                   
1894 8242300-1035 14213           Fasana                   10122      -37                                   
1894 825 300-1035 14213           Fasana           46      10104      -26                                   
1894 825 700-1035 14213           Fasana                   10080      -25                                   
1894 8251100-1035 14213           Fasana                   10102      -31                                   
1894 8251500-1035 14213           Fasana                   10107      -39                                   
1894 8251900-1035 14213           Fasana           46      10100      -43                                   
1894 8252300-1035 14213           Fasana           46      10124      -21                                   
1894 826 300-1035 14213           Fasana           46      10109      -23                                   
1894 826 700-1035 14213           Fasana                   10077      -22                                   
1894 8261100-1036 14213           Fasana                   10108      -38                                   
1894 8261500-1036 14213           Fasana                   10110      -40                                   
1894 8261900-1037 14213           Fasana           26      10103      -35                                   
1894 8262300-1037 14213           Fasana                   10121      -32                                   
1894 827 300-1037 14213           Fasana           26      10106      -25                                   
1894 827 700-1038 14197           Fasana                   10081      -27                                   
1894 8271100-1038 14182           Fasana                   10099      -36                                   
1894 8271500-1039 14166           Fasana                   10110      -37                                   
1894 8271900-1039 14151           Fasana           26      10105      -39                                   
1894 8272300-1039 14128           Fasana                   10123      -27                                   
1894 828 300-1038 14105           Fasana                   10111      -29                                   
1894 828 700-1038 14082           Fasana                   10084      -32                                   
1894 8281100-1038 14060           Fasana                   10104      -32                                   
1894 8281500-1037 14037           Fasana                   10106      -32                                   
1894 8281900-1037 14014           Fasana           46      10101      -35                                   
1894 8282300-1037 13991           Fasana                   10126      -29                                   
1894 829 300-1036 13968           Fasana           46      10112      -29                                   
1894 829 700-1036 13946           Fasana                   10082      -23                                   
1894 8291100-1036 13923           Fasana                   10098      -28                                   
1894 8291500-1035 13900           Fasana                   10113      -33                                   
1894 8291500-1024 13836           Fasana                   10105      -31                                   
1894 8291900-1024 13836           Fasana           46      10089      -33                                   
1894 8292300-1024 13836           Fasana           46      10114      -28                                   
1894 830 300-1024 13836           Fasana           46      10105      -26                                   
1894 830 700-1024 13836           Fasana           26      10081      -24                                   
1894 8301100-1024 13836           Fasana           26      10106      -28                                   
1894 8301500 -984 13775           Fasana                   10106      -29                                   
1894 8301900 -943 13714           Fasana           67      10102      -33                                   
1894 8302300 -943 13714           Fasana           67      10116      -22                                   
1894 831 300 -943 13714           Fasana           67      10115      -20                                   
1894 831 700 -943 13714           Fasana           67      10091      -22                                   
1894 8311100 -943 13714           Fasana           67      10100      -26                                   
1894 8311500 -931 13636           Fasana                   10105      -25                                   
1894 8311900 -920 13559           Fasana           46      10102      -31                                   
1894 8312300 -920 13559           Fasana                   10120      -28                                   
1894 9 1 300 -920 13559           Fasana                   10106      -22                                   
1894 9 1 700 -920 13559           Fasana            0      10080      -23                                   
1894 9 11100 -920 13559           Fasana                   10106      -27                                   
1894 9 11500 -869 13506           Fasana                   10108      -29                                   
1894 9 11900 -819 13454           Fasana           26      10099      -31                                   
1894 9 12300 -819 13454           Fasana                   10104      -23                                   
1894 9 2 300 -819 13454           Fasana                   10100      -21                                   
1894 9 2 700 -819 13454           Fasana                   10076      -20                                   
1894 9 21100 -819 13454           Fasana                   10098      -24                                   
1894 9 21500 -782 13452           Fasana                   10112      -30                                   
1894 9 21900 -745 13450           Fasana           10      10099      -33                                   
1894 9 22300 -745 13448           Fasana                   10122      -27                                   
1894 9 3 300 -745 13446           Fasana                   10111      -20                                   
1894 9 3 700 -745 13444           Fasana           26      10082      -21                                   
1894 9 31100 -745 13442           Fasana           26      10106      -28                                   
1894 9 31500 -745 13440           Fasana                   10112      -30                                   
