1894 2262100-1800 16903           Fearless         46                 278                                   
1894 227 900-1800 16903           Fearless         26      10120      289                                   
1894 2272100-1800 16903           Fearless         26      10106      272                                   
1894 228 900-1800 16903           Fearless         93      10121      283                                   
1894 2282100-1800 16903           Fearless         93      10090      267                                   
1894 3 1 900-1800 16903           Fearless                 10089      278                                   
1894 3 12100-1800 16903           Fearless         26      10090      272                                   
1894 3 2 900-1800 16903           Fearless         46      10072      278                                   
1894 3 22100-1800 16903           Fearless                 10053      289                                   
1894 3 3 900-1800 16903           Fearless         10      10052      294                                   
1894 3 32100-1800 16903           Fearless         26      10067      306                                   
1894 3 4 900-1800 16903           Fearless         26      10067      289                                   
1894 3 42100-1800 16903           Fearless         10      10065      317                                   
1894 3 5 900-1789 16892           Fearless         10      10065      300                                   
1894 3 52100-1777 16881           Fearless         10      10070      289                                   
1894 3 6 900-1766 16870           Fearless         10      10059      294                                   
1894 3 62100-1755 16859           Fearless         26      10026      289                                   
1894 3 7 900-1743 16848           Fearless         46      10040      283                                   
1894 3 92100-1732 16837           Fearless                                                                  
1894 3302100-1626 16818           Fearless         46                 272                                   
1894 331 900-1626 16818           Fearless         26                 289                                   
1894 3312100-1626 16818           Fearless         10                 278                                   
1894 4 1 900-1626 16818           Fearless         26                 294                                   
1894 4 12100-1626 16818           Fearless         46                                                       
1894 4 2 900-1626 16818           Fearless        123                 289                                   
1894 4 22100-1626 16818           Fearless         26                 283                                   
1894 4 3 900-1626 16818           Fearless         67                 289                                   
1894 4 32100-1626 16818           Fearless         67                 278                                   
1894 4 4 900-1626 16818           Fearless         46                 294                                   
1894 4 42100-1626 16818           Fearless         46                 272                                   
1894 4 62100-1626 16818           Fearless          0                 278                                   
1894 4 7 900-1626 16818           Fearless          0                 289                                   
1894 4 72100-1626 16818           Fearless          0                 289                                   
1894 4 8 900-1626 16818           Fearless         26                 300                                   
1894 4 82100-1626 16818           Fearless         93                 278                                   
1894 4 9 900-1626 16818           Fearless         26                 300                                   
1894 4 92100-1626 16818           Fearless         26                 272                                   
1894 410 900-1626 16818           Fearless         67                 289                                   
1894 4102100-1626 16818           Fearless         26                 267                                   
1894 411 900-1626 16818           Fearless         26                 278                                   
1894 4112100-1626 16818           Fearless         26                 272                                   
1894 412 900-1626 16818           Fearless         26                 294                                   
1894 4122100-1626 16818           Fearless         26                 267                                   
1894 413 900-1626 16818           Fearless          0                 294                                   
1894 4132100-1626 16747           Fearless         26                                                       
1894 414 900-1626 16747           Fearless          0                 278                                   
1894 4142100-1626 16747           Fearless         26                 272                                   
1894 415 900-1626 16747           Fearless          0                 283                                   
1894 417 900-1670 16810           Fearless         26                                                       
1894 5152100-1518 16655           Fearless         46      10104      278                                   
1894 516 900-1518 16655           Fearless         26      10094      278                                   
1894 5162100-1518 16655           Fearless         67      10071      272                                   
1894 517 900-1518 16655           Fearless         93      10074      278                                   
1894 5172100-1518 16655           Fearless        123      10082      267                                   
1894 518 900-1416 16730           Fearless        154      10073      278                                   
1894 5182100-1416 16730           Fearless        123      10071      272                                   
1894 519 900-1350 16726           Fearless        123      10080      278                                   
1894 5192100-1350 16726           Fearless        154      10070      278                                   
1894 520 900-1350 16726           Fearless        123      10073      278                                   
1894 5202100-1350 16726           Fearless         67      10080      278                                   
1894 521 900-1416 16730           Fearless         46      10087      278                                   
1894 5212100-1416 16730           Fearless         67      10072      283                                   
1894 522 900-1416 16730           Fearless         67      10068      289                                   
1894 5222100-1416 16730           Fearless         67      10067      272                                   
1894 523 900-1416 16730           Fearless         93      10072      267                                   
1894 5232100-1416 16730           Fearless         93      10067      278                                   
1894 524 900-1416 16730           Fearless         26      10069      283                                   
1894 5242100-1416 16730           Fearless         67      10071      289                                   
1894 525 900-1416 16730           Fearless         46      10053      278                                   
1894 5252100-1416 16730           Fearless         10      10049      283                                   
1894 526 900-1416 16730           Fearless         46      10037      272                                   
1894 5262100-1416 16730           Fearless         26      10045      289                                   
1894 527 900-1416 16730           Fearless         26      10029      300                                   
1894 5272100-1416 16730           Fearless          0      10038      289                                   
1894 528 900-1416 16730           Fearless         26      10060      278                                   
1894 5282100-1416 16730           Fearless         46      10089      267                                   
1894 529 900-1416 16730           Fearless         46      10094      272                                   
1894 5292100-1416 16730           Fearless        123      10075      267                                   
1894 530 900-1350 16726           Fearless         46      10086      283                                   
1894 5302100-1350 16726           Fearless          0      10105      267                                   
1894 531 900-1350 16726           Fearless          0      10114      272                                   
1894 5312100 1141 16450           Fearless                            283                                   
1894 5312100 1154 16450           Fearless         26      10092      283                                   
1894 6 1 900 1167 16450           Fearless         93      10086      278                                   
1894 6 12100 1180 16450           Fearless        123      10093      272                                   
1894 6 2 900 1193 16450           Fearless        123      10086      278                                   
1894 6 22100 1206 16450           Fearless        123      10068      283                                   
1894 6 3 900 1218 16450           Fearless         93      10071      289                                   
1894 6 32100 1231 16450           Fearless         67      10073      278                                   
1894 6 4 900 1244 16450           Fearless         93      10067      294                                   
1894 6 42100 1257 16450           Fearless         93      10066      278                                   
1894 6 5 900 1270 16450           Fearless         67      10054      289                                   
1894 6 52100 1283 16450           Fearless         67      10065      283                                   
1894 6 6 900 1295 16450           Fearless         93      10054      272                                   
1894 6 61300 1308 16450           Fearless         46      10052      283                                   
1894 6 62100 1321 16450           Fearless         93      10059      278                                   
1894 6 7 100 1334 16450           Fearless         46      10079      283                                   
1894 6 7 500 1347 16450           Fearless         46      10051      289                                   
1894 6 7 900 1360 16450           Fearless         46      10051      289                                   
1894 6 71300 1372 16450           Fearless         10      10066      278                                   
1894 6 71700 1385 16450           Fearless         46      10058      289                                   
1894 6 72100 1398 16450           Fearless         26      10071      294                                   
1894 6 8 100 1411 16248           Fearless         26      10069      283                                   
1894 6 8 500 1413 16046           Fearless         26      10053      278                                   
1894 6 8 900 1415 15844           Fearless         26      10070      278                                   
1894 6 81400 1416 15642           Fearless         26      10066      283                                   
1894 6 81800 1418 15440           Fearless         26      10069      283                                   
1894 6 82200 1420 15238           Fearless         26      10072      289                                   
1894 6 9 200 1422 15036           Fearless         46      10079      283                                   
1894 6 9 600 1424 14834           Fearless         26      10073      278                                   
1894 6 91000 1426 14632           Fearless         26      10063      278                                   
1894 6 91700-1446 16208           Fearless         26      10134     -132                                   
1894 6 92100-1446 16161           Fearless         26      10072      289                                   
1894 610 100-1446 16115           Fearless         26      10064      294                                   
1894 610 500-1446 16068           Fearless         46      10058      289                                   
1894 610 900-1446 16022           Fearless         46      10066      283                                   
1894 6101300-1446 15975           Fearless                                                                  
1894 6101700-1446 15929           Fearless         67      10065      289                                   
1894 6102100-1446 15882           Fearless         67      10068      289                                   
1894 611 100-1446 15836           Fearless         93      10065      289                                   
1894 611 500-1446 15789           Fearless         93      10059      283                                   
1894 6111000-1446 15743           Fearless        123      10073      278                                   
1894 6111400-1446 15696           Fearless                                                                  
1894 6111800-1446 15650           Fearless        154      10075      267                                   
1894 6112200-1446 15603           Fearless        154      10095      267                                   
1894 612 200-1500 15557           Fearless        154      10076      267                                   
1894 612 600-1500 15557           Fearless        154      10069      267                                   
1894 6121000-1500 15557           Fearless        154      10098      256                                   
1894 6121400-1500 15557           Fearless                                                                  
1894 6121800-1500 15557           Fearless        154      10083      261                                   
1894 6122200-1500 15557           Fearless        123      10089      267                                   
1894 613 200-1500 15370           Fearless        123      10081      272                                   
1894 613 600-1500 15370           Fearless        123      10071      272                                   
1894 6131000-1500 15370           Fearless        123      10074      278                                   
1894 6131400-1500 15370           Fearless                                                                  
1894 6131800-1500 15370           Fearless         93      10098      256                                   
1894 6132200-1500 15370           Fearless         93      10088      272                                   
1894 614 200-1500 15010           Fearless         67      10087      278                                   
1894 614 600-1500 15010           Fearless         67      10076      261                                   
1894 6141000-1500 15010           Fearless         93      10091      256                                   
1894 8 51800-1568 14920           Fearless         93      10111      256                                   
1894 8 52200-1547 14920           Fearless         93      10123      267                                   
1894 8 6 200-1526 14920           Fearless         93      10122      272                                   
1894 8 6 600-1505 14920           Fearless         93      10115      272                                   
1894 8 61000-1484 14920           Fearless         93      10123      267                                   
1894 8 61400-1463 14920           Fearless        123      10130      261                                   
1894 8 61800-1442 14920           Fearless         93      10124      256                                   
1894 8 62200-1421 14920           Fearless         67      10136      267                                   
1894 8 7 200-1400 14920           Fearless         93      10089      267                                   
1894 8 7 600-1400 14920           Fearless         93      10084      256                                   
1894 8 71400 1400 14920           Fearless         93      10104      256                                   
1894 8 8 200-1400 15220           Fearless         93      10116      261                                   
1894 8 8 600-1393 15220           Fearless         93      10090      256                                   
1894 8 81000-1386 15220           Fearless         93      10096      261                                   
1894 8 81400-1379 15220           Fearless         93      10104      256                                   
1894 8 81800-1372 15220           Fearless        123      10110      256                                   
1894 8 82200-1365 15220           Fearless        123      10116      261                                   
1894 8 9 200-1358 15220           Fearless         93      10115      267                                   
1894 8 9 600-1352 15256           Fearless        123      10102      267                                   
1894 8 91000-1345 15291           Fearless         93      10109      261                                   
1894 8 91400-1338 15327           Fearless         93      10110      256                                   
1894 8 91800-1331 15363           Fearless         93      10104      250                                   
1894 8 92200-1324 15398           Fearless         93      10117      256                                   
1894 810 200-1317 15434           Fearless         93      10106      261                                   
1894 810 600-1310 15470           Fearless         93      10130      256                                   
1894 8101000-1303 15505           Fearless         93      10137      256                                   
1894 8101400-1296 15541           Fearless         93      10145      250                                   
1894 8101400-1268 15460           Fearless         67      10124      250                                   
1894 8101800-1298 15448           Fearless         93      10158      250                                   
1894 8102200-1329 15436           Fearless         67      10164      256                                   
1894 811 200-1359 15424           Fearless         67      10131      256                                   
1894 811 600-1389 15412           Fearless         67      10110      256                                   
1894 8111000-1420 15400           Fearless         67      10124      256                                   
1894 8111400-1450 15387           Fearless         26      10117      256                                   
1894 8111800-1480 15375           Fearless         67      10119      244                                   
1894 8112200-1511 15363           Fearless         67      10131      256                                   
1894 812 200-1541 15351           Fearless         46      10124      261                                   
1894 812 600-1562 15362           Fearless         46      10107      261                                   
1894 8121000-1584 15373           Fearless         46      10118      256                                   
1894 8121400-1605 15384           Fearless         46      10125      256                                   
1894 8121800-1627 15395           Fearless         10      10119      250                                   
1894 8122200-1648 15406           Fearless         26      10133      250                                   
1894 813 200-1670 15417           Fearless         46      10119      256                                   
1894 813 600-1642 15437           Fearless         46      10112      256                                   
1894 8131000-1613 15458           Fearless         46      10118      256                                   
1894 8131400-1585 15478           Fearless         67      10125      256                                   
1894 8131800-1557 15499           Fearless         67      10119      250                                   
1894 8132200-1528 15519           Fearless         67      10131      256                                   
1894 814 200-1500 15540           Fearless         67      10117      261                                   
1894 814 600-1472 15560           Fearless         67      10111      256                                   
1894 8141000-1443 15581           Fearless         67      10117      256                                   
1894 8141800-1415 15601           Fearless         67      10125      250                                   
1894 8142200-1387 15622           Fearless         67      10131      256                                   
1894 815 200-1358 15642           Fearless         67      10124      256                                   
1894 815 600-1330 15663           Fearless         93      10117      256                                   
1894 8151000-1302 15683           Fearless         93      10124      250                                   
1894 816 200-1659 15612           Fearless         46      10132      256                                   
1894 8172200-1648-15652           Fearless         67      10125      256                                   
1894 818 200-1821 15640           Fearless         67      10162      244                                   
1894 818 600-1805 15667           Fearless         67      10147      250                                   
1894 8181000-1788 15694           Fearless         93      10161      244                                   
1894 8181400-1772 15721           Fearless         93      10155      239                                   
1894 8181800-1756 15748           Fearless         93      10155      239                                   
1894 8182100-1739 15775           Fearless         93      10162      239                                   
1894 819 100-1723 15802           Fearless         93      10162      239                                   
1894 819 500-1706 15807           Fearless         93      10141      244                                   
1894 819 900-1688 15812           Fearless         93      10162      239                                   
1894 8191300-1671 15816           Fearless        123      10162      239                                   
1894 8191700-1654 15821           Fearless         93      10156      233                                   
1894 8192100-1636 15826           Fearless         93      10161      244                                   
1894 820 100-1619 15831           Fearless         93      10160      244                                   
1894 820 500-1602 15836           Fearless         93      10125      256                                   
1894 820 900-1584 15841           Fearless         93      10139      250                                   
1894 8201300-1567 15846           Fearless        123      10143      244                                   
1894 821 400 1500 11800           Fearless         93      10138      256                                   
1894 8211800-1555 15524           Fearless         93      10132      250                                   
1894 8212200-1554 15499           Fearless         67      10132      250                                   
1894 822 200-1554 15474           Fearless         67      10131      256                                   
1894 822 600-1553 15449           Fearless         67      10117      261                                   
1894 8221000-1552 15424           Fearless         67      10117      261                                   
1894 8221400-1552 15400           Fearless         67      10111      256                                   
1894 8221800-1551 15375           Fearless         46      10111      256                                   
1894 8222200-1551 15350           Fearless         46      10120      261                                   
1894 823 200-1550 15325           Fearless         46      10109      267                                   
1894 823 600-1548 15278           Fearless         46      10088      272                                   
1894 8231000-1547 15231           Fearless         67      10103      267                                   
1894 8231400-1545 15183           Fearless         46      10130      244                                   
1894 8231800-1543 15136           Fearless         67      10112      250                                   
1894 8232200-1542 15089           Fearless         46      10119      250                                   
1894 824 200-1540 15042           Fearless         46      10125      256                                   
1894 824 600-1558 15004           Fearless         46      10111      256                                   
1894 8241000-1577 14966           Fearless         46      10126      250                                   
1894 8241400-1595 14928           Fearless         26      10130      244                                   
1894 8241800-1613 14890           Fearless         46      10132      233                                   
1894 8242200-1632 14852           Fearless         46      10135      239                                   
1894 825 200-1650 14814           Fearless         26      10127      244                                   
1894 825 600-1668 14776           Fearless         26      10114      244                                   
1894 8251000-1687 14738           Fearless         26      10119      256                                   
1894 8251400-1705 14700           Fearless         26      10127      244                                   
1894 8271800-3850 15247           Fearless        190       9845      172                                   
1894 8272200-3799 15235           Fearless        190       9886      167                                   
1894 828 200-3749 15223           Fearless        190       9918      172                                   
1894 828 600-3698 15211           Fearless        154       9967      178                                   
1894 8281000-3648 15199           Fearless        190       9988      156                                   
1894 8281400-3597 15186           Fearless        268       9998      172                                   
1894 8281800-3547 15174           Fearless        226      10019      167                                   
1894 8282200-3497 15162           Fearless        190      10037      172                                   
1894 829 200-3446 15150           Fearless        123      10050      178                                   
1894 829 600-3395 15138           Fearless         93      10087      156                                   
1894 8291000-3345 15126           Fearless         67      10103      156                                   
1894 8291400-3294 15113           Fearless         67      10119      156                                   
1894 8291800-3244 15101           Fearless         67      10120      150                                   
1894 8292200-3193 15089           Fearless         67      10105      156                                   
1894 9161400-1540 14826           Fearless        123      10126      244                                   
1894 917 200-1540 14826           Fearless        123      10126      244                                   
1894 917 600-1540 14826           Fearless        123      10119      250                                   
1894 9171000-1540 14826           Fearless        123      10125      256                                   
1894 9171400-1540 14826           Fearless        154      10131      256                                   
1894 9171800-1540 14826           Fearless        123      10133      244                                   
1894 9172200-1540 14826           Fearless        154      10132      250                                   
1894 918 200-1437 15005           Fearless        123      10125      250                                   
1894 918 600-1395 15022           Fearless        123      10118      250                                   
1894 9181000-1354 15040           Fearless        154      10125      250                                   
1894 9181400-1312 15057           Fearless        123      10116      261                                   
1894 9181800-1312 15075           Fearless        154      10130      256                                   
1894 9182200-1312 15092           Fearless        123      10130      256                                   
1894 919 200-1312 15110           Fearless        123      10123      261                                   
1894 919 600-1312 15147           Fearless        123      10117      256                                   
1894 9191000-1312 15185           Fearless        123      10123      261                                   
1894 9191400-1256 15222           Fearless        123      10096      261                                   
1894 9191800-1312 15222           Fearless         93      10116      261                                   
1894 9192200-1312 15222           Fearless        123      10123      261                                   
1894 920 200-1256 15222           Fearless         93      10115      267                                   
1894 920 600-1256 15222           Fearless         93      10088      267                                   
1894 9201000-1256 15222           Fearless        123      10115      267                                   
1894 9201400-1256 15311           Fearless        123      10096      261                                   
1894 9201800-1256 15222           Fearless        154      10101      267                                   
1894 9202200-1256 15222           Fearless        123      10105      267                                   
1894 921 200-1256 15311           Fearless         93      10088      267                                   
1894 921 600-1256 15311           Fearless         67      10078      267                                   
1894 9211000-1256 15311           Fearless         26      10088      267                                   
1894 9211400-1256 15311           Fearless          0      10096      261                                   
1894 9211800-1239 15300           Fearless          0      10102      261                                   
1894 9212200-1248 15300           Fearless         26      10095      267                                   
1894 922 200-1258 15300           Fearless         46      10094      272                                   
1894 922 600-1268 15300           Fearless          0      10079      261                                   
1894 9221000-1277 15300           Fearless         26      10088      267                                   
1894 9221400-1287 15300           Fearless         26      10091      267                                   
1894 9221800-1297 15300           Fearless         26      10081      267                                   
1894 9222200-1306 15300           Fearless         46      10095      267                                   
1894 923 200-1316 15300           Fearless         46      10087      272                                   
1894 923 600-1306 15343           Fearless         46      10069      278                                   
1894 9231000-1295 15386           Fearless         67      10087      272                                   
1894 9231400-1285 15429           Fearless         67      10088      267                                   
1894 9231800-1275 15473           Fearless         67      10081      267                                   
1894 9232200-1264 15516           Fearless         67      10081      267                                   
1894 924 200-1254 15559           Fearless         67      10074      267                                   
1894 924 600-1254 15584           Fearless         67      10068      267                                   
1894 9241000-1253 15608           Fearless         67      10088      267                                   
1894 9241400-1253 15633           Fearless         67      10088      267                                   
1894 9241800-1253 15658           Fearless         67      10096      261                                   
1894 9242200-1252 15683           Fearless         67      10088      267                                   
1894 925 200-1252 15707           Fearless         67      10081      267                                   
1894 925 600-1252 15732           Fearless         93      10075      261                                   
1894 925 900-1251 15757           Fearless         93      10096      261                                   
1894 9251300-1251 15782           Fearless         67      10101      267                                   
1894 9251700-1251 15806           Fearless         67      10088      267                                   
1894 9252100-1250 15831           Fearless         46      10105      267                                   
1894 926 100-1250 15856           Fearless         46      10086      278                                   
1894 926 500-1250 15881           Fearless         46      10073      278                                   
1894 926 900-1249 15905           Fearless         46      10087      272                                   
1894 9261300-1249 15930           Fearless         67      10100      278                                   
1894 9261400-1540 15740           Fearless         67      10123      267                                   
1894 9261800-1540 15740           Fearless         93      10103      267                                   
1894 9262200-1540 15740           Fearless         93      10109      267                                   
1894 927 200-1540 15740           Fearless         93      10108      272                                   
1894 927 600-1540 15740           Fearless         67      10101      278                                   
1894 9271000-1540 15740           Fearless         67      10116      267                                   
1894 9271400-1540 15740           Fearless         93      10116      267                                   
1894 9271800-1540 15740           Fearless         67      10116      267                                   
1894 9272200-1540 15740           Fearless         67      10123      267                                   
1894 928 200-1540 15740           Fearless         67      10116      267                                   
1894 928 600-1540 15740           Fearless         67      10103      267                                   
1894 9281000-1540 15740           Fearless         67      10109      267                                   
1894 9281300-1540 15758           Fearless         93      10116      267                                   
1894 9281800-1540 15740           Fearless         93      10116      267                                   
1894 9282200-1540 15740           Fearless         93      10124      261                                   
1894 929 100-1550 15758           Fearless         93      10116      267                                   
1894 929 500-1550 15758           Fearless         93      10107      261                                   
1894 929 900-1550 15758           Fearless         93      10111      256                                   
1894 9291400-1550 15712           Fearless         93      10118      256                                   
1894 9291700-1550 15758           Fearless         93      10124      261                                   
1894 9292100-1550 15758           Fearless         93      10117      261                                   
1894 930 200-1542 15712           Fearless         67      10117      261                                   
1894 930 600-1577 15712           Fearless         67      10110      261                                   
1894 9301000-1613 15712           Fearless         93      10118      256                                   
1894 9301400-1648 15644           Fearless         93      10129      256                                   
1894 9301800-1648 15712           Fearless         93      10120      244                                   
1894 9302200-1648 15712           Fearless         93      10132      256                                   
189410 1 200-1648 15644           Fearless         67      10131      261                                   
189410 1 600-1648 15644           Fearless         67      10125      256                                   
189410 11000-1648 15644           Fearless         67      10136      250                                   
189410 11400-1648 15644           Fearless         67      10130      244                                   
189410 11800-1653 15694           Fearless         67      10126      250                                   
189410 12200-1650 15710           Fearless         67      10125      256                                   
189410 2 200-1648 15726           Fearless         67      10125      256                                   
189410 2 600-1645 15742           Fearless         46      10119      250                                   
189410 2 900-1643 15758           Fearless         10      10126      250                                   
189410 21300-1640 15774           Fearless         10      10125      256                                   
189410 21700-1638 15790           Fearless         10      10125      256                                   
189410 22100-1635 15806           Fearless         10      10116      272                                   
189410 3 100-1633 15822           Fearless         10      10108      278                                   
189410 3 500-1630 15838           Fearless         10      10108      278                                   
189410 3 900-1628 15854           Fearless         46      10097      261                                   
189410 31300-1625 15870           Fearless         46      10105      256                                   
189410 31700-1623 15886           Fearless         46      10091      256                                   
189410 32100-1620 15902           Fearless         46      10097      261                                   
189410 4 100-1618 15918           Fearless         46      10096      267                                   
189410 4 500-1607 15924           Fearless         46      10077      261                                   
189410 4 900-1595 15931           Fearless         46      10091      256                                   
189410 41300-1584 15937           Fearless         26      10105      256                                   
189410 41700-1573 15943           Fearless         10      10091      256                                   
189410 42100-1561 15950           Fearless         26      10096      267                                   
189410 5 100-1550 15956           Fearless         46      10090      261                                   
189410 5 500-1553 15995           Fearless         67      10074      256                                   
189410 5 900-1557 16034           Fearless         67      10084      256                                   
189410 51300-1560 16073           Fearless         46      10091      256                                   
189410 51700-1563 16112           Fearless         46      10097      261                                   
189410 52100-1567 16151           Fearless         26      10089      267                                   
189410 6 100-1570 16190           Fearless         10      10079      289                                   
189410 6 500-1573 16229           Fearless         26      10069      289                                   
189410 6 900-1577 16268           Fearless         67      10088      278                                   
189410 61300-1580 16307           Fearless         46      10096      267                                   
189410 61300-1600 16319           Fearless         46      10123      267                                   
189410 61700-1600 16319           Fearless         46      10104      261                                   
189410 62100-1600 16319           Fearless         46      10110      267                                   
189410 7 100-1600 16319           Fearless         46      10113      289                                   
189410 7 500-1600 16319           Fearless         46      10093      283                                   
189410 7 900-1600 16319           Fearless         67      10115      278                                   
189410 71300-1600 16319           Fearless         67      10122      272                                   
189410 71700-1600 16319           Fearless         46      10123      267                                   
189410 72100-1600 16319           Fearless         67      10121      278                                   
189410 8 100-1600 16319           Fearless         67      10127      283                                   
189410 8 500-1600 16319           Fearless         67      10107      283                                   
189410 8 900-1600 16319           Fearless         46      10121      278                                   
189410 81300-1600 16319           Fearless         67      10115      272                                   
189410 81700-1600 16319           Fearless         67      10123      267                                   
189410 82100-1600 16319           Fearless         67      10115      272                                   
189410 9 100-1600 16319           Fearless         46      10108      278                                   
189410 9 500-1600 16319           Fearless         46      10089      272                                   
189410 9 900-1600 16319           Fearless         67      10109      272                                   
189410 91300-1600 16319           Fearless         46      10116      267                                   
189410 91700-1600 16319           Fearless         46      10103      267                                   
189410 92100-1600 16319           Fearless         46      10109      272                                   
18941010 100-1520 16436           Fearless         46      10100      283                                   
18941010 500-1520 16436           Fearless         46      10087      278                                   
18941010 900-1520 16436           Fearless         67      10105      272                                   
189410101300-1520 16436           Fearless         26      10102      272                                   
189410101700-1520 16436           Fearless         10      10103      267                                   
189410102100-1520 16436           Fearless         26      10115      272                                   
18941011 100-1550 16516           Fearless         26      10108      278                                   
18941011 500-1550 16516           Fearless         10      10086      283                                   
18941011 900-1550 16516           Fearless         26      10108      278                                   
189410111300-1550 16516           Fearless         26      10102      272                                   
189411 92100-1615 16755           Fearless         10      10062      272                                   
18941110 900-1615 16755           Fearless         26      10067      283                                   
189411102100-1615 16755           Fearless         10      10069      267                                   
18941111 900-1615 16755           Fearless         26      10054      278                                   
189411112100-1615 16755           Fearless         67      10083      267                                   
18941112 900-1615 16755           Fearless         46      10080      283                                   
189411122100-1614 16758           Fearless         26      10068      272                                   
18941113 900-1613 16761           Fearless         67      10067      283                                   
189411132100-1612 16764           Fearless         67      10066      267                                   
18941114 900-1612 16767           Fearless         10      10055      272                                   
189411142100-1611 16770           Fearless         10      10063      267                                   
18941115 500-1610 16773           Fearless         10      10014      278                                   
18941115 900-1609 16776           Fearless         67      10004      272                                   
189411151700-1608 16779           Fearless         67       9962      267                                   
189411152100-1608 16782           Fearless         26      10007      278                                   
18941116 900-1607 16786           Fearless         26      10021      272                                   
189411162100-1606 16789           Fearless         26      10039      267                                   
18941117 900-1605 16792           Fearless         26      10054      278                                   
189411172100-1605 16795           Fearless         26      10062      272                                   
18941118 500-1604 16798           Fearless         67      10046      283                                   
18941118 900-1603 16801           Fearless         46      10053      283                                   
189411182100-1602 16804           Fearless         26      10069      267                                   
18941119 900-1602 16807           Fearless         46      10053      283                                   
189411192100-1601 16810           Fearless         26      10072      272                                   
18941120 900-1600 16813           Fearless         46      10066      289                                   
189411202100-1603 16811           Fearless         46      10071      278                                   
18941121 900-1607 16810           Fearless         26      10074      278                                   
189411212100-1610 16808           Fearless         46      10081      278                                   
18941122 900-1614 16807           Fearless         46      10078      278                                   
189411222100-1628 16811           Fearless         46      10075      272                                   
18941123 900-1628 16811           Fearless         67      10080      283                                   
189411232100-1628 16811           Fearless         26      10071      278                                   
18941124 900-1628 16811           Fearless         46      10079      289                                   
189411242100-1628 16811           Fearless         46      10068      278                                   
18941125 900-1628 16811           Fearless         10      10080      283                                   
189411252100-1628 16811           Fearless         10      10068      278                                   
18941126 900-1628 16811           Fearless         46      10073      283                                   
189411262100-1628 16811           Fearless         46      10061      278                                   
18941127 900-1628 16811           Fearless         46      10066      289                                   
189411272100-1628 16811           Fearless         67      10083      267                                   
18941128 900-1628 16811           Fearless         67      10074      278                                   
189411282100-1628 16811           Fearless         67      10096      267                                   
18941129 900-1628 16811           Fearless         67      10089      272                                   
189411292100-1628 16811           Fearless         46      10111      261                                   
18941130 900-1628 16811           Fearless         46      10096      267                                   
189411302100-1628 16811           Fearless         67      10090      261                                   
189412 1 900-1627 16737           Fearless         46      10074      278                                   
189412 12100-1626 16737           Fearless         46      10083      267                                   
189412 2 900-1625 16737           Fearless         67      10070      283                                   
189412 22100-1624 16737           Fearless         26      10083      267                                   
189412 3 900-1623 16737           Fearless         46      10081      278                                   
189412 32100-1622 16737           Fearless         46      10075      272                                   
189412 4 500-1622 16737           Fearless         46      10052      289                                   
189412 4 900-1622 16737           Fearless         46      10060      283                                   
189412 42100-1622 16737           Fearless         46      10055      272                                   
189412 5 900-1622 16737           Fearless         46      10026      283                                   
189412 52100-1622 16737           Fearless         67      10034      278                                   
189412 6 900-1622 16737           Fearless         67      10073      283                                   
189412 62100-1623 16533           Fearless         46      10053      283                                   
189412 7 900-1623 16545           Fearless         26      10059      289                                   
189412 72100-1623 16557           Fearless         26      10068      278                                   
189412 8 500-1623 16569           Fearless         46      10063      267                                   
189412 8 900-1623 16581           Fearless         26      10069      267                                   
189412 82100-1623 16593           Fearless         26      10074      278                                   
189412 9 900-1623 16605           Fearless         46      10067      283                                   
189412 92100-1623 16617           Fearless         26      10078      278                                   
18941210 900-1623 16629           Fearless         46      10073      283                                   
189412102100-1623 16641           Fearless         46      10082      272                                   
18941211 900-1622 16653           Fearless         67      10067      283                                   
189412112100-1620 16665           Fearless         26      10073      267                                   
18941212 900-1619 16677           Fearless         67      10061      278                                   
189412121300-1617 16689           Fearless        154       9990      256                                   
189412122100-1616 16701           Fearless         93      10056      267                                   
18941213 900-1615 16713           Fearless        123      10030      261                                   
189412131300-1613 16725           Fearless        154       9990      256                                   
189412131700-1612 16737           Fearless        190       9974      256                                   
189412132100-1529 16749           Fearless         93       9988      267                                   
18941214 100-1531 16750           Fearless         67      10020      278                                   
18941214 500-1533 16750           Fearless         46      10032      289                                   
18941214 900-1534 16750           Fearless         26      10037      278                                   
189412142100-1536 16766           Fearless         46      10039      267                                   
18941215 900-1538 16781           Fearless         26      10054      278                                   
189412152100-1540 16797           Fearless         26      10056      267                                   
18941216 900-1541 16813           Fearless         26      10047      278                                   
189412162100-1543 16829           Fearless         26      10057      278                                   
18941217 900-1545 16844           Fearless         10      10039      283                                   
189412172100-1545 16860           Fearless         10      10066      283                                   
18941218 900-1545 16876           Fearless         10      10065      289                                   
189412182100-1545 16891           Fearless         26      10060      278                                   
18941219 900-1545 16907           Fearless         46      10065      289                                   
18941231 100-1529 16532           Fearless         26      10046      306                                   
189412311300-1421 16251           Fearless         26      10050      294                                   
189412311700-1434 16251           Fearless         26      10045      289                                   
189412312100-1447 16251           Fearless         26      10036      300                                   
1895 1 1 100-1460 16251           Fearless         26      10035      306                                   
1895 1 1 500-1473 16251           Fearless         26      10031      311                                   
1895 1 1 900-1486 16251           Fearless         10      10041      311                                   
1895 1 11300-1499 16251           Fearless         26      10058      289                                   
1895 1 11700-1512 16251           Fearless         26      10058      289                                   
1895 1 12100-1525 16251           Fearless         26      10067      300                                   
1895 1 2 100-1538 16251           Fearless         26      10054      317                                   
1895 1 2 500-1551 16251           Fearless         26      10048      311                                   
1895 1 2 900-1564 16251           Fearless         26      10057      300                                   
1895 1 21300-1577 16116           Fearless         26      10037      300                                   
1895 1 21700-1590 16251           Fearless         26      10059      289                                   
1895 1 22100-1603 16251           Fearless         10      10064      300                                   
1895 1 3 100-1616 16116           Fearless         10      10049      311                                   
1895 1 31700 1616 16116           Fearless          0      10032      289                                   
1895 1 4 100-1629 16017           Fearless         10      10027      322                                   
1895 1 4 500-1627 16021           Fearless         10      10007      317                                   
1895 1 4 900-1626 16026           Fearless         10      10017      300                                   
1895 1 41300-1624 16030           Fearless         10      10024      294                                   
1895 1 41700-1622 16017           Fearless         10      10032      289                                   
1895 1 42100-1621 16017           Fearless         26      10034      300                                   
1895 1 5 100-1619 16030           Fearless         26      10013      322                                   
1895 1 5 500-1617 16030           Fearless         10      10002      311                                   
1895 1 5 900-1616 16030           Fearless         10      10017      300                                   
1895 1 51300-1614 16030           Fearless          0      10024      294                                   
