1892 811 300-3337 11511           Flinders         46      10203      161                                   
1892 812 100-3288 11511           Flinders        123      10360      128                                   
1892 813 200-3240 11545           Flinders         67      10170      156                                   
1892 814 200-3240 11545           Flinders         46      10187      150                                   
1892 815 200-3240 11545           Flinders         46      10169      161                                   
1892 816 200-3240 11545           Flinders         26      10184      172                                   
1892 817 200-3240 11545           Flinders         67      10149      178                                   
1892 818 100-2930 11445           Flinders        226      10068      144                                   
1892 819 100-2930 11436           Flinders        154      10102      139                                   
1892 820 200-2930 11436           Flinders         26      10204      133                                   
1892 821   0-2930 11436           Flinders         26      10208      111                                   
1892 822 100-3240 11545           Flinders        123      10035      156                                   
1892 823 200-3240 11545           Flinders        123      10074      122                                   
1892 824   0-3310 11530           Flinders        123      10061      144                                   
1892 825   0-3337 11511           Flinders         26      10112      139                                   
1892 826 200-3240 11545           Flinders         93      10109      156                                   
1892 827 100-3240 11545           Flinders        123      10044      139                                   
1892 828 200-3240 11545           Flinders         10      10053      144                                   
1892 829 200-3240 11545           Flinders         26      10159      117                                   
1892 830 200-3240 11545           Flinders         26      10186      156                                   
1892 831 200-3000 11530           Flinders         46      10186      167                                   
