1892 3271300-3546 16100           Goldfinch       268       9987      194                                   
1892 328 500-3546 16100           Goldfinch       190       9988      211                                   
1892 328 900-3546 16100           Goldfinch       154       9994      194                                   
1892 3281300-3690 16128           Goldfinch       123      10078      183                                   
1892 3281700-3546 16100           Goldfinch       190       9979      206                                   
1892 3282100-3546 16100           Goldfinch       154       9999      206                                   
1892 329 100-3690 16128           Goldfinch       190      10015      194                                   
1892 329 500-3690 16128           Goldfinch       123      10013      189                                   
1892 329 900-3690 16128           Goldfinch        93      10046      194                                   
1892 3291300-3690 16128           Goldfinch                                                                 
1892 3291700-3690 16128           Goldfinch       154      10090      172                                   
1892 3292100-3690 16128           Goldfinch       268                                                       
1892 330 100-3617 16131           Goldfinch                10111      183                                   
1892 330 500-3617 16131           Goldfinch                10111      183                                   
1892 330 900-3617 16131           Goldfinch        93      10128      183                                   
1892 3301300-3617 16131           Goldfinch                                                                 
1892 3301700-3617 16131           Goldfinch        93      10125      200                                   
1892 3302100-3617 16131           Goldfinch        67      10145      200                                   
1892 331 100-3613 16133           Goldfinch        46      10134      206                                   
1892 331 500-3613 16133           Goldfinch        46      10124      206                                   
1892 331 900-3613 16133           Goldfinch        26      10132      200                                   
1892 4 1 100-3453 16270           Goldfinch        46      10146      206                                   
1892 4 2 100-3336 16332           Goldfinch        67      10189      206                                   
1892 4 3 100-3341 16425           Goldfinch        46      10223      206                                   
1892 4 4 100-3345 16424           Goldfinch                10249      211                                   
1892 4 5 100-3350 16423           Goldfinch        26      10247      200                                   
1892 4 6 100-3500 16936           Goldfinch                                                                 
1892 416   0-3650 17449           Goldfinch                                                                 
1892 429   0-3711 17815           Goldfinch        93                 156                                   
