1892 4 5 200-3349 15021           Guthrie          67      10171      256                                   
1892 4 6 200-3044 15311           Guthrie          67      10188      239                                   
1892 4 7 200-2730 15336           Guthrie          93      10165      261                                   
1892 4 8 200-2558 15325           Guthrie          67      10170      261                                   
1892 4 9 200-2314 15325           Guthrie          67      10158      283                                   
1892 410 200-2070 14845           Guthrie          26      10117      317                                   
1892 411 200-1839 14641           Guthrie          26      10117      311                                   
1892 412 200-1500 14525           Guthrie          67      10098      317                                   
1892 413 200-1200 14300           Guthrie          67      10103      317                                   
1892 414 300-1118 14206           Guthrie          67      10104      311                                   
1892 415 300-1037 14113           Guthrie          67      10104      289                                   
1892 416 300-1054 13730           Guthrie          26      10102      339                                   
1892 417 300-1049 13225           Guthrie          26      10125      300                                   
1892 418 300-1217 13046           Guthrie          26      10122      322                                   
1892 419 300-1158 12956           Guthrie          26      10121      328                                   
1892 420 300 -755 12859           Guthrie          67      10120      306                                   
1892 421 400 -300 12700           Guthrie          67      10280      311                                   
1892 422 400    0 12600           Guthrie          67      10123      283                                   
1892 423 400  300 12400           Guthrie          67      10121      294                                   
1892 424 400  718 12100           Guthrie          26      10113      328                                   
1892 425 400 1100 12100           Guthrie          26      10316      306                                   
18921218 200-1800 14600           Guthrie          67      10097      328                                   
18921219 200-1900 14800           Guthrie          67      10108      306                                   
18921220 200-2200 15100           Guthrie          67      10122      294                                   
18921221 200-2600 15300           Guthrie          93      10147      261                                   
18921222 200-2800 15250           Guthrie                  10132      261                                   
18921223 200-3000 15200           Guthrie          93      10137      239                                   
18921224 200-3267 15100           Guthrie          93      10136      256                                   
18921230 200-3533 15000           Guthrie          93      10142      233                                   
18921231 200-3800 14900           Guthrie          93      10092      244                                   
1893 1 1 200-3800 14400           Guthrie          93      10206      189                                   
1893 1 3 200-3800 14550           Guthrie          67      10165      211                                   
1893 1 4 200-3800 14700           Guthrie          93      10160      222                                   
1893 1 5 200-3700 14400           Guthrie                  10114      228                                   
1893 815 200-3120 15330           Guthrie          93      10204      244                                   
1893 8151800 2750 15340           Guthrie         123      10367      261                                   
1893 8161800 2658 15323           Guthrie         123      10274      211                                   
1893 8171800 2318 15212           Guthrie         123      10303      261                                   
1893 8181800 2025 14850           Guthrie         123      10387      211                                   
1893 820 200-1839 14640           Guthrie          67      10162      244                                   
1893 821 200-1551 14519           Guthrie          93      10158      256                                   
1893 822 200-1227 14371           Guthrie          93      10136      261                                   
1893 823 300-1132 14222           Guthrie                  10083      294                                   
1893 824 300-1037 13847           Guthrie          93      10138      306                                   
1893 825 300-1046 13431           Guthrie          67      10131      289                                   
1893 827 400 -930 12440           Guthrie          46      10134      283                                   
1893 828 400 -730 12490           Guthrie                  10135      278                                   
1893 829 400 -530 12541           Guthrie          46      10133      289                                   
1893 830 400 -221 12625           Guthrie           0      10120      322                                   
1893 831 400 -142 12518           Guthrie          46      10119      306                                   
1894 1 1 400 2400 11800           Guthrie          26      10220      261                                   
1894 1 2 400 2600 12100           Guthrie         154      10228      200                                   
1894 1 3 400 2700 12400           Guthrie         154      10249      200                                   
1894 1 4 300 2900 12800           Guthrie         154      10188      233                                   
1894 1 5 300 3000 13100           Guthrie         154      10206      228                                   
1894 1 6 300 3300 13400           Guthrie          93      10112      200                                   
1894 115 400 3300 12700           Guthrie          10      10277      161                                   
1894 116 400 2950 12400           Guthrie          10      10202      250                                   
1894 117 400 2600 12100           Guthrie          46      10201      239                                   
1894 118 400 2300 11700           Guthrie         123      10202      178                                   
1894 125 400 1900 11600           Guthrie           0      10171      289                                   
1894 126 400 1600 11900           Guthrie           0      10148      256                                   
1894 127 400 1200 12100           Guthrie         154                                                       
1894 128 400  800 12200           Guthrie         123      10111      322                                   
1894 129 400  400 12400           Guthrie           0      10121      300                                   
1894 130 400    0 12600           Guthrie           0      10110      322                                   
1894 131 400 -400 12700           Guthrie                  10115      294                                   
1894 2 1 300 -800 12900           Guthrie          93      10111      300                                   
1894 2 2 300-1200 13000           Guthrie         123      10081      306                                   
1894 2 3 300-1133 13167           Guthrie                                                                   
1894 2 4 300-1067 13333           Guthrie                                                                   
1894 2 5 300-1000 13500           Guthrie         123      10108      306                                   
1894 2 6 300-1000 13900           Guthrie          46      10100      289                                   
1894 2 7 300-1000 14200           Guthrie         123      10089      339                                   
1894 2 8 200-1300 14400           Guthrie          46      10100      294                                   
1894 2 9 200-1400 14400           Guthrie          10      10103      278                                   
1894 210 200-1600 14500           Guthrie           0      10099      311                                   
1894 211 200-1900 14750           Guthrie          10      10106      300                                   
1894 212 200-2100 15000           Guthrie          67      10110      300                                   
1894 213 200-2300 15200           Guthrie         154      10100      311                                   
1894 214 200-2600 15300           Guthrie         226      10144      300                                   
1894 215 200-2800 15300           Guthrie                                                                   
1894 216 200-3000 15300           Guthrie          10      10157      278                                   
1894 217 200-3200 15200           Guthrie                                                                   
1894 218 200-3400 15100           Guthrie                                                                   
1894 219 200-3600 15000           Guthrie          10      10118      283                                   
1894 220 200-3600 15000           Guthrie          10      10120      289                                   
1894 221 200-3900 14600           Guthrie         123      10123      250                                   
1894 222 300-4200 14200           Guthrie                                                                   
1894 310 200-3100 15300           Guthrie          26      10167      267                                   
1894 311 200-2700 15400           Guthrie          26      10137      283                                   
1894 312 200-2667 15400           Guthrie          67      10169      294                                   
1894 313 200-2633 15400           Guthrie         190      10077      278                                   
1894 314 200-2600 15400           Guthrie         190       9934      289                                   
1894 315 200-2300 15200           Guthrie         190      10041      322                                   
1894 4 1 400 1600 11800           Guthrie          26                                                       
1894 4 2 400 2000 11600           Guthrie          67                                                       
1894 4 3 400 2133 11667           Guthrie                                                                   
1894 4 4 400 2267 11733           Guthrie                                                                   
1894 4 5 400 2400 11800           Guthrie                  10167      233                                   
1894 4 6 400 2700 12100           Guthrie         123      10153      211                                   
1894 4 7 400 2900 12200           Guthrie         154      10182      167                                   
1894 413 400 3100 12300           Guthrie           0      10185      178                                   
1894 414 400 3300 12700           Guthrie          10      10179      244                                   
1894 415 300 3400 13200           Guthrie           0      10192      233                                   
1894 416 300 3350 12933           Guthrie                                                                   
1894 423 400 3300 12667           Guthrie         154      10142      222                                   
1894 424 400 3000 12400           Guthrie          26                                                       
1894 425 400 2600 12100           Guthrie          26      10146      228                                   
1894 426 400 2300 11700           Guthrie          93      10173      233                                   
1894 427 400 2000 11300           Guthrie                                                                   
1894 531 200-3800 15000           Guthrie         190      10032      183                                   
1894 7 1 400  200 12500           Guthrie                  10102      328                                   
1894 7 2 400  600 12300           Guthrie                  10094      322                                   
1894 7 3 400  900 12200           Guthrie          46      10103      311                                   
1894 7 4 400 1800 12100           Guthrie          26      10093      333                                   
1894 7 5 400 1600 11800           Guthrie          10      10107      306                                   
1894 7 6 400 2000 11600           Guthrie                  10107      294                                   
1894 7 7 400 2150 11700           Guthrie                                                                   
1894 711 400 2300 11800           Guthrie           0      10118      300                                   
1894 712 400 2700 12100           Guthrie          10      10108      317                                   
1894 824 100 2400 16900           Guthrie         123      10164      233                                   
1895 1 1 300-1600 13300           Guthrie           0      10070      322                                   
1895 1 2 300-1200 13000           Guthrie          26      10061      328                                   
1895 1 3 400 -800 12700           Guthrie          93      10061      322                                   
1895 220 400 1100 12150           Guthrie          93      10132      300                                   
1895 221 400  750 12200           Guthrie          67      10114      306                                   
1895 222 400  400 12400           Guthrie          46      10105      311                                   
1895 223 400    0 12600           Guthrie          46      10110      322                                   
1895 224 300 -400 12800           Guthrie          26      10110      322                                   
1895 225 300 -800 12900           Guthrie          46      10098      300                                   
1895 226 300-1000 13050           Guthrie                                                                   
1895 227 300-1200 13200           Guthrie          46      10127      333                                   
1895 228 300-1050 13500           Guthrie           0      10118      322                                   
1895 3 1 300-1050 14000           Guthrie          10      10110      333                                   
1895 3 2 200-1100 14300           Guthrie          46      10117      289                                   
1895 3 3 200-1150 14400           Guthrie          93      10117      294                                   
1895 3 4 200-1200 14500           Guthrie          93      10155      267                                   
1895 3 5 200-1250 14600           Guthrie          93      10150      300                                   
1895 3 6 200-1300 14700           Guthrie          93      10134      294                                   
1895 3 7 200-1350 14800           Guthrie          93      10151      294                                   
1895 3 8 200-1400 14900           Guthrie          93      10235      278                                   
1895 3 9 200-1450 15000           Guthrie                                                                   
1895 310 200-1500 15100           Guthrie                                                                   
1895 9 3 400  900 11900           Guthrie          46      10057      306                                   
189512 9 300-3800 14000           Guthrie          67      10258      200                                   
18951210 200-3900 14500           Guthrie          67      10204      206                                   
18951211 200-3700 15000           Guthrie          67      10165      267                                   
18951212 200-3350 15090           Guthrie                                                                   
18951220 200-3000 15300           Guthrie          26      10225      256                                   
18951222 200-2400 15300           Guthrie          93      10180      256                                   
18951223 200-2100 15000           Guthrie          93      10164      278                                   
18951225 200-1800 14767           Guthrie                  10102      300                                   
18951226 200-1500 14533           Guthrie          67      10106      306                                   
18951227 200-1200 14300           Guthrie          26      10088      267                                   
18951229 300-1050 13850           Guthrie          67      10068      322                                   
18951230 300-1100 13400           Guthrie          67      10096      317                                   
18951231 300-1200 13100           Guthrie          93      10077      333                                   
