1893 6 2   0 5004  -590           Harriet M        26      10135      156                                   
1893 6 21200 4921  -712           Harriet M        26      10134      156                                   
1893 6 3 100 4838  -834           Harriet M                10166      161                                   
1893 6 31300 4755  -955           Harriet M        93      10231      172                                   
1893 6 41300 4556 -1011           Harriet M        67      10258      200                                   
1893 6 51300 4512 -1131           Harriet M        26      10258      200                                   
1893 6 61300 4460 -1316           Harriet M        10      10258      200                                   
1893 6 7 100 4337 -1358           Harriet M        67                                                       
1893 6 71300 4215 -1400           Harriet M        67      10222      200                                   
1893 6 8 100 4118 -1507           Harriet M                10221      200                                   
1893 6 81300 4021 -1615           Harriet M        67      10184      211                                   
1893 6 9 100 3948 -1711           Harriet M        67      10183      211                                   
1893 6 91300 3876 -1807           Harriet M        67      10168      217                                   
1893 610 100 3803 -1904           Harriet M                10114      217                                   
1893 6101300 3731 -2000           Harriet M       123      10079      217                                   
1893 611 100 3591 -1956           Harriet M                                                                 
1893 6111300 3452 -1912           Harriet M       123      10177      222                                   
1893 612 100 3388 -1879           Harriet M        10      10208      233                                   
1893 6121300 3325 -1846           Harriet M        46      10240      244                                   
1893 613 100 3276 -1891           Harriet M                                                                 
1893 6131300 3227 -1936           Harriet M        26      10238      250                                   
1893 6141300 3029 -2222           Harriet M        46      10235      261                                   
1893 6151300 2820 -2138           Harriet M        67      10233      261                                   
1893 6161300 2440 -2249           Harriet M        93      10230      261                                   
1893 6171400 2319 -2414           Harriet M        93      10229      261                                   
1893 6181400 2048 -2500           Harriet M        67      10227      261                                   
1893 6191400 1813 -2600           Harriet M        67      10226      261                                   
1893 6201400 1521 -2636           Harriet M        67      10225      261                                   
1893 621 200 1417 -2668           Harriet M                                                                 
1893 6211400 1314 -2700           Harriet M        67      10156      261                                   
1893 6221400 1115 -2700           Harriet M        67      10153      278                                   
1893 6231400  919 -2711           Harriet M        26      10118      283                                   
1893 6241400  742 -2745           Harriet M        26      10117      283                                   
1893 625 200  722 -2722           Harriet M        10                                                       
1893 6251400  703 -2700           Harriet M        67      10116      289                                   
1893 626 200  610 -2605           Harriet M        10                                                       
1893 6261400  516 -2510           Harriet M        93      10116      289                                   
1893 6271400  423 -2415           Harriet M        46      10114      300                                   
1893 6281400  332 -2600           Harriet M        46      10114      300                                   
1893 6291400  133 -2800           Harriet M        46      10114      300                                   
1893 6301400  -26 -2900           Harriet M        46      10114      300                                   
1893 7 11400 -220 -3026           Harriet M        46      10114      300                                   
1893 8 11000-3912  3423           Harriet M       123      10057      156                                   
1893 8 2 900-3913  4050           Harriet M       190                 156                                   
1893 8 3 900-3914  4504           Harriet M        67      10090      161                                   
1893 8 4 900-3915  4959           Harriet M       123                                                       
1893 8 5 800-3916  5511           Harriet M                                                                 
1893 8 6 800-3879  5959           Harriet M       190                                                       
1893 8 7 800-3842  6408           Harriet M       190      10122      167                                   
1893 8 8 700-3819  6840           Harriet M                10225      156                                   
1893 8 9 700-3819  7239           Harriet M                10259      156                                   
1893 810 700-3828  7524           Harriet M                10327      156                                   
1893 811 700-3838  7820           Harriet M        46                 161                                   
1893 816 500-3955  9942           Harriet M       123      10192      161                                   
1893 819 500-4043 11027           Harriet M        67                 156                                   
1893 820 400-4059 11477           Harriet M                                                                 
1893 821 400-4123 11928           Harriet M        26      10231      139                                   
1893 822 400-4195 12318           Harriet M                           133                                   
1893 823 400-4266 12737           Harriet M                           122                                   
1893 824 300-4338 13157           Harriet M       190       9898      122                                   
1893 825 300-4325 13700           Harriet M       190       9898      122                                   
