1892 8102200-3414 15212           Hauroto          67      10154      156                                   
1892 8102200-3429 15271           Hauroto          67      10154      156                                   
1892 811 200-3417 15236           Hauroto          26      10155      172                                   
1892 811 200-3417 15236           Hauroto          26      10155      172                                   
1892 814 200-3420 15260           Hauroto          93      10031      144                                   
1892 814 200-3405 15201           Hauroto          93      10031      144                                   
1892 8152200-3423 15284           Hauroto          67      10190      144                                   
1892 8152200-3392 15165           Hauroto          67      10190      144                                   
1892 816 200-3426 15309           Hauroto          26      10189      150                                   
1892 816 200-3380 15130           Hauroto          26      10189      150                                   
1892 8162200-3429 15333           Hauroto          26      10163      167                                   
1892 8162200-3406 15243           Hauroto          26      10162      167                                   
1892 817 200-3432 15357           Hauroto          67      10174      178                                   
1892 817 200-3432 15357           Hauroto          67      10174      178                                   
1892 8172200-3432 15587           Hauroto          26      10122      144                                   
1892 8172200-3432 15587           Hauroto          26      10122      144                                   
1892 818 100-3548 15817           Hauroto          10      10141      139                                   
1892 818 100-3548 15817           Hauroto          10      10141      139                                   
1892 8182100-3625 15985           Hauroto         154      10191      150                                   
1892 8182100-3625 15985           Hauroto         154      10191      150                                   
1892 819 100-3702 16154           Hauroto         123      10199      144                                   
1892 819 100-3702 16154           Hauroto         123      10199      144                                   
1892 8192100-3765 16356           Hauroto          93      10243      144                                   
1892 820 100-3827 16559           Hauroto         123      10243      172                                   
1892 8202100-3808 16487           Hauroto         123      10243      150                                   
1892 8202100-3871 16689           Hauroto         123      10244      150                                   
1892 821 100-3915 16820           Hauroto         123      10244      150                                   
1892 821 100-3915 16820           Hauroto         123      10244      150                                   
1892 8212100-3947 16937           Hauroto         190      10158      122                                   
1892 8212100-3937 16937           Hauroto         190      10158      122                                   
1892 822 100-3979 17054           Hauroto         226      10138      122                                   
1892 822 100-3959 17054           Hauroto         226      10138      122                                   
1892 8222100-4012 17230           Hauroto         123      10063      128                                   
1892 8222100-4001 17230           Hauroto         123      10063      128                                   
1892 823   0-4044 17407           Hauroto          67      10055      133                                   
1892 823   0-4044 17407           Hauroto          67      10055      133                                   
1892 8252000-4032 17369           Hauroto                  10051      100                                   
1892 8252100-4336 17248           Hauroto           0      10053      100                                   
1892 8262000-4020 17330           Hauroto                   9996      122                                   
1892 8262100-4444 17149           Hauroto           0      10000      122                                   
1892 8272000-4008 17292           Hauroto          26                 117                                   
1892 8272100-4552 17050           Hauroto          26       9968      117                                   
1892 8302000-3996 17254           Hauroto          26                                                       
1892 8302100-4552 17050           Hauroto          26                                                       
1892 8312100-3984 17216           Hauroto          46      10109      156                                   
1892 8312100-4337 17249           Hauroto          46      10112      156                                   
1892 9 22000-4123 17448           Hauroto          67      10178      133                                   
1892 9 22100-3972 17177           Hauroto          67      10176      133                                   
1892 9 32000-4035 17274           Hauroto          10      10231      133                                   
1892 9 32100-3960 17139           Hauroto          10      10230      133                                   
1892 9 4 100-3948 17101           Hauroto          26      10229      139                                   
1892 9 4 100-3948 17101           Hauroto          26      10229      139                                   
1892 9 42100-3884 16827           Hauroto          26      10211      144                                   
1892 9 42100-3884 16827           Hauroto          26      10211      144                                   
1892 9 5 100-3821 16554           Hauroto          67      10201      161                                   
1892 9 5 100-3821 16554           Hauroto          67      10201      161                                   
189212292100-3881 16810           Hauroto          46      10108      172                                   
18921230 100-3824 16639           Hauroto          67      10127      178                                   
18921230 100 3824 16639           Hauroto          67      10127      178                                   
189212301300-3767 16468           Hauroto         123      10021      167                                   
189212302100-3709 16296           Hauroto          46      10131      167                                   
18921231 100-3652 16125           Hauroto          93      10112      178                                   
189212311700-3617 16014           Hauroto                   9934      172                                   
189212312100-3582 15902           Hauroto         226       9924      172                                   
189212312300-3548 15791           Hauroto         226       9906      172                                   
1893 1 1 200-3513 15680           Hauroto         268       9912      200                                   
1893 1 1 600-3506 15655           Hauroto         268       9932      178                                   
1893 1 11800-3498 15630           Hauroto         154      10064      178                                   
1893 1 12200-3491 15605           Hauroto         190      10078      172                                   
1893 1 2 200-3483 15580           Hauroto         154      10107      161                                   
1893 1 2 200-4084 17386           Hauroto                                                                   
1893 1 42200-3476 15556           Hauroto          93      10005      183                                   
1893 1 5 200-3468 15531           Hauroto          67      10007      211                                   
1893 1 6 200-3461 15506           Hauroto          93       9991      183                                   
1893 1 72200-3453 15481           Hauroto          93      10046      200                                   
1893 1 8 200-3446 15456           Hauroto          67      10049      183                                   
1893 1 82200-3531 15683           Hauroto          46      10037      194                                   
1893 1 9 100-3617 15911           Hauroto          46      10047      200                                   
1893 1 92100-3683 16127           Hauroto          26      10069      172                                   
1893 110 100-3749 16343           Hauroto          46                 178                                   
1893 1102100-3833 16589           Hauroto          67       9987      167                                   
1893 111 100-3917 16835           Hauroto          67       9980      178                                   
1893 1112100-3975 17089           Hauroto          46       9989      167                                   
1893 112   0-4034 17344           Hauroto          67       9990      161                                   
1893 1131900-4018 17305           Hauroto          46      10043      144                                   
1893 1161800-4003 17266           Hauroto          93      10041      156                                   
1893 118 300-3993 17095           Hauroto          67                 278                                   
1893 1252100-3987 17227           Hauroto          46      10072      133                                   
1893 1262000-3972 17188           Hauroto          46      10152      156                                   
1893 1272100-3956 17149           Hauroto          67      10157      167                                   
1893 128 100-3941 17110           Hauroto          26      10189      178                                   
1893 1282100-3901 16804           Hauroto          26      10189      178                                   
1893 129 100-3810 16513           Hauroto          10      10179      189                                   
1893 1292100-3718 16222           Hauroto          46      10115      206                                   
1893 130 100-3627 15931           Hauroto          46      10122      200                                   
1893 1302200-3535 15671           Hauroto          67      10114      200                                   
1893 131 200-3444 15410           Hauroto         123      10127      217                                   
1893 2 22200-3449 15449           Hauroto          67      10115      233                                   
1893 2 42200-3453 15487           Hauroto          93      10081      194                                   
1893 2 5 200-3458 15526           Hauroto          67      10080      200                                   
1893 2 8 100-3940 17035           Hauroto          46      10041      172                                   
1893 2242200-3460 15285           Hauroto          26      10174      200                                   
1893 225 200-3442 15331           Hauroto          10      10171      217                                   
1893 228 200-3424 15377           Hauroto          67      10123      222                                   
1893 2282300-3405 15423           Hauroto          26      10121      211                                   
1893 3 1 200-3387 15468           Hauroto          46                 233                                   
1893 3 32200-3368 15514           Hauroto          46      10124      233                                   
1893 3 4 200-3350 15560           Hauroto                  10163      239                                   
1893 3 42100-3349 15785           Hauroto                  10180      200                                   
1893 3 5 100-3349 16011           Hauroto          67      10204      200                                   
1893 3 52100-3364 16265           Hauroto          93      10184      178                                   
1893 3 6 100-3378 16520           Hauroto          93      10192      172                                   
1893 3 62100-3393 16735           Hauroto          67      10138      172                                   
1893 3 7 100-3408 16950           Hauroto          93      10132      189                                   
1893 3 72100-3439 16955           Hauroto         123      10114      194                                   
1893 3 8 100-3470 16961           Hauroto         123      10115      194                                   
1893 3102100-3501 16966           Hauroto         268       9865      178                                   
1893 311 100-3532 16972           Hauroto         226       9872      178                                   
1893 3112100-3562 16977           Hauroto         226      10003      161                                   
1893 312 100-3593 16982           Hauroto          93      10053      167                                   
1893 3122100-3624 16988           Hauroto          67      10043      122                                   
1893 313 100-3655 16993           Hauroto         123      10059      133                                   
1893 3142000-3686 16999           Hauroto          26      10147      111                                   
1893 3152000-3717 17004           Hauroto          26      10156      122                                   
1893 3162100-3748 17010           Hauroto          26      10222       89                                   
1893 3171900-3779 17015           Hauroto          26      10265       78                                   
1893 3201900-3809 17020           Hauroto                  10118      111                                   
1893 3212100-3840 17026           Hauroto          46      10068      189                                   
1893 3222100-3871 17031           Hauroto          67      10205      117                                   
1893 3232100-3902 17037           Hauroto          67      10174      144                                   
1893 324 100-3933 17042           Hauroto          26      10177      150                                   
1893 8 42100-3722 16398           Hauroto          93      10044      122                                   
1893 8 5 100-3657 16143           Hauroto          26      10058      139                                   
1893 8 52100-3592 15888           Hauroto         123       9958      128                                   
1893 8 6 200-3528 15633           Hauroto         154      10033      139                                   
1893 8 62200-3472 15424           Hauroto          93      10161      117                                   
1893 8 7 200-3416 15216           Hauroto          67      10174      156                                   
1893 815 100-3814 16553           Hauroto          46      10203      150                                   
1893 8152100-3885 16871           Hauroto          67      10164      122                                   
1893 816 100-3956 17190           Hauroto          93                 133                                   
1893 8161900-3954 17175           Hauroto         226      10034       94                                   
1893 8172100-3952 17160           Hauroto          67      10203       56                                   
1893 8182100-3951 17145           Hauroto          67      10157       67                                   
1893 8191900-3949 17130           Hauroto          46      10149      111                                   
1893 8202100-3947 17114           Hauroto         123      10196      133                                   
1893 8271900-3945 17099           Hauroto          26      10110       44                                   
1893 8281900-3943 17084           Hauroto          26      10175       61                                   
1893 8292100-3942 17069           Hauroto         123      10183      111                                   
1893 8302100-3940 17054           Hauroto          67      10165      117                                   
1893 831 100-3938 17039           Hauroto         123      10131      122                                   
189311302100-4648 16700           Hauroto         123      10100      100                                   
189312 1 100-4625 16646           Hauroto          93      10106      106                                   
189312 2 100-4602 16592           Hauroto          93      10121      117                                   
189312 22100-4579 16539           Hauroto          46      10156      106                                   
189312112000-4556 16485           Hauroto          46      10034      172                                   
189312121900-4532 16432           Hauroto          46       9986      172                                   
189312132100-4509 16378           Hauroto          26      10109      122                                   
18931214 100-4486 16324           Hauroto         123      10133      139                                   
189312152100-4463 16271           Hauroto          26      10099      139                                   
18931216 100-4440 16217           Hauroto          67      10082      139                                   
189312162100-4325 16164           Hauroto         123      10021      156                                   
18931217 100-4210 16110           Hauroto          93      10044      150                                   
189312172100-4070 15924           Hauroto         123      10022      172                                   
18931218 200-3930 15737           Hauroto          93       9986      178                                   
189312182200-3775 15583           Hauroto         226      10051      189                                   
18931219 200-3621 15430           Hauroto         190      10073      189                                   
189312192000-3587 15433           Hauroto          46      10167      189                                   
18931221 200-3552 15436           Hauroto          46      10112      211                                   
18931222 200-3518 15438           Hauroto          26      10144      222                                   
189312232200-3483 15441           Hauroto          46      10110      222                                   
18931224 200-3449 15444           Hauroto          46      10125      233                                   
18931226 100-3745 16446           Hauroto          26                 200                                   
189312262100-3833 16697           Hauroto          10      10033      178                                   
18931227 100-3921 16948           Hauroto          10      10054      178                                   
189312272100-4009 17199           Hauroto          93      10108      139                                   
18931228   0-4097 17450           Hauroto          93                                                       
189312282000-4336 17284           Hauroto          26      10365      156                                   
18931229 100-4336 17242           Hauroto          67      10161      167                                   
189312302100-4336 17200           Hauroto          26      10171      144                                   
18931231 100-4546 17157           Hauroto          46      10157      178                                   
1894 1 22100-4423 17115           Hauroto         190      10149      122                                   
1894 1 32100-4335 17248           Hauroto          26      10155      139                                   
1894 1 41800-4122 17451           Hauroto          26      10173      122                                   
1894 1 52000-4121 17450           Hauroto          10      10215      133                                   
1894 1 6 100-3914 16942           Hauroto          10      10217      172                                   
1894 1 62100-3914 16942           Hauroto          67      10181      183                                   
1894 1 7 100-3729 16343           Hauroto         123      10151      189                                   
1894 1 72100-3729 16343           Hauroto          10      10080      211                                   
1894 1 8 100-3548 15819           Hauroto          10      10078      217                                   
1894 1 82100-3548 15819           Hauroto          46      10094      222                                   
1894 1 9 200-3480 15380           Hauroto          46      10109      228                                   
1894 110 200-3336 15118           Hauroto          46      10094      211                                   
1894 111 200-3313 15136           Hauroto          46      10012      233                                   
1894 1111400-3338 15195           Hauroto                             233                                   
1894 1121400-3363 15254           Hauroto                   9989      233                                   
1894 1121800-3387 15312           Hauroto                   9986      233                                   
1894 1122200-3412 15371           Hauroto         123       9985      239                                   
1894 113 200-3437 15430           Hauroto          93      10006      239                                   
1894 1132200-3437 15678           Hauroto          93      10025      222                                   
1894 114 100-3614 15927           Hauroto          93      10043      228                                   
1894 1142100-3614 15927           Hauroto          10      10113      211                                   
1894 115 100-3744 16432           Hauroto          67      10112      222                                   
1894 1152100-3744 16686           Hauroto          67      10134      194                                   
1894 116 100-3925 16941           Hauroto          67      10134      206                                   
1894 1162000-4040 17400           Hauroto          46      10126      194                                   
1894 117   0-4120 17418           Hauroto          46      10136      200                                   
1894 118   0-4117 17446           Hauroto          26      10020      189                                   
1894 1182100-4320 17039           Hauroto         226      10031      133                                   
1894 119 100-4223 17039           Hauroto         190      10096      144                                   
1894 1222100-4125 17039           Hauroto         190      10157      178                                   
1894 1232100-4028 17039           Hauroto          26      10154      189                                   
1894 124 100-3931 17039           Hauroto          46      10139      194                                   
1894 1242100-3842 17039           Hauroto          26      10117      200                                   
1894 125 100-3753 16515           Hauroto          10      10131      211                                   
1894 1252100-3683 16230           Hauroto          46      10112      222                                   
1894 126 100-3614 15945           Hauroto          46      10108      239                                   
1894 1262100-3614 15945           Hauroto         154      10113      211                                   
1894 127 200-3448 15618           Hauroto         190      10121      217                                   
1894 1272000-3351 15587           Hauroto          93      10144      211                                   
1894 129 200-3370 15556           Hauroto         123      10136      222                                   
1894 1292200-3389 15524           Hauroto         123      10119      206                                   
1894 130 200-3409 15493           Hauroto          67      10117      239                                   
1894 1312200-3428 15462           Hauroto          67      10025      222                                   
1894 2 1 200-3447 15431           Hauroto          93      10025      222                                   
1894 2 12200-3447 15431           Hauroto         154      10013      194                                   
1894 2 2 200-3554 15732           Hauroto         154      10030      200                                   
1894 2 22100-3634 16034           Hauroto         154      10070      189                                   
1894 2 3 100-3714 16335           Hauroto         154      10069      200                                   
1894 2 32100-3783 16591           Hauroto         123      10054      167                                   
1894 2 4 100-3852 16847           Hauroto         123      10106      167                                   
1894 2 42100-3941 17096           Hauroto          67      10192      161                                   
1894 2 5   0-4031 17346           Hauroto          46      10217      178                                   
1894 2 62000-4120 17595           Hauroto          93      10179      144                                   
1894 2 72000-4210 17845           Hauroto          26      10276      156                                   
1894 2141900-4299-17905           Hauroto          46      10078      133                                   
1894 2152000-3980 17480           Hauroto          46      10051      200                                   
1894 2152000-4389-17656           Hauroto          46      10118      144                                   
1894 216   0-4478-17406           Hauroto          67      10114      150                                   
1894 216 100-3947 17170           Hauroto          67      10061      194                                   
1894 2162100-3913 16860           Hauroto          46      10153      189                                   
1894 217 100-3880 16550           Hauroto          46      10168      200                                   
1894 2172100-3760 16291           Hauroto          46      10185      189                                   
1894 218 100-3640 16033           Hauroto          93      10171      189                                   
1894 2182100-3600 15801           Hauroto          67      10115      200                                   
1894 219 200-3560 15570           Hauroto          67      10109      233                                   
1894 2192000-3531 15535           Hauroto          46      10107      200                                   
1894 2202000-3503 15500           Hauroto          26      10100      222                                   
1894 2232200-3474 15465           Hauroto          93      10183      189                                   
1894 224 200-3446 15430           Hauroto          46      10198      200                                   
1894 227 100-3869 16760           Hauroto          67      10191      161                                   
1894 2272100-3914 16955           Hauroto          26      10186      156                                   
1894 228 100-3959 17150           Hauroto          26      10191      167                                   
1894 2281900-3944 17199           Hauroto          10      10231      128                                   
1894 3 12100-3930 17248           Hauroto          26      10227      150                                   
1894 3 22100-3915 17248           Hauroto          26      10107      161                                   
1894 3 32100-3900 17248           Hauroto          93      10103      106                                   
1894 3 62100-3885 17248           Hauroto          46      10193      150                                   
1894 3 72100-3871 17199           Hauroto          26      10175      156                                   
1894 3 82100-3856 17149           Hauroto          46      10190      167                                   
1894 3 9 100-3841 17100           Hauroto          46      10195      178                                   
1894 3 92100-3827 16822           Hauroto          10      10174      161                                   
1894 310 100-3812 16545           Hauroto          46      10160      183                                   
1894 420 400-3525 12038           Hauroto          26      10222      178                                   
1894 611 200-3201 14709           Hauroto          26      10213      133                                   
1894 612 200-3286 14954           Hauroto          26      10212      167                                   
1894 6132200-3371 15199           Hauroto          46      10121      172                                   
1894 614 200-3456 15443           Hauroto          26      10115      189                                   
1894 6142200-3541 15687           Hauroto          26      10108      133                                   
1894 615 100-3626 15932           Hauroto          26      10117      144                                   
1894 6152100-3716 16432           Hauroto          26       9956      144                                   
1894 616 100-3807 16432           Hauroto          26      10055      167                                   
1894 6162100-3872 16856           Hauroto         123      10020      133                                   
1894 617 100-3938 16856           Hauroto          93      10024      133                                   
1894 6172100-3982 17052           Hauroto          93      10045      111                                   
1894 618 100-4026 17249           Hauroto         154      10060      106                                   
1894 6192100-4112 17175           Hauroto          26      10202       50                                   
1894 6232000-4197 17101           Hauroto          67       9999      117                                   
1894 6252100-4283 17027           Hauroto          26      10143       67                                   
1894 6272100-4368 16952           Hauroto                   9974       72                                   
1894 6282100-4454 16878           Hauroto          26      10056       89                                   
1894 6292100-4539 16804           Hauroto          26      10126       83                                   
1894 630 100-4625 16730           Hauroto          26      10126       89                                   
1894 6302100-4573 16440           Hauroto          93      10091      111                                   
1894 7 1 100-4522 16150           Hauroto         123      10052      117                                   
1894 7 12100-4470 15860           Hauroto          26       9989       89                                   
1894 7232100-3487 15805           Hauroto         123      10185      139                                   
1894 724 100-3490 15753           Hauroto         123      10201      161                                   
1894 7252000-3493 15701           Hauroto          26      10267       89                                   
1894 7262000-3496 15649           Hauroto          10      10218      139                                   
1894 7282200-3499 15597           Hauroto          93      10118      178                                   
1894 729 200-3502 15545           Hauroto                             200                                   
1894 7291100-3502 15545           Hauroto                                                                   
1894 731 100-3890 16680           Hauroto          67      10091      156                                   
1894 7312100-3992 16904           Hauroto          46      10089      133                                   
1894 8 1 100-4095 17128           Hauroto          46                 139                                   
1894 8 11900-4197 17128           Hauroto          26                  83                                   
1894 8 22100-4300 17129           Hauroto         154      10004       89                                   
1894 8 3 100-4370 17129           Hauroto         123      10051       94                                   
1894 8 32100-4440 17130           Hauroto          93      10127       72                                   
1894 8 4 100-4510 17130           Hauroto          93      10130       78                                   
1894 811 200-4330 15150           Hauroto         268                  89                                   
