189312251200 5246    11           Hawkes Ba        93      10096      139                                   
189312261200 4937  -355           Hawkes Ba       123      10263      133                                   
189312271200 4628  -721           Hawkes Ba       123      10237      133                                   
189312281300 4249 -1040           Hawkes Ba        46      10207      150                                   
189312291300 3854 -1122           Hawkes Ba        46      10185      133                                   
189312301300 3457 -1308           Hawkes Ba        67      10126      122                                   
189312311300 3113 -1419           Hawkes Ba        93      10112      189                                   
1894 1 11300 2816 -1517           Hawkes Ba        46      10107      206                                   
1894 1 21300 2519 -1615           Hawkes Ba        46      10063      194                                   
1894 1 31300 2123 -1731           Hawkes Ba                10028      206                                   
1894 1 41300 1745 -1729           Hawkes Ba        93      10058      256                                   
1894 1 51300 1327 -1753           Hawkes Ba        93      10074      289                                   
1894 1 61300  913 -1816           Hawkes Ba        93      10049      289                                   
1894 1 71300  534 -1614           Hawkes Ba        46      10045      311                                   
1894 1 81300  250 -1440           Hawkes Ba        67      10041      294                                   
1894 1 91300 -115 -1213           Hawkes Ba        67      10059      267                                   
1894 1101300 -443 -1032           Hawkes Ba        93      10059      267                                   
1894 1111300 -749  -814           Hawkes Ba       123      10072      250                                   
1894 1121200-1180  -553           Hawkes Ba        93      10063      250                                   
1894 1131200-1429  -357           Hawkes Ba        67      10072      244                                   
1894 1141200-1726  -152           Hawkes Ba       154      10083      250                                   
1894 1151200-2037     4           Hawkes Ba       190      10090      239                                   
1894 1161200-2323   240           Hawkes Ba       190      10091      244                                   
1894 1171200-2619   416           Hawkes Ba       190      10099      244                                   
1894 1181200-2852   618           Hawkes Ba       226      10127      211                                   
1894 1191100-3211   839           Hawkes Ba        67      10099      256                                   
1894 1201100-3520  1290           Hawkes Ba        67      10075      233                                   
1894 1211100-3818  1538           Hawkes Ba        93      10123      244                                   
1894 1221100-4048  1945           Hawkes Ba        46      10124      250                                   
1894 1231000-4145  2540           Hawkes Ba        46      10138      211                                   
1894 1241000-4243  3038           Hawkes Ba        67      10049      183                                   
1894 1251000-4334  3615           Hawkes Ba       154      10024      117                                   
1894 126 900-4454  4156           Hawkes Ba       123      10117      111                                   
1894 127 900-4518  4250           Hawkes Ba        93      10163       83                                   
1894 128 900-4531  4345           Hawkes Ba        46      10149       83                                   
1894 129 900-4541  4439           Hawkes Ba        46       9978      100                                   
1894 130 900-4541  4534           Hawkes Ba        46      10062       78                                   
1894 131 700-4538  7225           Hawkes Ba        46      10087       94                                   
1894 2 1 700-4527  7847           Hawkes Ba                10088      106                                   
1894 2 2 600-4531  8525           Hawkes Ba       123      10104      111                                   
1894 2 3 600-4527  9132           Hawkes Ba        93                 133                                   
1894 2 4 600-4527  9738           Hawkes Ba        67      10153      100                                   
1894 2 5 500-4550 10345           Hawkes Ba        93      10071      111                                   
1894 2 6 500-4476 10984           Hawkes Ba        93      10047      144                                   
1894 2 7 400-4401 11624           Hawkes Ba        93      10155      167                                   
1894 2 8 400-4327 12242           Hawkes Ba        46      10147      167                                   
1894 2 9 300-4229 12860           Hawkes Ba       123      10071      172                                   
1894 210 300-4131 13386           Hawkes Ba        67      10063      172                                   
1894 211 300-4060 13912           Hawkes Ba        93      10139      183                                   
1894 7181300 4046 -1114           Hawkes Ba        67      10155      206                                   
1894 7182100 3909 -1159           Hawkes Ba        67      10154      183                                   
1894 719 900 3771 -1203           Hawkes Ba        93      10137      217                                   
1894 7191300 3634 -1248           Hawkes Ba        93      10124      267                                   
1894 7192100 3499 -1299           Hawkes Ba        67      10156      228                                   
1894 720 900 3363 -1349           Hawkes Ba        67      10093      217                                   
1894 7201300 3228 -1400           Hawkes Ba        67      10092      317                                   
1894 7202100 3091 -1437           Hawkes Ba        67      10093      244                                   
1894 721 900 2955 -1474           Hawkes Ba        67      10096      222                                   
1894 7211300 2818 -1511           Hawkes Ba        46      10097      267                                   
1894 7212100 2719 -1557           Hawkes Ba        46      10100      244                                   
1894 722 900 2621 -1604           Hawkes Ba        93      10106      206                                   
1894 7221300 2522 -1650           Hawkes Ba        93      10097      256                                   
1894 7222100 2394 -1704           Hawkes Ba        67      10081      244                                   
1894 723 900 2266 -1757           Hawkes Ba        93      10090      244                                   
1894 7231300 2138 -1811           Hawkes Ba        93      10081      256                                   
1894 7232100 2000 -1812           Hawkes Ba       123      10067      256                                   
1894 724 900 1862 -1813           Hawkes Ba        67      10067      250                                   
1894 7241300 1724 -1814           Hawkes Ba        46      10055      317                                   
1894 7242100 1591 -1813           Hawkes Ba        46      10052      289                                   
1894 725 900 1457 -1813           Hawkes Ba        26      10053      278                                   
1894 7251300 1324 -1812           Hawkes Ba        46      10072      306                                   
1894 7252100 1199 -1778           Hawkes Ba        46      10066      294                                   
1894 726 900 1073 -1744           Hawkes Ba        93      10064      267                                   
1894 7261300  948 -1710           Hawkes Ba        93      10069      272                                   
1894 7262100  823 -1676           Hawkes Ba        67      10061      256                                   
1894 727 500  697 -1642           Hawkes Ba        93      10076      228                                   
1894 7271300  572 -1608           Hawkes Ba        67                 267                                   
1894 7272100  447 -1574           Hawkes Ba        93      10059      267                                   
1894 728 500  254 -1387           Hawkes Ba       123      10064      256                                   
1894 7281300  254 -1324           Hawkes Ba       123      10072      267                                   
1894 7282100  254 -1261           Hawkes Ba        93      10062      244                                   
1894 729 500  112 -1199           Hawkes Ba        93      10088      250                                   
1894 7291300  -29 -1136           Hawkes Ba        93      10085      267                                   
1894 7292100  -29 -1136           Hawkes Ba        67      10071      250                                   
1894 730 500 -193 -1045           Hawkes Ba        93      10072      244                                   
1894 7301300 -358  -954           Hawkes Ba        67      10086      267                                   
1894 7302100 -479  -954           Hawkes Ba        93      10089      244                                   
1894 731 500 -599  -899           Hawkes Ba        93      10071      233                                   
1894 7311300 -720  -845           Hawkes Ba        93      10086      267                                   
1894 7312100 -825  -845           Hawkes Ba        93      10088      256                                   
1894 8 1 500 -931  -782           Hawkes Ba        93      10089      233                                   
1894 8 11200-1036  -720           Hawkes Ba        67      10105      261                                   
1894 8 12000-1139  -720           Hawkes Ba        93      10112      222                                   
1894 8 2 400-1243  -625           Hawkes Ba        67      10097      211                                   
1894 8 21200-1346  -530           Hawkes Ba        67      10122      267                                   
1894 8 22000-1346  -530           Hawkes Ba        67      10133      200                                   
1894 8 3 400-1502  -427           Hawkes Ba        67      10130      200                                   
1894 8 31200-1659  -324           Hawkes Ba        93      10129      211                                   
1894 8 32000-1659  -257           Hawkes Ba        93      10134      200                                   
1894 8 4 400-1835  -190           Hawkes Ba        67      10159      178                                   
1894 8 41200-2011  -123           Hawkes Ba        67      10169      183                                   
1894 8 42000-2011  -123           Hawkes Ba        67      10172      189                                   
1894 8 5 400-2168    -1           Hawkes Ba        46      10167      183                                   
1894 8 51200-2326   120           Hawkes Ba        67      10106      189                                   
1894 8 52000-2326   120           Hawkes Ba        93      10181      189                                   
1894 8 6 400-2479   222           Hawkes Ba        67      10185      167                                   
1894 8 61200-2633   324           Hawkes Ba        67      10245      178                                   
1894 8 62000-2633   324           Hawkes Ba        46      10180      167                                   
1894 8 7 400-2942   510           Hawkes Ba        46      10185      167                                   
1894 8 71200-2945   530           Hawkes Ba        46      10174      172                                   
1894 8 72000-2948   550           Hawkes Ba         0      10175      167                                   
1894 8 8 400-3088   530           Hawkes Ba        26      10171      161                                   
1894 8 81100-3229   920           Hawkes Ba        46      10170      211                                   
1894 8 81900-3229   920           Hawkes Ba        46      10155      183                                   
1894 8 9 300-3229   920           Hawkes Ba        46      10162      178                                   
1894 8 91100-3550  1231           Hawkes Ba        67      10148      200                                   
1894 8 91900-3550  1231           Hawkes Ba        67      10098      194                                   
1894 810 300-3602  1231           Hawkes Ba        67      10119      172                                   
1894 8101100-3655  1713           Hawkes Ba        67      10119      178                                   
1894 8101900-3655  1713           Hawkes Ba        67      10104      167                                   
1894 811 300-3655  1713           Hawkes Ba        67      10069      172                                   
1894 8111100-3929  2134           Hawkes Ba        93      10063      183                                   
1894 8111900-3929  2134           Hawkes Ba        93      10053      183                                   
1894 812 300-3929  2134           Hawkes Ba        67      10053      144                                   
1894 8121000-4027  2711           Hawkes Ba        67      10055      178                                   
1894 8121800-4027  2711           Hawkes Ba        67      10070      167                                   
1894 813 200-4083  2711           Hawkes Ba        67      10060      150                                   
1894 8131000-4139  3225           Hawkes Ba        93      10045      139                                   
1894 8131800-4139  3225           Hawkes Ba       123      10067      111                                   
1894 814 200-4139  3225           Hawkes Ba       123      10038       78                                   
1894 8141000-4249  3505           Hawkes Ba       154      10156       89                                   
1894 8141800-4249  3505           Hawkes Ba       123      10175       78                                   
1894 815 100-4249  3922           Hawkes Ba        26      10192       78                                   
1894 815 900-4336  4338           Hawkes Ba        67      10197       72                                   
1894 8151700-4336  4338           Hawkes Ba        67      10172       78                                   
1894 816 100-4336  4628           Hawkes Ba        67      10116       67                                   
1894 816 900-4336  4918           Hawkes Ba        93      10011       72                                   
1894 8161700-4336  4918           Hawkes Ba       123       9995       83                                   
1894 8262100-4519 11015           Hawkes Ba        67      10060      111                                   
1894 827 500-4475 11243           Hawkes Ba        46      10081      106                                   
1894 8271200-4431 11471           Hawkes Ba        46      10111      106                                   
1894 8272000-4387 11699           Hawkes Ba        26      10115      100                                   
1894 828 400-4343 11927           Hawkes Ba        46      10112       94                                   
1894 8281200-4299 12104           Hawkes Ba        26      10140       83                                   
1894 8282000-4255 12282           Hawkes Ba        10      10134       78                                   
1894 829 400-4211 12459           Hawkes Ba        26      10134       94                                   
1894 8291200-4219 12621           Hawkes Ba        67      10140       83                                   
1894 8291900-4226 12784           Hawkes Ba        67      10132       89                                   
1894 830 300-4234 12946           Hawkes Ba        46      10135       89                                   
1894 8301100-4203 13108           Hawkes Ba        46      10134       78                                   
1894 8301900-4173 13271           Hawkes Ba        46      10133       78                                   
1894 831 300-4142 13433           Hawkes Ba        93      10147      117                                   
1894 8311100-4142 13595           Hawkes Ba       123      10168      111                                   
1894 8311900-4084 13758           Hawkes Ba       123      10165      106                                   
1894 9 1 300-4026 13920           Hawkes Ba        93      10155      122                                   
1894 9 11100-3968 14082           Hawkes Ba       123      10166      111                                   
1894 9 11900-3910 14245           Hawkes Ba       154                 111                                   
1894 9 2 200-3852 14407           Hawkes Ba        93      10157      100                                   
1894 9 21000-3794 14569           Hawkes Ba                                                                 
