1893 8241700-2406 16720           Helena           26      10157      211                                   
1893 8242100-2411 16555           Helena           26      10169      222                                   
1893 825 100-2416 16390           Helena           26      10171      228                                   
1893 825 500-2421 16225           Helena           10      10157      256                                   
1893 825 900-2426 16060           Helena           10      10179      244                                   
1893 8251300-2431 15895           Helena                   10177      233                                   
1893 8251800-2437 15730           Helena                              228                                   
1893 8252200-2442 15565           Helena           10      10189      222                                   
1893 826 200-2447 15400           Helena                   10191      256                                   
1893 828 100-2466 16890           Helena          123      10211      217                                   
1893 828 500-2457 16900           Helena          123      10211      217                                   
1893 828 900-2447 16911           Helena          123      10224      217                                   
1893 8281300-2438 16921           Helena          123      10224      217                                   
1893 8281700-2429 16931           Helena          123      10215      211                                   
1893 8282100-2419 16942           Helena          123      10225      211                                   
1893 829 100-2410 16952           Helena          123      10224      233                                   
1893 829 500-2401 16962           Helena          123      10223      222                                   
1893 829 900-2391 16973           Helena          123      10226      222                                   
1893 8291300-2382 16983           Helena          123      10229      222                                   
1893 8291300-2557 15939           Helena           93      10220      222                                   
1893 8291700-2563 15973           Helena          123      10228      217                                   
1893 8292100-2569 16006           Helena          123      10226      228                                   
1893 830 100-2575 16039           Helena          123      10226      228                                   
1893 830 500-2581 16072           Helena           93      10217      244                                   
1893 830 900-2587 16105           Helena           93      10219      233                                   
1893 8301300-2593 16138           Helena           93      10182      211                                   
1893 8301700-2599 16172           Helena          123      10222      217                                   
1893 8302100-2605 16205           Helena          123      10202      233                                   
1893 831 100-2611 16238           Helena          154      10184      239                                   
1893 831 500-2617 16278           Helena          154      10173      206                                   
1893 831 900-2623 16319           Helena          123      10178      217                                   
1893 8311700-2629 16359           Helena           67      10182      217                                   
1893 8312100-2635 16400           Helena           67      10187      206                                   
1893 9 1 100-2641 16440           Helena           67      10187      206                                   
1893 9 1 500-2627 16455           Helena           46      10182      211                                   
1893 9 1 900-2613 16469           Helena           46      10188      217                                   
1893 9 11300-2599 16484           Helena           10      10207      206                                   
1893 9 11700-2586 16499           Helena           46      10189      211                                   
1893 9 12100-2572 16514           Helena           46      10189      211                                   
1893 9 2 100-2558 16528           Helena           46      10189      211                                   
1893 9 2 500-2544 16543           Helena           26      10195      211                                   
1893 9 2 900-2530 16558           Helena           26      10197      222                                   
1893 9 21300-2516 16573           Helena           46      10197      222                                   
1893 9 21700-2503 16587           Helena           10      10199      206                                   
1893 9 22100-2489 16602           Helena            0      10199      206                                   
1893 9 3 100-2475 16617           Helena            0      10194      239                                   
1893 9 3 500-2461 16632           Helena                   10191      233                                   
1893 9 3 900-2447 16646           Helena           10      10199      228                                   
189312141900-1639 16860           Helena           67      10123      267                                   
189312142100-1639 16860           Helena           93      10129      272                                   
18931215 100-1639 16860           Helena           93      10390      278                                   
18931215 500-1639 16860           Helena           67      10358      272                                   
18931215 900-1639 16860           Helena           26      10392      267                                   
189312151900-1639 16860           Helena           46      10359      267                                   
189312152100-1639 16860           Helena           67      10357      278                                   
18931216 100-1639 16860           Helena           67      10322      283                                   
18931216 500-1639 16860           Helena           67      10220      294                                   
18931216 900-1639 16860           Helena           26      10288      289                                   
189312161900-1639 16860           Helena            0      10256      278                                   
189312162100-1639 16860           Helena            0      10119      294                                   
18931217 100-1639 16860           Helena           26      10115      294                                   
18931217 500-1639 16860           Helena           46      10219      300                                   
18931217 900-1639 16860           Helena           26      10123      289                                   
189312171900-1639 16860           Helena           26      10390      278                                   
189312172100-1639 16860           Helena           67      10126      289                                   
18931218 100-1639 16860           Helena           93      10125      294                                   
18931218 500-1639 16860           Helena           46      10121      300                                   
18931218 900-1639 16860           Helena           10      10136      294                                   
18931227 100-1845 15816           Helena           10      10137      311                                   
18931227 500-1845 16127           Helena           26      10127      311                                   
18931227 900-1845 16438           Helena           67      10135      306                                   
189312271900-1929 16749           Helena           67      10130      278                                   
189312272100-1929 16249           Helena           93      10132      283                                   
18931228 200-1929 15749           Helena           93      10128      289                                   
18931228 600-1929 15749           Helena           93      10321      300                                   
189312281000-1929 15749           Helena           93      10357      289                                   
189312282000-2124 15649           Helena           93      10124      278                                   
189312282200-2124 15649           Helena           93      10128      278                                   
18931229 200-2124 15649           Helena           67      10391      289                                   
18931229 600-2124 15649           Helena           67      10323      294                                   
189312291000-2124 15649           Helena           93      10358      289                                   
189312292000-2124 15649           Helena           93      10124      278                                   
189312292100-2124 15649           Helena                                                                    
189312292200-2124 15649           Helena          154      10127      283                                   
18931230 200-2257 15530           Helena           46      10132      294                                   
18931230 600-2257 15530           Helena           46      10131      283                                   
189312301000-2257 15530           Helena           46      10141      283                                   
189312302000-2257 15530           Helena           67      10152      278                                   
189312302200-2257 15530           Helena           67      10155      278                                   
18931231 200-2470 15324           Helena           46      10134      294                                   
18931231 600-2470 15324           Helena           46      10132      283                                   
189312311000-2470 15324           Helena           46      10142      283                                   
1895 9 31300-2529 16654           Helena          123      10202      233                                   
1895 9 31700-2529 16654           Helena           67      10200      222                                   
1895 9 32100-2529 16654           Helena           67      10202      211                                   
1895 9 4 100-2529 16654           Helena           93      10201      239                                   
1895 9 4 500-2529 16654           Helena           93      10198      233                                   
1895 9 4 900-2529 16654           Helena          123      10200      244                                   
1895 9 41300-2529 16654           Helena          123      10202      233                                   
1895 9 41700-2529 16654           Helena          123      10197      222                                   
1895 9 42100-2529 16654           Helena           93      10200      222                                   
1895 9 5 100-2670 16824           Helena           93      10209      233                                   
1895 9 5 500-2670 16824           Helena           67      10203      233                                   
1895 9 5 900-2643 16824           Helena          123      10201      244                                   
1895 9 51300-2616 16824           Helena           67      10209      233                                   
1895 9 51700-2589 16824           Helena           46      10212      233                                   
1895 9 52100-2562 16824           Helena            0      10219      233                                   
1895 9 6 100-2535 16858           Helena           46      10218      239                                   
1895 9 6 500-2535 16858           Helena           46      10200      244                                   
1895 9 6 900-2535 16858           Helena           46      10198      256                                   
1895 9 61300-2535 16858           Helena           67      10202      233                                   
1895 9 61700-2535 16858           Helena           67      10195      233                                   
1895 9 62100-2535 16858           Helena           67      10196      228                                   
1895 9 7 100-2431 16850           Helena           67      10201      233                                   
1895 9 7 500-2431 16850           Helena           67      10195      228                                   
1895 9 7 900-2431 16850           Helena           67      10198      228                                   
1895 9 71300-2431 16850           Helena           46      10201      233                                   
1895 9 71700-2431 16850           Helena           46      10198      233                                   
1895 9 72100-2431 16850           Helena           26      10194      233                                   
1895 9 8 100-2245 16857           Helena           26      10194      244                                   
1895 9 8 500-2245 16857           Helena           10      10184      244                                   
1895 9 8 900-2245 16857           Helena           10      10193      233                                   
1895 9 81300-2245 16857           Helena           26      10203      233                                   
1895 9 81300-2146 16960           Helena          123      10171      261                                   
1895 9 81700-2146 16960           Helena           46      10196      233                                   
1895 9 82100-2146 16960           Helena           46      10192      233                                   
1895 9 9 100-2146 16960           Helena           46      10194      244                                   
1895 9 9 500-2146 16960           Helena           67      10185      233                                   
1895 9 9 900-2146 16960           Helena          154      10178      261                                   
1895 9 91300-2146 16960           Helena           67      10171      261                                   
1895 9 91700-2146 16960           Helena          123      10162      256                                   
1895 9 92100-2146 16960           Helena           93      10165      256                                   
1895 910 100-2100 16915           Helena           93      10171      261                                   
1895 910 500-2060 16915           Helena          154      10160      261                                   
1895 910 900-2019 16915           Helena          154      10160      261                                   
1895 9101300-1979 16919           Helena           67      10170      261                                   
1895 9101700-1939 16924           Helena           46      10185      250                                   
1895 9102100-1939 16924           Helena           46      10192      244                                   
1895 911 100-1939 16924           Helena           46      10196      267                                   
1895 911 500-1939 16924           Helena           46      10193      261                                   
1895 911 900-1939 16924           Helena           46      10196      261                                   
1895 9111900-1939 16924           Helena           46      10194      256                                   
1895 9112100-1939 16924           Helena           67      10201      256                                   
1895 912 100-1936 16921           Helena           67      10201      256                                   
1895 912 500-1936 16921           Helena          123      10201      256                                   
1895 912 900-1936 16921           Helena           26      10191      256                                   
1895 9121900-1936 16921           Helena           67      10193      261                                   
1895 9122100-1936 16921           Helena           67      10193      261                                   
1895 913 100-1848 16857           Helena           26      10190      278                                   
1895 913 500-1848 16857           Helena           26      10186      278                                   
1895 913 900-1848 16857           Helena           26      10190      278                                   
