1893 120 200 2839  3259           Himalaya         10      10084      100                                   
1893 120 600 2839  3259           Himalaya         10      10091      139                                   
1893 1201000 2839  3259           Himalaya                                                                  
1893 1201400 2751  3322           Himalaya                 10090      228                                   
1893 1201800 2663  3386           Himalaya         67      10114      217                                   
1893 1202200 2574  3449           Himalaya                                                                  
1893 121 200 2486  3512           Himalaya                 10101      228                                   
1893 121 600 2398  3576           Himalaya         46      10123      256                                   
1893 1211000 2310  3639           Himalaya                 10128      244                                   
1893 1211400 2197  3713           Himalaya                 10096      244                                   
1893 1211700 2083  3787           Himalaya         26      10107      239                                   
1893 1212100 1970  3860           Himalaya                                                                  
1893 122 100 1856  3934           Himalaya                 10095      261                                   
1893 122 500 1743  4008           Himalaya                 10110      267                                   
1893 122 900 1630  4082           Himalaya                 10113      267                                   
1893 1221300 1516  4156           Himalaya         46      10090      261                                   
1893 1221700 1403  4229           Himalaya                 10092      244                                   
1893 1222100 1289  4303           Himalaya                                                                  
1893 123 100 1176  4377           Himalaya                 10082      239                                   
1893 123 500 1063  4451           Himalaya         67      10109      233                                   
1893 123 900  949  4525           Himalaya         67      10109      272                                   
1893 1231300  836  4598           Himalaya                 10068      256                                   
1893 1231700  722  4672           Himalaya         46      10089      250                                   
1893 1232100  609  4746           Himalaya                                                                  
1893 124 100  496  4820           Himalaya                 10070      239                                   
1893 124 500  382  4894           Himalaya                 10094      239                                   
1893 124 900  269  4967           Himalaya                 10095      250                                   
1893 1241300  155  5041           Himalaya         10                                                       
1893 1241700   42  5115           Himalaya                 10083      239                                   
1893 8 2 700  692  7530           Himalaya         26      10068      278                                   
1893 8 4 700  748  7530           Himalaya         67      10075      272                                   
1893 8 41100  748  7530           Himalaya         67      10064      278                                   
1893 8 41500  748  7530           Himalaya         67      10081      278                                   
1893 8 41800  748  7530           Himalaya                 10083      267                                   
1893 8 41900  748  7530           Himalaya         67      10065      272                                   
1893 8 42300  748  7530           Himalaya         67      10073      267                                   
1893 8 5 300  748  7530           Himalaya         67      10064      278                                   
1893 8 5 700  829  7014           Himalaya         67      10064      283                                   
1893 8 51100  829  7014           Himalaya         67      10049      289                                   
1893 8 51500  829  7014           Himalaya         67      10065      272                                   
1893 8 51900  829  7014           Himalaya        123      10066      267                                   
1893 8 52300  829  7014           Himalaya         93      10050      261                                   
1893 8 6 300  829  7014           Himalaya         93      10052      272                                   
1893 8 6 800  933  6523           Himalaya         93      10058      278                                   
1893 8 61200  933  6523           Himalaya         93      10038      278                                   
1893 8 61600  933  6523           Himalaya         93      10060      267                                   
1893 8 62000  933  6523           Himalaya        123      10043      267                                   
1893 8 7   0 1058  6058           Himalaya                 10048      261                                   
1893 8 7 400 1058  6058           Himalaya                 10043      267                                   
1893 8 7 800 1058  6058           Himalaya                 10039      272                                   
1893 8 71200 1058  6058           Himalaya        123      10030      244                                   
1893 8 71600 1058  6058           Himalaya                 10023      250                                   
1893 8 72000 1116  5973           Himalaya        123      10013      250                                   
1893 8 8   0 1174  5887           Himalaya                                                                  
1893 8 8 400 1232  5802           Himalaya                 10022      256                                   
1893 8 8 800 1290  5717           Himalaya        123      10024      267                                   
1893 8 81200 1290  5717           Himalaya                 10004      244                                   
1893 8 81600 1290  5717           Himalaya                 10003      250                                   
1893 8 82000 1290  5717           Himalaya                 10013      250                                   
1893 8 9   0 1300  5556           Himalaya                  9999      256                                   
1893 8 9 400 1310  5394           Himalaya                  9984      267                                   
1893 8 9 900 1320  5233           Himalaya                  9994      267                                   
1893 8 91300 1325  5153           Himalaya                  9997      267                                   
1893 8 91700 1330  5073           Himalaya                 10001      289                                   
1893 8 92100 1335  4993           Himalaya                 10017      289                                   
1893 810 100 1340  4914           Himalaya                 10001      283                                   
1893 810 500 1345  4834           Himalaya                 10029      300                                   
1893 810 900 1350  4754           Himalaya                 10021      306                                   
1893 8101300 1331  4702           Himalaya                  9994      306                                   
1893 8101700 1313  4651           Himalaya                 10010      294                                   
1893 8102100 1294  4599           Himalaya                                                                  
1893 811 100 1275  4548           Himalaya                 10012      278                                   
1893 811 500 1257  4496           Himalaya                 10033      294                                   
1893 811 900 1238  4445           Himalaya         26      10019      300                                   
1893 8111300 1219  4393           Himalaya                  9980      311                                   
1893 8111700 1201  4342           Himalaya                  9995      322                                   
1893 8112100 1422  4196           Himalaya                 10006      317                                   
1893 8112100 1182  4290           Himalaya                  9992      317                                   
1893 812 100 1522  4143           Himalaya                  9987      317                                   
1893 812 500 1621  4090           Himalaya                 10000      322                                   
1893 812 900 1721  4037           Himalaya          0      10005      333                                   
1893 8121300 1820  3984           Himalaya                            333                                   
1893 8121700 1920  3931           Himalaya                 10029      317                                   
1893 8122100 2019  3877           Himalaya         93      10020      294                                   
1893 813 100 2119  3824           Himalaya                 10010      300                                   
1893 813 500 2218  3771           Himalaya                 10018      311                                   
1893 8131000 2318  3718           Himalaya                 10026      311                                   
1893 8131400 2403  3649           Himalaya                 10014      306                                   
1893 8131800 2488  3580           Himalaya                                                                  
1893 8132200 2573  3511           Himalaya                                                                  
1893 814 200 2658  3442           Himalaya                 10020      278                                   
1893 814 600 2743  3373           Himalaya                 10035      272                                   
1893 8141000 2828  3304           Himalaya         93      10043      267                                   
1893 8161000 3343  2642           Himalaya         93      10071      267                                   
1893 8161400 3214  2807           Himalaya                 10089      294                                   
1893 8161800 3085  2973           Himalaya         93      10099      267                                   
1893 8162200 2957  3138           Himalaya         93      10110      256                                   
1893 8191100 3630  1512           Himalaya         10      10160      256                                   
189312211000 2919  3241           Himalaya         26      10148      167                                   
189312211400 2792  3336           Himalaya         10      10127      189                                   
189312211800 2665  3430           Himalaya         10                                                       
189312212200 2539  3525           Himalaya                                                                  
18931222 200 2412  3620           Himalaya         10      10107      211                                   
18931222 600 2319  3672           Himalaya         10      10100      228                                   
189312221000 2225  3725           Himalaya         10      10098      256                                   
189312221300 2132  3777           Himalaya         26      10092      250                                   
189312221700 2039  3829           Himalaya         26      10100      256                                   
189312222100 1945  3882           Himalaya                                                                  
18931223 100 1852  3934           Himalaya                 10082      261                                   
18931223 500 1852  3934           Himalaya                 10085      261                                   
18931223 900 1852  3934           Himalaya         93      10085      283                                   
189312231300 1746  4012           Himalaya         93      10100      206                                   
189312231700 1641  4091           Himalaya         67                 261                                   
189312232100 1535  4169           Himalaya         67                                                       
18931224 100 1430  4248           Himalaya         93      10061      250                                   
18931224 500 1406  4281           Himalaya        123      10055      267                                   
18931224 900 1383  4314           Himalaya        123      10082      267                                   
189312241300 1359  4347           Himalaya        154      10055      267                                   
189312241700 1336  4380           Himalaya         93      10088      267                                   
189312242100 1312  4413           Himalaya                                                                  
18931225 100 1289  4446           Himalaya         46      10095      222                                   
18931225 500 1265  4479           Himalaya         46      10122      267                                   
18931225 900 1242  4512           Himalaya         93      10128      267                                   
189312251300 1228  4545           Himalaya                 10077      250                                   
189312251700 1214  4578           Himalaya                 10070      250                                   
18931226 100 1200  4611           Himalaya                 10099      239                                   
18931226 500 1186  4644           Himalaya                 10104      267                                   
1894 1 5 600-1670  9736           Himalaya         67                 272                                   
1894 1 5 900-1764  9814           Himalaya         67      10041      261                                   
1894 1 51300-1857  9892           Himalaya         67      10053      250                                   
1894 1 51700-1950  9970           Himalaya                                                                  
1894 1 52100-2044 10048           Himalaya         67      10054      233                                   
1894 1 6 100-2125 10126           Himalaya         46      10055      267                                   
1894 1 6 500-2205 10204           Himalaya         46      10052      250                                   
1894 1 6 900-2286 10282           Himalaya         67      10041      239                                   
1894 1 61300-2367 10360           Himalaya         46                 239                                   
1894 1 61700-2447 10438           Himalaya         26                                                       
1894 1 62100-2528 10516           Himalaya         26      10044      211                                   
1894 1 7 100-2596 10585           Himalaya         26      10049      244                                   
1894 1 7 500-2665 10654           Himalaya         26      10046      244                                   
1894 1 7 900-2733 10723           Himalaya         26                                                       
1894 1 71300-2802 10793           Himalaya         26                 233                                   
1894 1 71700-2870 10862           Himalaya                                                                  
1894 1 72100-2939 10931           Himalaya         46      10038      222                                   
1894 1 8 100-3009 11012           Himalaya         46      10051      228                                   
1894 1 8 500-3079 11093           Himalaya         67      10046      222                                   
1894 1 8 900-3149 11174           Himalaya         67      10040      222                                   
1894 1 81200-3219 11255           Himalaya         46      10057      222                                   
1894 1 81600-3289 11336           Himalaya                                                                  
1894 1 82000-3359 11417           Himalaya         67      10073      194                                   
1894 1 9   0-3429 11498           Himalaya         93                                                       
1894 1 9 400-3499 11579           Himalaya         93      10094      217                                   
1894 1 9 800-3569 11660           Himalaya         67      10088      194                                   
1894 1 91200-3639 11741           Himalaya         93      10101      161                                   
1894 1 92000-3709 11822           Himalaya         46      10091      167                                   
1894 1141400-3728 14393           Himalaya         46      10157      156                                   
1894 115 200-3748 14457           Himalaya         26      10121      189                                   
1894 115 600-3768 14521           Himalaya         26      10146      222                                   
1894 1151000-3787 14584           Himalaya         46      10149      189                                   
1894 1151400-3807 14647           Himalaya         26      10141      194                                   
1894 1151800-3827 14711           Himalaya         46      10153      122                                   
1894 1152200-3732 14913           Himalaya         46      10157      194                                   
1894 116 200-3637 15114           Himalaya         10      10161      206                                   
1894 116 600-3542 15316           Himalaya         10      10141      183                                   
1894 1161000-3447 15517           Himalaya         67      10124      194                                   
1894 1161800-3352 15719           Himalaya         26      10111      189                                   
1894 1162100-3257 15921           Himalaya         10      10125      222                                   
1894 117 100-3162 16122           Himalaya         26      10120      228                                   
1894 2 41400-3826 14810           Himalaya         67      10101      233                                   
1894 2 5 600-3826 14810           Himalaya         46      10118      256                                   
1894 2 51000-3826 14810           Himalaya         46      10110      239                                   
1894 2 51400-3826 14810           Himalaya         46      10161      178                                   
1894 2 51800-3826 14810           Himalaya         67      10104      217                                   
1894 2 52200-3826 14810           Himalaya         67      10128      194                                   
1894 2 6 200-3826 14810           Himalaya         67      10154      178                                   
1894 2 6 600-3826 14810           Himalaya         67      10150      200                                   
1894 2 61000-3826 14810           Himalaya         46      10158      194                                   
1894 2 61800-3826 14810           Himalaya         93      10163      167                                   
1894 2 91400-3826 14810           Himalaya         46      10066      178                                   
1894 210 600-3826 14810           Himalaya         46      10055      189                                   
1894 2101000-3826 14810           Himalaya         46      10065      189                                   
1894 2101500-3729 13944           Himalaya         46      10189      167                                   
1894 2101900-3729 13944           Himalaya         46      10073      156                                   
1894 2102300-3729 13944           Himalaya         46      10115      167                                   
1894 211 300-3729 13944           Himalaya         46      10151      194                                   
1894 211 700-3729 13944           Himalaya         46      10171      194                                   
1894 2111100-3701 13944           Himalaya         46      10171      194                                   
1894 2111900-3673 13845           Himalaya         46      10154      150                                   
1894 2131500-3645 13745           Himalaya                                                                  
1894 214 700-3618 13646           Himalaya         46      10094      206                                   
1894 2141100-3590 13546           Himalaya         46      10122      217                                   
1894 2141500-3562 13447           Himalaya         46      10171      183                                   
1894 2141900-3534 13147           Himalaya                 10133      167                                   
1894 2142300-3534 13147           Himalaya                 10155      178                                   
1894 215 300-3534 13147           Himalaya         26      10167      189                                   
1894 215 700-3534 13147           Himalaya         10      10159      194                                   
1894 2151100-3534 13147           Himalaya         46      10167      189                                   
1894 2151500-3527 12785           Himalaya                                                                  
1894 2152000-3520 12424           Himalaya         10      10140      167                                   
1894 2201700-1841 10030           Himalaya         46      10092      261                                   
1894 221 100-1841  9958           Himalaya         67      10098      261                                   
1894 221 500-1841  9886           Himalaya         67      10102      261                                   
1894 221 900-1841  9813           Himalaya         67      10069      294                                   
1894 2211400-1841  9741           Himalaya         67      10086      278                                   
1894 2211800-1400  9668           Himalaya                 10073      261                                   
1894 2212200-1400  9596           Himalaya         46      10070      256                                   
1894 222 200-1400  9524           Himalaya         46      10078      272                                   
1894 222 600-1400  9451           Himalaya         67      10064      311                                   
1894 2221000-1400  9379           Himalaya         67      10041      311                                   
1894 2221400-1400  9306           Himalaya         67      10060      278                                   
1894 2221800-1165  9234           Himalaya         67      10075      261                                   
1894 2222200 -930  9234           Himalaya         10      10044      261                                   
1894 223 200 -863  9234           Himalaya         10      10050      283                                   
1894 223 600 -797  9234           Himalaya         10      10042      289                                   
1894 2231000 -730  9234           Himalaya         10      10029      289                                   
1894 2231400 -663  9234           Himalaya         46      10035      311                                   
1894 2231800 -597  9135           Himalaya                 10061      278                                   
1894 2232200 -530  9037           Himalaya         67      10038      233                                   
1894 224 200 -433  8938           Himalaya         67      10050      261                                   
1894 224 600 -336  8840           Himalaya         46      10056      283                                   
1894 2241000 -240  8741           Himalaya         46      10032      306                                   
1894 2241400 -143  8643           Himalaya         46      10055      289                                   
1894 2241800  -46  8544           Himalaya         26      10077      278                                   
1894 2242200  -46  8544           Himalaya         10      10040      278                                   
1894 225 200  -46  8544           Himalaya         10      10057      278                                   
1894 225 600  -46  8544           Himalaya         46      10062      244                                   
1894 2251000  -46  8544           Himalaya         26      10044      294                                   
1894 2251400  -46  8544           Himalaya         26      10068      289                                   
1894 2252200  -46  8544           Himalaya         26      10058      272                                   
1894 7291900  349  8146           Himalaya         67      10070      261                                   
1894 7292300  349  8146           Himalaya         26      10047      256                                   
1894 730 300  349  8146           Himalaya         67      10069      267                                   
1894 730 700  349  8146           Himalaya         93      10073      261                                   
1894 7301100  349  8146           Himalaya         67      10036      261                                   
1894 7301500  349  8146           Himalaya         67      10076      267                                   
1894 7301900  -18  8221           Himalaya         93      10066      261                                   
1894 7302200  -18  8297           Himalaya         67      10065      267                                   
1894 731 200  -18  8372           Himalaya         67      10064      272                                   
1894 731 600  -18  8448           Himalaya         67      10067      278                                   
1894 7311000  -18  8523           Himalaya         93      10034      272                                   
1894 7311400  -18  8598           Himalaya        123      10061      272                                   
1894 7311800 -439  8674           Himalaya         46      10071      233                                   
1894 7312200 -439  8749           Himalaya         93      10073      261                                   
1894 8 1 200 -439  8825           Himalaya         67      10063      261                                   
1894 8 1 600 -439  8900           Himalaya         67      10071      272                                   
1894 8 11000 -439  8952           Himalaya         67      10039      267                                   
1894 8 11400 -439  9004           Himalaya         93      10066      267                                   
1894 8 11800 -910  9056           Himalaya         93      10088      261                                   
1894 8 12200 -910  9109           Himalaya         67      10044      261                                   
1894 8 2 200 -910  9161           Himalaya         93      10069      272                                   
1894 8 2 600 -910  9213           Himalaya        123      10068      300                                   
1894 8 21000 -910  9315           Himalaya        123      10050      283                                   
1894 8 21400 -910  9417           Himalaya        123      10073      267                                   
1894 8 21800-1310  9519           Himalaya         93      10106      239                                   
1894 8 22200-1310  9519           Himalaya         67      10073      256                                   
1894 8 3 200-1310  9519           Himalaya         93                 250                                   
1894 8 3 600-1310  9519           Himalaya        123      10106      261                                   
1894 8 31000-1310  9519           Himalaya        123      10074      250                                   
1894 8 31400-1310  9519           Himalaya         67      10102      244                                   
1894 8 32200-1716  9140           Himalaya         67      10109      233                                   
1894 8 4 600-1716  9140           Himalaya         67      10118      239                                   
1894 8 41000-1716  9140           Himalaya         46      10105      217                                   
1894 8 41800-2131  9140           Himalaya         67      10134      217                                   
1894 8 42200-1716  9140           Himalaya         46      10129      211                                   
1894 8 5 500-2131 10224           Himalaya         26      10138      217                                   
1894 8 5 900-2131 10224           Himalaya          0      10134      217                                   
1894 8 51700-2556 10636           Himalaya          0      10141      194                                   
1894 8 52100-2131 10224           Himalaya         10      10125      189                                   
1894 8 6 500-2556 10636           Himalaya         10      10143      183                                   
1894 8 6 900-2556 10636           Himalaya         26      10128      172                                   
1894 8 61700-3004 11041           Himalaya         26      10132      167                                   
1894 8 62100-2556 10636           Himalaya         10      10094      172                                   
1894 8 7 100-2556 10636           Himalaya         67      10092      183                                   
1894 8 7 500-3004 11041           Himalaya         67      10084      194                                   
1894 8 7 900-3004 11041           Himalaya        123      10053      178                                   
1894 8 71300-3004 11041           Himalaya        154      10037      189                                   
1894 8 71600-3480 11436           Himalaya         67      10038      167                                   
1894 8 72100-3004 11041           Himalaya        154      10013      172                                   
1894 8 8 100-3004 11041           Himalaya        154      10024      167                                   
1894 8 8 400-3480 11436           Himalaya        154      10027      172                                   
1894 8 8 800-3480 11436           Himalaya        154      10009      178                                   
1894 8 81200-3480 11436           Himalaya        123      10006      139                                   
1894 8 81600-3480 11436           Himalaya         93       9984      144                                   
1894 8 82000-3480 11436           Himalaya        123       9956      133                                   
1894 8 9   0-3480 11436           Himalaya        123       9970      150                                   
1894 8 9 400-3480 11436           Himalaya        154       9968      144                                   
1894 8 9 800-3480 11436           Himalaya        226                 133                                   
1894 8 91200-3480 11436           Himalaya        190      10010      111                                   
1894 8 91600-3480 11436           Himalaya        190      10024      111                                   
1895 8141000 2828  3304           Himalaya         67      10043      267                                   
