1894 5111900  711  7832           India            46      10061      294                                   
1894 5112300  711  7832           India            46      10074      300                                   
1894 512 300  711  7832           India            46      10074      300                                   
1894 512 700  711  7832           India            46      10064      300                                   
1894 5121100  711  7832           India            46      10040      300                                   
1894 5121500  711  7832           India            46      10062      289                                   
1894 5121900  744  7443           India            46      10069      311                                   
1894 5122300  744  7443           India            46      10053      267                                   
1894 513 300  744  7443           India            46      10061      300                                   
1894 513 700  744  7443           India            46      10066      311                                   
1894 5131100  744  7443           India            46      10051      300                                   
1894 5131500  744  7443           India            46      10054      300                                   
1894 5131900  794  7239           India                                                                     
1894 5132300  844  7036           India            10      10056      289                                   
1894 514 300  844  7036           India            10      10075      294                                   
1894 514 700  844  7036           India            10      10083      311                                   
1894 5141100  844  7036           India             0      10067      306                                   
1894 5141500  878  6901           India             0      10082      294                                   
1894 5141900  912  6765           India                               300                                   
1894 515   0  946  6630           India             0      10073      289                                   
1894 515 400  980  6495           India             0      10092      300                                   
1894 515 800 1014  6359           India            10      10092      300                                   
1894 5151200 1048  6224           India            10      10064      306                                   
1894 5151600 1082  6089           India            10      10085      300                                   
1894 3 8 700  523  8231           India           123      10064      300                                   
1894 3 81900  523  8231           India            93      10059      289                                   
1894 3 82300  523  8231           India                                                                     
1894 3 9 700  523  8231           India                               300                                   
1894 3 91100  523  8231           India            46      10064      278                                   
1894 3 91500  523  8231           India                                                                     
1894 3 91900  523  8231           India            46      10071      278                                   
1894 5 61800  384  8484           India           123      10059      283                                   
1894 5 62200  246  8737           India            67      10072      267                                   
1894 5 7 200  275  8688           India            67      10087      278                                   
1894 5 7 600  303  8639           India            67      10087      300                                   
1894 5 71000  332  8590           India            93      10055      289                                   
1894 5 71400  361  8541           India           154                 289                                   
1894 5 71800  389  8492           India           154      10048      272                                   
1894 5 72200  418  8443           India           123                                                       
1894 5 8 200  418  8443           India           123      10065      289                                   
1894 5 8 600  418  8443           India           123      10063      300                                   
1894 5 81000  418  8443           India           123      10055      289                                   
1894 5 81800  470  8337           India            93                 289                                   
1894 5 82300  523  8231           India           154      10042      267                                   
1894 5 9 300  575  8125           India           154      10048      294                                   
1894 5 9 700  628  8019           India           154      10050      300                                   
1894 5 91100  680  7913           India           154      10039      267                                   
1894 5 91500  733  7807           India           154      10052      289                                   
1894 5 91900  785  7701           India            46      10071      278                                   
1894 5 92300  838  7595           India            67      10047      283                                   
1894 510 300  890  7489           India            46      10060      283                                   
1894 510 700  943  7383           India            46      10065      300                                   
1894 5101100  995  7277           India            46      10056      294                                   
1894 5101500 1048  7171           India            46      10065      278                                   
1894 5101900 1100  7065           India            10      10054      267                                   
1894 5102300 1153  6959           India            10                                                       
1894 511 300 1205  6853           India            10      10061      283                                   
1894 511 800 1258  6747           India            10      10070      294                                   
1894 5111200 1310  6641           India            10      10062      283                                   
1894 5111600 1363  6535           India            10      10057      272                                   
1894 5 12100 -541 10259           India            46      10076      267                                   
1894 5 2 100 -541 10259           India            93      10081      278                                   
1894 5 2 500 -541 10259           India            93      10056      267                                   
1894 5 2 900 -506 10183           India                    10042      267                                   
1894 5 21300 -471 10107           India                    10063      283                                   
1894 5 21700 -436 10032           India                               289                                   
1894 5 22100 -401  9956           India                    10047      317                                   
1894 5 3 100 -373  9914           India                    10077      278                                   
1894 5 3 500 -346  9872           India                    10079      289                                   
1894 5 3 900 -318  9830           India            67      10057      256                                   
1894 5 31300 -291  9788           India                    10053      300                                   
1894 5 31800 -263  9746           India                                                                     
1894 5 32200 -236  9704           India                    10060      256                                   
1894 5 4 200 -204  9653           India                    10072      289                                   
1894 5 4 600 -171  9603           India                    10073      283                                   
1894 5 41000 -139  9552           India                    10047      294                                   
1894 5 41400 -107  9502           India                                                                     
1894 5 41800  -74  9451           India                               294                                   
1894 5 42200  -42  9401           India            46                 267                                   
1894 5 5 200  -11  9341           India                    10062      289                                   
1894 5 5 600   20  9281           India                    10073      300                                   
1894 5 51000   50  9220           India            26      10067      294                                   
1894 5 51400   81  9160           India                    10067      300                                   
1894 5 52200  112  9100           India                    10072      267                                   
1894 5 6 200  143  9040           India            46      10073      283                                   
1894 5 6 600  174  8980           India                    10087      300                                   
1894 5 61000  204  8919           India                               278                                   
1894 5 61400  235  8859           India                               300                                   
1894 4261600 -800 11913           India            26                 289                                   
1894 4262000 -800 11913           India            26      10066      267                                   
1894 427   0 -800 11913           India            26                 289                                   
1894 427 400 -800 11913           India            26                 306                                   
1894 427 800 -800 11913           India            26                 311                                   
1894 4271600 -769 11681           India            26                 289                                   
1894 4272000 -739 11450           India            26                 267                                   
1894 428   0 -717 11392           India            26                 300                                   
1894 428 400 -695 11335           India            26                 300                                   
1894 428 800 -673 11277           India            26                 317                                   
1894 4281300 -652 11219           India            26                 300                                   
1894 4281700 -630 11162           India            26                 289                                   
1894 4282100 -608 11104           India            26                 267                                   
1894 5 1 500 -557 10633           India            26                 294                                   
1894 5 1 900 -557 10633           India            10                 300                                   
1894 5 11300 -557 10633           India            46                                                       
1891 2 61800-4913  9726           India                                                                     
1891 2 71700-4912 10123           India                                                                     
1891 2 81700-4922 10348           India                                                                     
1891 2 91700-4938 10749           India                                                                     
1891 2101700-4980 11150           India                                                                     
1891 2111600-4815 11717           India                                                                     
1891 2121600-4801 12129           India                                                                     
1891 2131600-4721 12448           India                                                                     
1891 2141500-4625 12944           India                                                                     
1891 2151500-4680 13459           India                                                                     
1891 2161500-4548 14010           India                                                                     
1891 2171400-4541 14438           India                                                                     
1891 2181400-4570 14847           India                                                                     
1891 2191400-4300 15030           India                                                                     
1891 2201400-4251 14951           India                                                                     
1891 221 200-4247 15035           India                                                                     
1891 2211400-4243 15120           India                                                                     
1891 222 200-4239 15238           India                                                                     
1891 2221400-4235 15357           India                                                                     
1891 2231400-4231 15670           India                                                                     
1891 2 61800-4904  9675           India                                                                     
1891 2 71700-4915 10033           India                                                                     
1891 2 81700-4926 10391           India                                                                     
1891 2 91700-4937 10749           India                                                                     
1891 2101700-4960 11220           India                                                                     
1891 2111600-4915 11672           India                                                                     
1891 2121600-4870 12125           India                                                                     
1891 2131600-4720 12530           India                                                                     
1891 2141500-4624 12946           India                                                                     
1891 2151500-4690 13511           India                                                                     
1891 2161500-4548 13953           India                                                                     
1891 2171400-4543 14424           India                                                                     
1891 2181400-4510 14846           India                                                                     
1891 2191400-4310 15015           India                                                                     
1891 2201400-4219 15089           India                                                                     
1891 2211400-4128 15164           India                                                                     
1891 2221400-4037 15238           India                                                                     
1891 2231400-3946 15312           India                                                                     
