1892 8 1 200-3351 15112           Industry         46      10027      144                                   
1892 8 2 200-3255 15132           Industry         46      10020      144                                   
1892 8 3 200-3310 15152           Industry         46      10074      122                                   
1892 8 4 200-3430 15120           Industry        123      10086      100                                   
1892 8 5 200-3700 15080           Industry        190      10082       78                                   
1892 8 6 200-3835 14800           Industry         46      10051       89                                   
1892 8 7 200-3833 14724           Industry         67      10036       78                                   
1892 8 8 200-3831 14648           Industry         93      10036       78                                   
1892 8 9 200-3829 14573           Industry         46      10041       89                                   
1892 810 200-3826 14497           Industry         26      10027       89                                   
1892 811 200-3824 14421           Industry         67      10000       89                                   
1892 812 200-3822 14421           Industry         46      10000       89                                   
1892 813 200-3820 14820           Industry         26       9983       89                                   
1892 814 200-3650 15020           Industry        154       9948       89                                   
1892 815 200-3501 15053           Industry         67       9958      122                                   
1892 816 200-3352 15086           Industry         46       9953      144                                   
1892 817 200-3255 15119           Industry        123       9925      122                                   
1892 818 200-3257 15152           Industry         93       9936      122                                   
1892 819 200-3455 15051           Industry        123       9985      122                                   
1892 820 200-3755 14925           Industry         67      10051      144                                   
1892 821 200-3940 14520           Industry                  9975      144                                   
1892 822 200-3921 14495           Industry         46      10037      156                                   
1892 823 200-3902 14471           Industry         46       9986      156                                   
1892 824 200-3882 14446           Industry         46       9990      156                                   
1892 825 200-3863 14421           Industry         93       9964      144                                   
1892 826 200-3844 14421           Industry         93       9964      144                                   
1892 827 200-3825 14850           Industry        154       9961      122                                   
1892 828 200-3512 15050           Industry         26       9920      150                                   
1892 829 200-3199 15112           Industry         46       9980      178                                   
1892 830 200-2886 15112           Industry         26                 167                                   
1892 831 200-2573 15112           Industry         26      10007      167                                   
