1893 8 3 300-3656 12800           Innaminka        26      10129      156                                   
1893 8 4 300-3626 12983           Innaminka       123      10139      156                                   
1893 8 41500-3596 13167           Innaminka        93      10152      139                                   
1893 8 5 300-3566 13350           Innaminka       190      10142      156                                   
1893 8 51100-3536 13533           Innaminka        93      10151      139                                   
1893 8 51500-3645 13717           Innaminka        93      10149      139                                   
1893 8 52300-3755 13900           Innaminka        67      10150      139                                   
1893 8 6 300-3754 14083           Innaminka        67      10150      139                                   
1893 8 61000-3753 14267           Innaminka        93      10150      139                                   
1893 8 62200-3752 14450           Innaminka        67      10150      139                                   
1893 8 7 200-3739 14633           Innaminka        67      10150      139                                   
1893 8 71000-3726 14817           Innaminka        67      10150      139                                   
1893 8 71400-3713 15000           Innaminka        67      10176      139                                   
1893 8 72200-3700 15008           Innaminka        46      10153      139                                   
1893 8 8 200-3687 15017           Innaminka         0                                                       
1893 8 81000-3674 15025           Innaminka        26      10159      139                                   
1893 8 81800-3661 15034           Innaminka        26      10193      139                                   
1893 8 82200-3648 15042           Innaminka        10      10212      144                                   
1893 8 9 200-3635 15051           Innaminka        10      10228      150                                   
1893 8111400-3622 15059           Innaminka        67      10193      139                                   
1893 8121400-3609 15068           Innaminka                           139                                   
1893 8122200-3596 15076           Innaminka        26      10223      139                                   
1893 813 200-3583 15085           Innaminka        67                 144                                   
1893 8132200-3570 15093           Innaminka        67      10192      139                                   
1893 814 200-3557 15102           Innaminka        93      10178      139                                   
1893 8151000-3544 15110           Innaminka       123      10075      150                                   
1893 8151400-3531 15119           Innaminka                                                                 
1893 8152200-3518 15127           Innaminka       190                                                       
1893 816 200-3505 15136           Innaminka       154      10227      128                                   
1893 8161000-3492 15144           Innaminka        46      10240      128                                   
1893 8161400-3479 15153           Innaminka        67                 133                                   
