1895 119 300-4155 14146           Inversnai        67                 180                                   
1895 120 300-4412 14219           Inversnai        46                                                       
1895 122 200-4554 14437           Inversnai        46                 200                                   
1895 123 200-4720 14800           Inversnai        46      10126      194                                   
1895 124 200-4827 15345           Inversnai        93      10132      167                                   
1895 125 100-4851 16080           Inversnai       154      10032      156                                   
1895 126 100-5090 16330           Inversnai       226      10002      144                                   
1895 127 100-4859 16657           Inversnai       268      10187      139                                   
1895 128 100-4930 16828           Inversnai       268      10037      133                                   
1895 129 100-4947 17050           Inversnai       123      10106      122                                   
1895 130   0-5090 17690           Inversnai       190      10072      133                                   
1895 131   0-5147 17900           Inversnai       268       9907      111                                   
1895 2 2   0-5144-17840           Inversnai        93       9909      100                                   
1895 2 22300-4940-16840           Inversnai       309       9941      100                                   
1895 2 32300-4740-16442           Inversnai       190       9930      156                                   
1895 2 42300-4860-15912           Inversnai       190       9961      178                                   
1895 2 52200-4738-15350           Inversnai       154       9994      178                                   
1895 2 62200-4745-14747           Inversnai       123      10033      144                                   
1895 2 72200-4880-14347           Inversnai        46      10269      156                                   
1895 2 82100-4880-13843           Inversnai        93      10134      156                                   
1895 2 92100-4910-13226           Inversnai        93      10269      156                                   
1895 2102000-4900-12728           Inversnai        93      10235      156                                   
1895 211 400-4913 12228           Inversnai       154      10136      144                                   
1895 2122000-4921-11621           Inversnai       154      10104      133                                   
1895 2131900-4922-11057           Inversnai       123      10005      122                                   
1895 2141900-5014-10534           Inversnai       154       9972      122                                   
1895 2151900-5051-10110           Inversnai        93       9956      117                                   
1895 2161800-5158 -9700           Inversnai        46       9992      128                                   
1895 2171800-5252 -9234           Inversnai       123      10005      139                                   
1895 2181800-5343 -8768           Inversnai       123       9903      144                                   
