1896 516 900 1151-14134           Inveresk         67                 239                                   
1896 6 11200 -615-15200           Inveresk         46      10009      267                                   
1896 616   0-1270-17345           Inveresk         93      10004      267                                   
1896 617   0-1300-17650           Inveresk        123      10015      261                                   
1896 6171200-1415-17945           Inveresk         93      10015      261                                   
1896 618   0-1415-17945           Inveresk         93      10042      261                                   
1896 622   0-2124 17410           Inveresk         93      10026      261                                   
1896 623 100-2230 17234           Inveresk         67      10033      244                                   
1896 624 100-2258 17156           Inveresk         26      10026      222                                   
1896 625 100-2326 17220           Inveresk          0      10028      233                                   
1896 626 100-2434 17125           Inveresk        123      10035      217                                   
1896 627 100-2343 17016           Inveresk         93      10067      222                                   
1896 628 100-2324 16920           Inveresk         26      10064      244                                   
1896 629 100-2347 16918           Inveresk         26      10043      250                                   
1896 630 100-2500 16810           Inveresk        123       9986      233                                   
1896 7 1 100-2443 16747           Inveresk        123      10028      222                                   
1896 7 2 100-2428 16645           Inveresk         67      10083      211                                   
1896 7 3   0-2354 17584           Inveresk         46      10081      222                                   
1896 7 5   0-2451-17477           Inveresk        154      10039      233                                   
1896 7 52300-2413-16538           Inveresk         67      10073      233                                   
1896 7 62300-2419-16414           Inveresk         26      10090      211                                   
1896 7 72300-2447-16291           Inveresk         26      10066      233                                   
1896 7 82300-2547-16167           Inveresk        190       9960      228                                   
1896 7 92300-2582-16044           Inveresk        226       9987      189                                   
1896 7102300-2617-15920           Inveresk         67      10054      194                                   
1896 7112300-2637-15776           Inveresk                 10058      211                                   
1896 7122200-2625-15633           Inveresk         93                 206                                   
1896 7132200-2556-15489           Inveresk                 10071      211                                   
1896 7142200-2530-15346           Inveresk         93      10104      211                                   
1896 7152200-2639-15202           Inveresk         93      10138      217                                   
