1893 8231000 3444 15700           Iris                     10066      178                                   
1893 8 9 100-3326 15832           Iris             93      10316      211                                   
1893 810 100-3284 15948           Iris             67      10318      217                                   
1893 811 100-3243 16150           Iris            123      10351      200                                   
1893 812 100-3230 16800           Iris             46      10397      206                                   
1893 813 100-3128 16855           Iris             10      10401      217                                   
1893 814 100-3112 16422           Iris             10      10378      211                                   
1893 815 100-3100 16437           Iris              0      10341      211                                   
1893 816 100-3260 16638           Iris             46      10289      211                                   
1893 8161900-3260 16638           Iris             46      10247      217                                   
1893 817 100-3390 16848           Iris             93      10254      206                                   
1893 818 100-3334 17148           Iris            123      10344      183                                   
1893 819   0-3352 17480           Iris             46      10425      189                                   
1893 820   0-3450 17538           Iris             26      10343      200                                   
1893 821   0-3548 17600           Iris             26      10317      200                                   
1893 822   0-3623 17540           Iris             10      10306      206                                   
1893 823   0-3698 17480           Iris              0      10271      200                                   
1893 824   0-3773 17420           Iris             93      10299      194                                   
1893 825   0-3848 17360           Iris            123      10234      206                                   
1893 826   0-3923 17300           Iris             26      10186      217                                   
1893 827 100-3998 17240           Iris             10      10218      211                                   
1893 828 100-4073 17180           Iris             67      10219      206                                   
1893 829 100-4148 17120           Iris             67      10205      194                                   
1893 830 100-4223 17060           Iris              0      10283      194                                   
1893 831 100-4298 17000           Iris             10      10276      183                                   
1893 9 2 100-4373 16940           Iris             93      10290      200                                   
1893 9 3 100-4448 16880           Iris             26      10173      200                                   
1893 9 4 100-4523 16820           Iris             26      10210      183                                   
1893 9 5 100-4598 16760           Iris             67      10222      217                                   
189312102100-2385 16187           Iris             10      10160      272                                   
18931211 100-2414 16153           Iris             46      10164      272                                   
18931211 500-2443 16119           Iris             46      10164      294                                   
18931211 900-2472 16084           Iris             46      10172      289                                   
189312112100-2501 16050           Iris             46      10171      272                                   
18931212 100-2530 16016           Iris             46      10176      289                                   
18931212 500-2575 15971           Iris             46      10171      300                                   
18931212 900-2620 15926           Iris             46      10172      294                                   
189312122100-2665 15882           Iris             46      10187      289                                   
18931213 100-2710 15837           Iris             46      10175      300                                   
18931213 500-2743 15789           Iris             46      10182      300                                   
189312131000-2776 15741           Iris             46      10191      289                                   
189312132200-2809 15694           Iris             46      10211      272                                   
18931214 200-2842 15646           Iris             46      10212      289                                   
189312141000-2888 15596           Iris             46      10205      289                                   
189312141400-2935 15546           Iris            123      10230      283                                   
189312142200-2981 15497           Iris            123      10193      283                                   
18931215 200-3028 15447           Iris            154      10167      306                                   
18931215 600-3048 15427           Iris            154      10132      311                                   
189312151000-3068 15407           Iris            154      10197      283                                   
189312151100-3088 15386           Iris            123      10137      283                                   
189312151200-3108 15366           Iris             67      10147      283                                   
189312151300-3128 15346           Iris             67      10400      283                                   
189312151400-3148 15326           Iris             67      10157      244                                   
189312151800-3168 15306           Iris             93      10089      272                                   
189312152200-3188 15285           Iris             67      10090      267                                   
18931216   0-3208 15265           Iris             93      10100      267                                   
18931216 200-3228 15245           Iris             93      10202      267                                   
18931216 600-3248 15225           Iris             93      10138      267                                   
189312161000-3268 15205           Iris             46      10153      256                                   
1894 3282200-3322 15245           Iris             26                  -9                                   
1894 329 200-3322 15240           Iris             26                  -9                                   
1894 329 600-3322 15235           Iris             26                  -9                                   
1894 3291000-3322 15230           Iris             26                  -9                                   
1894 3292200-3322 15225           Iris                                                                      
1894 330 200-3322 15220           Iris                                                                      
1894 330 600-3294 15252           Iris             26                                                       
1894 3301000-3266 15285           Iris             46                                                       
1894 3302200-3237 15317           Iris             67                                                       
1894 331 200-3209 15350           Iris            123                                                       
1894 3312200-3181 15435           Iris             46                                                       
1894 4 1 200-3153 15520           Iris             10                                                       
1894 4 1 600-3148 15551           Iris             10                                                       
1894 4 12200-3143 15583           Iris             67                                                       
1894 4 2 200-3138 15614           Iris             67                                                       
1894 4 2 600-3134 15692           Iris             67                                                       
1894 4 2 900-3129 15771           Iris             93                                                       
1894 4 22100-3125 15849           Iris             93                                                       
1894 4 3 100-3121 15927           Iris             93                                                       
1894 4 3 500-3089 15997           Iris             67                                                       
1894 4 32100-3057 16067           Iris             46                                                       
1894 4 4 100-3025 16137           Iris             10                                                       
1894 4 4 500-2993 16158           Iris                                                                      
1894 4 4 900-2961 16178           Iris             10                                                       
1894 4 42100-2929 16199           Iris              0                                                       
1894 4 5 100-2897 16220           Iris              0                                                       
1894 4 5 500-2865 16241           Iris             46                                                       
1894 4 5 900-2833 16261           Iris             67                                                       
1894 4252100-2782 15887           Iris             93      10264      272                                   
1894 426 100-2815 15840           Iris             93      10287      278                                   
1894 426 500-2848 15792           Iris             93      10254      278                                   
1894 4261000-2881 15745           Iris             67      10255      272                                   
1894 4262200-2915 15697           Iris             67      10253      267                                   
1894 427 200-2948 15650           Iris             67      10251      278                                   
1894 427 600-2971 15601           Iris             46      10247      283                                   
1894 4271000-2993 15551           Iris             46      10255      278                                   
1894 4272200-3016 15502           Iris             93      10276      256                                   
1894 428 200-3039 15453           Iris            123      10269      256                                   
1894 428 600-3083 15398           Iris             67      10254      250                                   
1894 4281000-3127 15343           Iris             46      10253      256                                   
1894 4282200-3171 15288           Iris             26      10256      261                                   
1894 429 200-3215 15233           Iris             26      10249      244                                   
1894 429 600-3236 15228           Iris             26      10264      239                                   
1894 4291000-3257 15224           Iris             26      10274      239                                   
1894 4292200-3279 15219           Iris             46      10290      244                                   
1894 430 200-3300 15215           Iris             67      10291      239                                   
1894 430 600-3300 15215           Iris             46      10281      239                                   
1894 4301000-3312 15188           Iris             46      10288      239                                   
1894 4302200-3323 15162           Iris             26      10256      250                                   
1894 5 1 200-3335 15135           Iris             46      10220      261                                   
1894 5 1 600-3347 15108           Iris             67      10204      256                                   
1894 5 11000-3358 15082           Iris            123      10194      256                                   
1894 4 52100-3017 16845           Iris             67      10242      256                                   
1894 4 6 100-3017 16845           Iris             67      10231      261                                   
1894 4 6 500-3017 16345           Iris             93      10226      250                                   
1894 4 6 900-3017 16345           Iris             93      10229      256                                   
1894 4 62100-3017 16345           Iris            123      10232      256                                   
1894 4 7 100-2743 16535           Iris            123      10224      250                                   
1894 4 7 500-2743 16535           Iris            123      10211      250                                   
1894 4 72100-2743 16535           Iris            123      10203      256                                   
1894 4 8 100-2436 16635           Iris            123      10194      256                                   
1894 4 8 500-2436 16635           Iris            123      10176      261                                   
1894 4 82100-2220 16610           Iris             67      10180      272                                   
1894 4 9 100-2220 16610           Iris             67      10188      283                                   
1894 4 9 500-2216 16627           Iris             67                                                       
1894 4212100-2220 16610           Iris             26      10175      278                                   
1894 422 100-2220 16585           Iris             26      10173      294                                   
1894 422 500-2220 16560           Iris             26      10176      294                                   
1894 422 900-2220 16536           Iris             26      10184      289                                   
1894 4222100-2320 16511           Iris             26      10200      294                                   
1894 423 100-2320 16511           Iris             26      10209      300                                   
1894 423 500-2320 16511           Iris             46      10206      300                                   
1894 423 900-2320 16511           Iris             67      10219      283                                   
1894 4232100-2320 16511           Iris             93      10225      283                                   
1894 424 100-2449 16253           Iris             93      10225      289                                   
1894 424 500-2449 16253           Iris             67      10224      300                                   
1894 424 900-2449 16253           Iris             67      10225      289                                   
1894 4242100-2449 16253           Iris             46      10251      278                                   
1894 425 100-2620 16050           Iris             46      10250      289                                   
1894 425 500-2620 16050           Iris             67      10246      294                                   
1894 425 900-2620 16050           Iris             93      10255      283                                   
1894 318 600-2853 15600           Iris             10                                                       
1894 320 200-3020 15430           Iris             26      10251      261                                   
1894 1202100-2218 16507           Iris             93                 311                                   
1894 121 100-2241 16545           Iris             67      10142      317                                   
1894 121 500-2264 16583           Iris             26      10139      317                                   
1894 1212100-2287 16622           Iris             93      10152      317                                   
1894 122 100-2310 16660           Iris             93      10147      311                                   
1894 122 500-2314 16634           Iris             93      10131      328                                   
1894 122 900-2319 16608           Iris             93      10138      322                                   
1894 1222100-2323 16582           Iris             93      10129      300                                   
1894 2 52100-2328 16556           Iris                                                                      
1894 2 6 100-2332 16529           Iris             46      10132      322                                   
1894 2 6 500-2337 16503           Iris             67      10131      328                                   
1894 2 6 900-2341 16477           Iris             67      10135      322                                   
1894 2 62100-2346 16451           Iris                     10134      311                                   
1894 2 7 100-2350 16425           Iris             26      10132      322                                   
1894 2 7 500-2373 16390           Iris             26      10132      322                                   
1894 2 7 900-2397 16356           Iris             10      10132      322                                   
1894 2 8 100-2420 16321           Iris             10      10130      339                                   
1894 2 8 500-2447 16282           Iris             26      10129      344                                   
1894 2 8 900-2474 16243           Iris             26      10130      339                                   
1894 2 82100-2501 16204           Iris             26                 311                                   
1894 2 9 100-2528 16165           Iris             26      10134      339                                   
1894 2 9 500-2556 16127           Iris             26      10134      339                                   
1894 2 9 900-2584 16088           Iris             46      10140      322                                   
1894 2 92100-2612 16049           Iris             46      10146      311                                   
1894 210 100-2640 16010           Iris             67      10152      317                                   
1894 210 500-2668 15971           Iris             46      10147      306                                   
1894 210 900-2696 15932           Iris             26      10325      306                                   
1894 1132100-2690 16440           Iris             26      10135      300                                   
1894 114 100-2690 16440           Iris             26      10137      306                                   
1894 114 500-2690 16440           Iris             26      10136      311                                   
1894 114 900-2690 16440           Iris             46      10137      306                                   
1894 1142100-2690 16440           Iris             26      10137      306                                   
1894 115 100-2451 16440           Iris             26      10138      311                                   
1894 115 500-2419 16440           Iris             67      10126      322                                   
1894 115 900-2388 16440           Iris             93      10127      311                                   
1894 1152100-2356 16440           Iris             46                 311                                   
1894 116 100-2325 16452           Iris             46      10389      311                                   
1894 116 500-2325 16452           Iris             26      10286      322                                   
1894 116 900-2325 16452           Iris             26      10353      322                                   
1894 1161100-2325 16452           Iris             10      10353      322                                   
1894 1162100-2325 16452           Iris             67      10355      311                                   
1894 117 100-2343 16533           Iris             46      10389      311                                   
1894 117 500-2360 16558           Iris             67      10321      317                                   
1894 117 900-2378 16582           Iris             67      10119      317                                   
1894 1172100-2395 16607           Iris             67      10389      311                                   
1894 118 100-2413 16632           Iris             93      10391      306                                   
1894 118 500-2413 16629           Iris             67      10356      311                                   
1894 118 900-2413 16627           Iris             46      10121      311                                   
1894 1182100-2413 16624           Iris             26      10120      317                                   
1894 119 100-2371 16622           Iris             46      10128      306                                   
1894 119 500-2330 16622           Iris             26      10357      300                                   
1894 119 900-2330 16622           Iris             46      10122      300                                   
1894 1192100-2330 16622           Iris             67      10130      311                                   
1894 120 100-2313 16525           Iris             46      10133      311                                   
1894 120 500-2313 16525           Iris             46      10136      317                                   
1894 120 900-2313 16525           Iris             46      10149      317                                   
1894 1201100-2313 16525           Iris             93      10153      317                                   
