189312 31500-3798 13877           Ivanhoe          26      10127      139                                   
189312 31900-3803 13897           Ivanhoe          10      10188      117                                   
189312 32300-3809 13916           Ivanhoe          26      10193      128                                   
189312 4 300-3814 13935           Ivanhoe          10      10180      167                                   
189312 4 700-3819 13954           Ivanhoe          10      10173      167                                   
189312 41100-3825 13973           Ivanhoe          10      10158      156                                   
189312 41500-3830 13992           Ivanhoe          46      10034      128                                   
189312 41900-3835 14012           Ivanhoe          26      10109      122                                   
189312 42300-3841 14031           Ivanhoe           0      10118      133                                   
189312 5 300-3846 14050           Ivanhoe          46      10092      144                                   
189312 5 700-3847 14095           Ivanhoe          46      10053      156                                   
189312 51100-3848 14140           Ivanhoe          46      10033      133                                   
189312 51500-3849 14185           Ivanhoe          10      10109      128                                   
189312 51900-3850 14230           Ivanhoe          26      10044      128                                   
189312 52200-3851 14275           Ivanhoe          10      10076      144                                   
189312 6 200-3852 14320           Ivanhoe          26      10073      161                                   
189312 6 600-3860 14337           Ivanhoe          26      10073      161                                   
189312 61000-3868 14355           Ivanhoe          10      10108      133                                   
189312 61400-3876 14372           Ivanhoe          67      10162      133                                   
189312 61800-3884 14389           Ivanhoe          46      10114      117                                   
189312 62200-3892 14407           Ivanhoe          46      10135      133                                   
189312 7 200-3900 14424           Ivanhoe          46      10132      156                                   
189312 7 600-3893 14479           Ivanhoe          46      10138      156                                   
189312 71000-3886 14533           Ivanhoe          46      10159      133                                   
189312 71400-3878 14588           Ivanhoe          10      10160      144                                   
189312 71800-3871 14643           Ivanhoe          67      10164      122                                   
189312 72200-3864 14697           Ivanhoe          67      10165      156                                   
189312 8 200-3857 14752           Ivanhoe          46      10170      167                                   
189312 8 600-3850 14807           Ivanhoe          26      10163      167                                   
189312 81000-3843 14861           Ivanhoe          26      10158      156                                   
189312 81800-3834 14793           Ivanhoe          10      10147      122                                   
189312 82200-3832 14821           Ivanhoe          10      10143      144                                   
189312 9 200-3830 14849           Ivanhoe          10      10122      167                                   
189312 9 600-3828 14877           Ivanhoe          46      10109      167                                   
189312 91000-3826 14905           Ivanhoe          46      10089      144                                   
189312 91400-3824 14933           Ivanhoe          46      10091      133                                   
189312 91800-3823 14961           Ivanhoe          67      10070      133                                   
189312 92200-3821 14989           Ivanhoe          93      10068      150                                   
18931210 200-3819 15017           Ivanhoe          93      10065      167                                   
18931210 600-3807 15021           Ivanhoe          67      10050      156                                   
189312101000-3796 15025           Ivanhoe          67      10050      150                                   
189312101400-3784 15028           Ivanhoe          67      10032      139                                   
189312101800-3773 15032           Ivanhoe          93      10034      128                                   
189312102200-3761 15036           Ivanhoe          93      10032      139                                   
18931211 200-3750 15040           Ivanhoe          93      10015      156                                   
18931211 600-3734 15050           Ivanhoe          93      10002      156                                   
189312111000-3719 15060           Ivanhoe          46      10024      144                                   
189312111400-3703 15070           Ivanhoe          46      10025      133                                   
189312111800-3687 15080           Ivanhoe          67      10025      133                                   
189312112200-3672 15090           Ivanhoe          67      10036      150                                   
18931212 200-3656 15100           Ivanhoe          67      10049      150                                   
18931212 600-3645 15107           Ivanhoe          67      10063      150                                   
189312121000-3634 15113           Ivanhoe          67      10079      150                                   
189312121400-3623 15120           Ivanhoe          67      10104      144                                   
189312121800-3612 15127           Ivanhoe          46      10102      156                                   
189312122200-3601 15133           Ivanhoe          46      10117      167                                   
18931213 200-3590 15140           Ivanhoe          46      10134      167                                   
18931213 600-3579 15147           Ivanhoe          26      10120      167                                   
189312131000-3568 15153           Ivanhoe          26      10121      161                                   
189312131400-3557 15160           Ivanhoe          46                 156                                   
