1892 8 5   0-1813 14754           Jasper           67      10161      244                                   
1892 8 5   0-1813 14754           Jasper           67      10161      244                                   
1892 8 6   0-1819 14829           Jasper          123      10180      233                                   
1892 8 6   0-1837 14829           Jasper          123      10180      233                                   
1892 8 7   0-1825 14940           Jasper           46                 239                                   
1892 8 7   0-1825 14940           Jasper           46      10179      239                                   
1892 8 8   0-1831 15030           Jasper           10      10185      244                                   
1892 8 8   0-1910 15030           Jasper           10      10186      244                                   
1892 8 9   0-1950 15110           Jasper           10      10197      239                                   
1892 8 92300-1945 15390           Jasper           46      10181      233                                   
1892 811   0-1927 15630           Jasper          123      10184      211                                   
1892 812   0-1926 15743           Jasper           67      10199      222                                   
1892 814   0-1952 15820           Jasper           10      10197      239                                   
1892 8141300-1952 15820           Jasper                                                                    
1892 8142100-1952 15820           Jasper                   10198      233                                   
1892 815 100-1952 15820           Jasper            0      10177      256                                   
1892 8152100-1952 15820           Jasper           46      10196      244                                   
1892 816 100-1952 15820           Jasper           46      10177      256                                   
1892 8162100-1952 15820           Jasper           67      10181      233                                   
1892 817 100-1952 15820           Jasper           67      10177      256                                   
1892 8172100-1952 15820           Jasper           67      10180      239                                   
1892 818 100-1952 15820           Jasper           26      10177      256                                   
1892 8182100-1952 15820           Jasper           67      10147      233                                   
1892 8232200-1952 15820           Jasper           10      10162      244                                   
1892 824 100-1952 15820           Jasper           10      10155      250                                   
1892 8242100-1952 15820           Jasper           26      10179      244                                   
1892 825 100-1952 15820           Jasper           46      10144      256                                   
1892 8252100-1952 15820           Jasper           10      10157      233                                   
1892 826 100-1952 15820           Jasper           46      10135      244                                   
1892 8262100-2085 15775           Jasper          123      10079      244                                   
1892 827 200-2218 15731           Jasper           46      10092      233                                   
1892 8272100-2325 15784           Jasper          190      10120      211                                   
1892 828 100-2433 15838           Jasper          154      10121      206                                   
1892 8282100-2521 15877           Jasper           67      10162      206                                   
1892 829 100-2610 15916           Jasper          123      10145      211                                   
1892 8292100-2717 15931           Jasper           67      10139      211                                   
1892 830 100-2825 15946           Jasper           67      10114      228                                   
1892 8302100-2825 15946           Jasper          123      10097      206                                   
1892 831 100-3040 16034           Jasper          190      10119      206                                   
1892 8312100-3040 16034           Jasper          123      10196      189                                   
1892 9 1 100-3147 16324           Jasper          123      10196      194                                   
1892 9 12100-3180 16472           Jasper           67      10250      178                                   
1892 9 2 100-3213 16620           Jasper           46      10257      178                                   
1892 9 22100-3211 16678           Jasper           46      10287      156                                   
1892 9 3 100-3210 16737           Jasper           26      10285      172                                   
1892 9 32100-3216 16746           Jasper           67      10287      156                                   
1892 9 4 100-3222 16755           Jasper           46      10268      172                                   
1892 9 42100-3324 16833           Jasper           93      10271      156                                   
1892 9 5 100-3427 16911           Jasper           93      10264      167                                   
1892 9 52100-3535 16979           Jasper           46      10297      156                                   
1892 9 6 100-3643 17047           Jasper           26      10284      178                                   
189210 5   0-1952 14754           Jasper           67      10162      244                                   
1893 221 100-3830 16750           Jasper           67      10213      189                                   
1893 222 100-3743 16530           Jasper           46      10204      178                                   
1893 2222100-3681 16530           Jasper          154                 189                                   
1893 223 100-3619 16350           Jasper          154      10182      200                                   
1893 2232100-3619 16350           Jasper          123      10200      194                                   
1893 224 100-3455 15935           Jasper           93      10197      206                                   
1893 2242100-3455 15935           Jasper           67      10198      200                                   
1893 225 200-3480 15656           Jasper           67      10200      206                                   
1893 2252200-3390 15514           Jasper           26      10178      233                                   
1893 226 200-3390 15463           Jasper           26      10168      256                                   
1893 2262200-3390 15411           Jasper          123      10225      233                                   
1893 227 200-3310 15360           Jasper           67      10223      244                                   
1893 2272200-3310 15360           Jasper           10      10215      228                                   
1893 228 200-3312 15159           Jasper           26      10207      256                                   
1893 3 62200-3312 15239           Jasper           67      10113      239                                   
1893 3 7 200-3422 15319           Jasper           67      10097      256                                   
1893 3 72200-3422 15319           Jasper          123      10094      233                                   
1893 3 8 200-3430 15480           Jasper          123      10089      244                                   
1893 3 82200-3430 15480           Jasper          154      10102      228                                   
1893 3 9 200-3354 15536           Jasper          123      10090      233                                   
1893 3 92200-3345 15536           Jasper          123      10168      233                                   
1893 310 200-3336 15557           Jasper          123                 239                                   
1893 3102200-3336 15557           Jasper           93      10202      228                                   
1893 311 200-3241 15748           Jasper           93      10194      233                                   
1893 3112200-3244 15748           Jasper           67      10242      228                                   
1893 312 100-3247 15850           Jasper                   10234      233                                   
1893 3122100-3247 15850           Jasper           46      10255      228                                   
1893 313 100-3252 15870           Jasper                   10248      233                                   
1893 3282100-4502 16610           Jasper                   10315      161                                   
1893 329 100-4514 16612           Jasper                   10308      167                                   
1893 3292100-4526 16614           Jasper           93      10325      144                                   
1893 330 100-4538 16616           Jasper           93      10317      150                                   
1893 3302100-4581 16570           Jasper           10      10337      133                                   
1893 331 100-4624 16525           Jasper           46      10329      144                                   
1893 3312100-4627 16590           Jasper           10      10339      144                                   
1893 4 1 100-4630 16655           Jasper           10      10327      156                                   
1893 4 12100-4630 16697           Jasper           10      10337      139                                   
1893 4 2 100-4631 16740           Jasper           10      10323      144                                   
1893 4192100-4622 16670           Jasper           93      10205      139                                   
1893 420 100-4613 16600           Jasper           93      10200      150                                   
1893 4202100-4572 16524           Jasper           10      10188      139                                   
1893 421 100-4532 16448           Jasper           26      10182      150                                   
1893 4212100-4526 16399           Jasper           26      10187      139                                   
1893 422 100-4520 16350           Jasper           26      10183      144                                   
1893 4222100-4468 16303           Jasper           26      10201      156                                   
1893 423 100-4416 16256           Jasper           10      10199      167                                   
1893 4232100-4365 16189           Jasper           46      10197      156                                   
1893 424 100-4315 16122           Jasper           67      10188      167                                   
1893 4242100-4229 16025           Jasper           67      10204      167                                   
1893 425 100-4144 15929           Jasper           46      10184      178                                   
1893 4252100-4050 15894           Jasper           93      10173      178                                   
1893 426 100-3956 15860           Jasper           93      10160      189                                   
1893 4262200-3840 15685           Jasper          154      10254      189                                   
1893 427 200-3725 15510           Jasper          154      10183      200                                   
1893 4272200-3680 15418           Jasper                   10042      194                                   
1893 428 200-3635 15326           Jasper           67      10053      206                                   
1893 4282200-3581 15276           Jasper           46      10058      194                                   
1893 429 200-3528 15227           Jasper           46      10057      200                                   
1893 6202100-3927 17032           Jasper          123      10104      139                                   
1893 621 100-3927 17032           Jasper           93      10119      150                                   
1893 6212100-3927 17032           Jasper           67      10177      144                                   
1893 622 100-3841 16826           Jasper           10      10166      150                                   
1893 6222100-3841 16826           Jasper          123      10044      150                                   
1893 623 100-3822 16646           Jasper          123      10014      167                                   
1893 6231700-3822 16646           Jasper          190       9958      139                                   
1893 6232100-3822 16646           Jasper          190      10014      144                                   
1893 624 100-3758 16620           Jasper          123      10056      156                                   
1893 6242100-3758 16620           Jasper           26      10243      144                                   
1893 625 100-3643 16355           Jasper           10      10251      156                                   
1893 6252100-3643 16355           Jasper           93      10264      156                                   
1893 626 100-3623 16250           Jasper          123      10249      167                                   
1893 6262100-3623 16250           Jasper          123      10223      156                                   
1893 627 100-3551 15917           Jasper          123      10211      167                                   
1893 6272100-3551 15917           Jasper                   10143      167                                   
1893 628 200-3531 15636           Jasper           67      10119      172                                   
1893 6282200-3531 15636           Jasper          190      10173      150                                   
1893 629 200-3600 15542           Jasper          190      10161      167                                   
1893 6292200-3600 15542           Jasper           93      10241      150                                   
1893 630 200-3453 15580           Jasper           93      10235      161                                   
1893 6302200-3453 15580           Jasper           93      10229      156                                   
1893 7 1 200-3500 15459           Jasper           67      10215      161                                   
1893 7 12200-3500 15459           Jasper           26      10256      156                                   
1893 7 2 200-3441 15423           Jasper           10      10248      161                                   
1893 7 22200-3437 15423           Jasper            0      10215      156                                   
1893 7 3 200-3434 15432           Jasper            0      10187      161                                   
1893 7 32200-3434 15432           Jasper          123      10177      161                                   
1893 7 4 200-3424 15420           Jasper           93      10152      167                                   
1893 9 5 100-1952 15820           Jasper           46                 283                                   
1893 9 5 500-1952 15820           Jasper           67                 289                                   
1893 9 52100-1952 15820           Jasper           46                 256                                   
1893 9 6 100-1952 15820           Jasper           26                 283                                   
1893 9 6 500-1952 15820           Jasper           67                 300                                   
1893 9 62100-1952 15820           Jasper           46                 256                                   
1893 9 7 100-1952 15820           Jasper           26                 283                                   
1893 9 72100-1952 15820           Jasper                                                                    
1893 9142100-1952 15820           Jasper           26      10176      261                                   
1893 915 100-1952 15820           Jasper                   10158      289                                   
1893 915 500-1952 15820           Jasper           10      10128      311                                   
1893 9152100-1952 15820           Jasper           26      10160      256                                   
1893 916 100-1952 15820           Jasper           10      10135      289                                   
1893 9162100-1952 15820           Jasper           46      10155      250                                   
1893 917 100-1952 15820           Jasper           93      10139      283                                   
1893 9172100-1952 15820           Jasper          123      10169      244                                   
1893 918 100-1952 15820           Jasper           93      10147      256                                   
1893 918 500-1952 15820           Jasper                   10142      267                                   
1893 9182100-1952 15820           Jasper           46      10159      244                                   
1893 919 100-1952 15820           Jasper           26      10130      278                                   
1893 919 500-1952 15820           Jasper           10      10382      339                                   
1893 9191900-1952 15820           Jasper          123      10400      233                                   
1893 920 100-1952 15820           Jasper                   10128      250                                   
1893 920 500-1952 15820           Jasper           93      10329      256                                   
1893 921 500-1952 15820           Jasper                   10139      261                                   
1893 9232200-2210 15714           Jasper          123      10215      239                                   
1893 924 200-2210 15714           Jasper          123      10196      256                                   
1893 924 600-2210 15714           Jasper           93      10189      256                                   
1893 9242200-2400 15714           Jasper           93      10234      233                                   
1893 925 100-2590 15750           Jasper           93                 256                                   
1893 925 500-2590 15750           Jasper           93      10202      256                                   
1893 9252200-2663 15737           Jasper           93      10218      222                                   
1893 926 200-2736 15724           Jasper           67      10199      239                                   
1893 926 600-2736 15724           Jasper           46      10188      222                                   
1893 9262200-2788 15722           Jasper           46      10208      206                                   
1893 927 200-2841 15720           Jasper           46      10206      222                                   
1893 927 600-2841 15720           Jasper           67      10206      222                                   
1893 9272200-2894 15668           Jasper           26      10250      200                                   
1893 928 200-2948 15616           Jasper           26      10235      217                                   
1893 928 800-2948 15563           Jasper           46                 217                                   
1893 9282200-3035 15511           Jasper           46      10265      200                                   
1893 929 200-3122 15459           Jasper           26      10262      222                                   
1893 929 600-3122 15459           Jasper           10      10260      217                                   
1893 9292200-3251 15499           Jasper           67      10284      200                                   
1893 930 200-3381 15539           Jasper           67      10268      217                                   
1893 930 600-3510 15578           Jasper           93      10260      211                                   
1893 9302200-3640 15618           Jasper          123      10259      206                                   
189310 1 200-3640 15658           Jasper          123      10241      211                                   
189310 1 600-3640 15658           Jasper          123                 206                                   
189310 12100-3856 15832           Jasper           93      10234      183                                   
189310 2 100-3856 15832           Jasper           93      10230      189                                   
189310 2 700-3856 15832           Jasper           67      10230      189                                   
189310 22100-4047 15929           Jasper           10      10282      172                                   
189310 3 100-4047 15929           Jasper           10      10290      167                                   
189310 3 500-4047 15929           Jasper           46      10290      167                                   
189310 32100-4210 15854           Jasper           46      10339      144                                   
189310 4 100-4210 15854           Jasper           46      10342      144                                   
189310 4 500-4210 15854           Jasper           46      10341      133                                   
189310 42100-4283 15936           Jasper           67      10358      133                                   
189310 5 100-4356 16018           Jasper           93      10359      133                                   
189310 5 500-4356 16018           Jasper           93      10349      133                                   
189310 52100-4448 16171           Jasper           93      10343      133                                   
189310 6 100-4540 16324           Jasper           93      10328      144                                   
189310 6 900-4540 16324           Jasper          123                 133                                   
189310 61700-4557 16364           Jasper          226      10303      133                                   
189310 62100-4574 16405           Jasper          226      10277      133                                   
189310 7 100-4592 16445           Jasper                   10257      150                                   
189310312100-4609 16486           Jasper          123      10294      133                                   
189311 1 100-4626 16526           Jasper          123      10276      139                                   
189311 1 500-4626 16526           Jasper          123      10252      139                                   
189311 12100-4535 16427           Jasper           67      10217      144                                   
189311 2 100-4444 16328           Jasper           26      10198      150                                   
189311 2 500-4444 16328           Jasper           46      10182      144                                   
189311 22100-4384 16243           Jasper           93      10189      139                                   
189311 3 100-4324 16159           Jasper           93      10196      156                                   
189311 3 500-4265 16159           Jasper           67      10192      156                                   
189311 32100-4205 16098           Jasper           26      10203      150                                   
189311 4 100-4145 16036           Jasper           67      10178      156                                   
189311 4 500-4145 15975           Jasper          123                 178                                   
189311 42100-4101 15913           Jasper           67                 172                                   
189311 5 100-4058 15852           Jasper           67      10183      178                                   
189311 5 500-4058 15852           Jasper           67      10191      172                                   
189311 52100-3998 15866           Jasper                   10292      172                                   
189311 6 100-3938 15880           Jasper                   10283      200                                   
189311 6 500-3938 15880           Jasper           26      10282      206                                   
189311 62200-3948 15719           Jasper           46      10281      194                                   
189311 7 200-3922 15648           Jasper           93      10218      206                                   
189311 7 600-3896 15577           Jasper           93      10213      211                                   
189311 72200-3869 15507           Jasper           46      10186      194                                   
189311 8 200-3843 15436           Jasper           10      10178      200                                   
189311 8 600-3779 15399           Jasper           67      10175      194                                   
189311 82200-3714 15362           Jasper          190      10222      172                                   
189311 9 200-3650 15325           Jasper          190      10234      178                                   
18931114 200-2548 15359           Jasper           67      10137      278                                   
18931114 600-2639 15382           Jasper           46      10134      278                                   
189311142200-2731 15406           Jasper           46      10152      256                                   
18931115 200-2822 15429           Jasper           46      10128      283                                   
18931115 600-2889 15492           Jasper           93      10197      278                                   
189311152200-2957 15556           Jasper           93      10303      250                                   
18931116 200-3024 15619           Jasper           93      10235      256                                   
18931116 600-3057 15683           Jasper           67      10103      244                                   
189311162200-3091 15746           Jasper                   10155      233                                   
18931117 100-3124 15810           Jasper           10                                                       
18931117 500-3161 15865           Jasper           26      10302      267                                   
189311172100-3198 15920           Jasper           67      10144      244                                   
18931118 100-3235 15975           Jasper                   10158      222                                   
18931118 500-3300 16030           Jasper           93      10210      222                                   
189311182100-3365 16085           Jasper                   10145      211                                   
18931119 100-3430 16140           Jasper           46      10347      211                                   
18931119 500-2989 15749           Jasper           46      10345      200                                   
18931214 200-2548 15359           Jasper           67      10137      278                                   
18931214 600-2639 15382           Jasper           46      10134      278                                   
189312142200-2731 15406           Jasper           46      10152      256                                   
18931215 200-2822 15429           Jasper           46      10128      283                                   
18931215 600-2889 15501           Jasper           93      10197      278                                   
189312152200-2957 15572           Jasper           93      10303      250                                   
18931216 200-3024 15644           Jasper           93      10235      256                                   
18931216 600-3057 15699           Jasper           67      10103      244                                   
189312162100-3091 15755           Jasper           10      10155      233                                   
18931217 100-3124 15810           Jasper           10      10139      250                                   
18931217 500-3161 15847           Jasper           26      10302      267                                   
189312172100-3198 15883           Jasper           67      10144      244                                   
18931218 100-3235 15920           Jasper           67      10158      222                                   
18931218 500-3300 15993           Jasper           93      10210      222                                   
189312182100-3365 16067           Jasper                   10145      211                                   
18931219 100-3430 16140           Jasper           46      10347      211                                   
18931219 500-3495 16213           Jasper           46      10350      200                                   
189312192100-3540 16350           Jasper           93      10147      206                                   
18931220 100-3540 16350           Jasper           93      10129      233                                   
18931220 500-3540 16350           Jasper           93      10123      228                                   
189312202100-3540 16350           Jasper          123      10137      183                                   
18931221 100-3582 16633           Jasper           93      10128      200                                   
18931221 500-3625 16633           Jasper           26      10116      194                                   
189312212100-3667 16633           Jasper           26      10185      189                                   
18931222 100-3710 16754           Jasper           10      10114      211                                   
18931222 500-3710 16754           Jasper           10      10112      222                                   
189312222100-3710 16754           Jasper           93      10354      189                                   
18931223 100-3720 16850           Jasper           93      10283      211                                   
18931223 500-3720 16850           Jasper           67      10282      217                                   
189312232100-3720 16850           Jasper           26      10354      189                                   
18931224 100-3711 16943           Jasper          123      10317      206                                   
18931224 500-3711 16943           Jasper          123      10125      206                                   
189312242100-3711 16943           Jasper           67      10131      189                                   
18931225 100-3744 17057           Jasper           46      10127      194                                   
18931225 500-3744 17057           Jasper           46      10105      206                                   
18931226 100-3990 17214           Jasper            0      10095      200                                   
18931226 500-3974 17246           Jasper           46      10084      222                                   
189312262000-3959 17278           Jasper           26      10120      189                                   
18931227   0-3943 17310           Jasper           26      10121      200                                   
18931227 400-3943 17310           Jasper           10      10107      222                                   
1894 2142100-3939 17222           Jasper          154      10146      172                                   
1894 215 100-3939 17222           Jasper          123      10168      183                                   
1894 215 500-3939 17222           Jasper          123      10109      189                                   
1894 2152100-3939 17222           Jasper           93      10137      183                                   
1894 216 100-3811 16960           Jasper           67      10150      200                                   
1894 216 500-3811 16859           Jasper           67      10156      206                                   
1894 2162100-3811 16758           Jasper           67      10212      194                                   
1894 217 100-3648 16656           Jasper           67      10181      211                                   
1894 217 500-3648 16555           Jasper           67                 200                                   
1894 2172100-3648 16454           Jasper           93      10223      200                                   
1894 218 100-3620 16353           Jasper           93      10218      211                                   
1894 218 500-3620 16353           Jasper           93      10198      206                                   
1894 2182100-3620 16353           Jasper          123      10190      194                                   
1894 219 100-3430 16055           Jasper          123      10160      200                                   
1894 219 500-3430 16055           Jasper          190      10147      200                                   
1894 2192100-3430 16055           Jasper          226      10043      217                                   
1894 220 200-3411 15647           Jasper          154      10082      228                                   
1894 220 600-3411 15647           Jasper          154      10108      233                                   
1894 2202200-3411 15647           Jasper                   10156      228                                   
1894 221 200-3255 15340           Jasper            0      10137      250                                   
1894 221 600-3255 15340           Jasper           46      10119      256                                   
1894 2212200-3255 15340           Jasper           67      10089      256                                   
1894 222 200-3320 15324           Jasper            0      10060      272                                   
1894 222 600-3385 15308           Jasper          123      10081      272                                   
1894 426 400-3957 17358           Jasper           46      10355      133                                   
1894 4262000-3953 17295           Jasper           26      10368      139                                   
1894 427 100-3949 17233           Jasper           26      10351      156                                   
1894 427 500-3945 17171           Jasper           26      10334      156                                   
1894 4272100-3941 17108           Jasper           67      10302      150                                   
1894 428 100-3937 17046           Jasper           93      10272      167                                   
1894 4282100-3897 16952           Jasper           46      10277      156                                   
1894 429 100-3857 16858           Jasper           46      10274      167                                   
1894 429 500-3852 16845           Jasper           46      10273      156                                   
1894 4292100-3847 16831           Jasper           10      10281      144                                   
1894 430 100-3842 16818           Jasper                   10264      167                                   
1894 430 500-3851 16765           Jasper            0      10258      161                                   
1894 4302100-3861 16711           Jasper           67      10275      144                                   
1894 5 1 100-3870 16658           Jasper           46      10270      156                                   
1894 5 1 500-3822 16590           Jasper                   10261      144                                   
1894 5 12100-3774 16522           Jasper           93      10215      156                                   
1894 5 2 100-3726 16454           Jasper          123      10171      172                                   
1894 5 2 500-3698 16406           Jasper                                                                    
1894 5 22100-3669 16358           Jasper           46                                                       
1894 5 3 100-3641 16310           Jasper           93      10099      178                                   
1894 5 3 500-3637 16280           Jasper          154                                                       
1894 5 32100-3634 16249           Jasper          123      10136      156                                   
1894 5 4 100-3630 16219           Jasper                   10144      167                                   
1894 5 4 500-3613 16150           Jasper                   10158      161                                   
1894 5 42100-3597 16082           Jasper           46                                                       
1894 5 5 100-3580 16013           Jasper           26      10226      178                                   
1894 5 5 500-3526 15984           Jasper            0                 167                                   
1894 5 52100-3471 15956           Jasper           26      10236      172                                   
1894 5 6 100-3417 15927           Jasper           26      10220      183                                   
1894 5 62100-3346 15817           Jasper           46      10222      172                                   
1894 5 7 100-3346 15817           Jasper           26      10207      200                                   
1894 5 7 500-3346 15817           Jasper           10      10200      200                                   
1894 5 72100-3346 15817           Jasper           26      10215      189                                   
1894 5 8 200-3342 15724           Jasper           26      10207      200                                   
1894 5 8 600-3342 15724           Jasper           26      10215      194                                   
1894 5 82200-3342 15724           Jasper           26      10248      178                                   
1894 5 9 200-3342 15457           Jasper          123      10247      183                                   
1894 5 9 600-3342 15457           Jasper          123      10254      178                                   
1894 5 92200-3342 15457           Jasper           67      10305      178                                   
189412182000-3928 17873           Jasper          154      10221      144                                   
18941219   0-3929 17860           Jasper          190      10209      156                                   
18941219 400-3928 17847           Jasper          190      10209      156                                   
189412192000-3778 17833           Jasper          190      10199      172                                   
18941220   0-3629 17820           Jasper          123      10194      189                                   
18941220 400-3629 17760           Jasper          123      10195      183                                   
189412202000-3572 17700           Jasper           10      10236      178                                   
18941221   0-3514 17640           Jasper            0      10216      233                                   
18941221 400-3514 17640           Jasper            0      10214      244                                   
189412212000-3471 17640           Jasper           67      10253      211                                   
18941222   0-3428 17614           Jasper            0      10250      228                                   
18941222 400-3428 17614           Jasper           10      10239      233                                   
189412221700-3415 17584           Jasper          123      10258      200                                   
189412222000-3403 17554           Jasper          123      10258      200                                   
18941223   0-3390 17524           Jasper           93      10240      228                                   
18941223 400-3390 17524           Jasper           93      10234      222                                   
189412232000-3390 17524           Jasper          123      10233      206                                   
18941224 100-3048 17248           Jasper          123      10214      222                                   
18941224 500-3048 17248           Jasper          123      10192      233                                   
189412242100-3048 17164           Jasper          154      10203      211                                   
18941225 100-2814 17080           Jasper          154      10407      228                                   
18941225 500-2814 17080           Jasper           26      10339      228                                   
189412252100-2782 16964           Jasper           26      10207      211                                   
18941226 100-2750 16849           Jasper           46      10238      228                                   
18941226 100-2701 16852           Jasper           26      10121      222                                   
18941226 500-2706 16849           Jasper           26      10099      228                                   
189412261300-2701 16852           Jasper                                                                    
189412261700-2701 16852           Jasper           26      10112      211                                   
189412262100-2662 16843           Jasper           26      10272      222                                   
18941227 100-2618 16837           Jasper           26      10165      256                                   
18941227 500-2618 16837           Jasper           26      10090      261                                   
18941227 900-2618 16837           Jasper           46      10199      256                                   
189412271300-2657 16847           Jasper                                                                    
189412271700-2614 16842           Jasper           26      10125      233                                   
189412272100-2586 16818           Jasper           10      10337      233                                   
18941228 100-2555 16800           Jasper           10      10299      256                                   
18941228 500-2555 16800           Jasper           10      10232      256                                   
18941228 900-2555 16800           Jasper           10      10297      267                                   
189412281300-2583 16823           Jasper                                                                    
189412281700-2552 16804           Jasper           46      10124      233                                   
189412282100-2514 16644           Jasper           46      10402      244                                   
18941229 100-2514 16644           Jasper           67      10331      261                                   
18941229 500-2514 16644           Jasper           67      10264      261                                   
18941229 900-2514 16644           Jasper           67      10299      256                                   
189412291300-2533 16723           Jasper                                                                    
189412291700-2514 16642           Jasper           10      10117      233                                   
189412292100-2473 16588           Jasper                   10401      244                                   
18941230 100-2432 16532           Jasper           10      10295      272                                   
18941230 500-2432 16532           Jasper           26      10194      272                                   
189412301300-2473 16588           Jasper           46                 256                                   
189412301700-2432 16534           Jasper           46      10105      244                                   
189412311700-2329 16416           Jasper           46      10097      244                                   
1895 1 11700-2145 16331           Jasper           46      10107      261                                   
1895 1 21700-2012 16247           Jasper           46      10105      267                                   
1895 1 31700-1858 16254           Jasper           46      10073      272                                   
1895 1 4 900-1828 16370           Jasper           10      10060      289                                   
1895 1122100-1828 16370           Jasper           67      10098      261                                   
1895 113 300-1828 16370           Jasper           67      10091      267                                   
1895 113 600-1828 16370           Jasper           46      10088      261                                   
1895 1131000-1828 16370           Jasper           26                 278                                   
1895 1131900-1828 16370           Jasper                              256                                   
1895 1132100-1828 16370           Jasper                              256                                   
1895 114 100-1828 16370           Jasper           67                 256                                   
1895 114 500-1828 16370           Jasper           67                 261                                   
1895 114 900-1828 16370           Jasper           67                 267                                   
1895 1142100-1832 16348           Jasper           67                 261                                   
1895 115 100-1836 16326           Jasper           67                 272                                   
1895 115 500-1836 16304           Jasper           67                 278                                   
1895 115 900-1836 16283           Jasper           67                 278                                   
1895 1151700-1840 16300           Jasper           46      10107      272                                   
1895 1152100-1953 16261           Jasper           67                 267                                   
1895 116 100-2070 16239           Jasper           26                 278                                   
1895 116 500-2070 16239           Jasper           26                 283                                   
1895 116 900-2070 16239           Jasper           67                 278                                   
1895 1161700-2008 16241           Jasper           67      10117      256                                   
1895 1162100-2114 16199           Jasper           67      10131      256                                   
1895 117 100-2158 16158           Jasper           67                 261                                   
1895 117 500-2158 16158           Jasper           67                 261                                   
1895 117 900-2158 16158           Jasper           67      10131      256                                   
1895 1171700-2158 16157           Jasper           67      10123      244                                   
1895 1172100-2247 16104           Jasper           67      10143      250                                   
1895 118 100-2337 16050           Jasper           67      10135      261                                   
1895 118 500-2337 16050           Jasper           46      10128      261                                   
1895 118 900-2337 16050           Jasper           46      10145      261                                   
1895 1181700-2356 16048           Jasper           93      10147      250                                   
1895 1182100-2493 16003           Jasper           26      10161      256                                   
1895 119 100-2650 15956           Jasper           26      10146      267                                   
1895 119 500-2650 15956           Jasper           26      10143      267                                   
1895 119 900-2650 15956           Jasper           26      10153      267                                   
1895 1191700-2605 15939           Jasper           46      10149      250                                   
1895 1192100-2446 15992           Jasper           46      10155      244                                   
1895 120 100-2506 15963           Jasper                                                                    
1895 120 500-2567 15934           Jasper           10                 289                                   
1895 120 900-2628 15905           Jasper           10      10133      283                                   
1895 1202100-2688 15877           Jasper           46      10140      244                                   
1895 121 100-2747 15857           Jasper           93      10132      256                                   
1895 121 100-2749 15848           Jasper           26      10136      256                                   
1895 121 500-2810 15819           Jasper           26                 256                                   
1895 121 900-2870 15790           Jasper           93      10136      261                                   
1895 1212100-2931 15762           Jasper           93      10144      233                                   
1895 122 200-2991 15733           Jasper          123      10145      233                                   
1895 122 600-3052 15686           Jasper          123      10137      239                                   
1895 1221000-3113 15639           Jasper          154      10151      239                                   
1895 1222200-3173 15592           Jasper          190      10149      233                                   
1895 123 200-3234 15546           Jasper          190      10147      233                                   
1895 123 600-3303 15499           Jasper          190      10145      228                                   
1895 1231000-3372 15452           Jasper          190      10162      228                                   
1895 1232200-3441 15405           Jasper          154      10159      228                                   
1895 124 200-3510 15358           Jasper          123      10151      222                                   
1895 124 600-3544 15307           Jasper           93                 222                                   
1895 1241000-3578 15257           Jasper           93      10143      233                                   
1895 1242200-3613 15206           Jasper                   10099      233                                   
1895 125 200-3647 15156           Jasper          123      10078      244                                   
1895 125 600-3647 15156           Jasper           93      10109      239                                   
1895 1251000-3647 15156           Jasper           93      10277      239                                   
1895 1252200-3647 15156           Jasper           93      10183      200                                   
1895 126 200-3711 15046           Jasper          123      10200      200                                   
1895 126 600-3746 15023           Jasper           67                 189                                   
1895 1261000-3780 15000           Jasper           67      10213      189                                   
1895 1262200-3815 14977           Jasper           46      10213      189                                   
1895 127 200-3850 14954           Jasper           46      10212      194                                   
1895 127 600-3885 14931           Jasper           46      10214      189                                   
1895 1271000-3919 14908           Jasper           46      10231      189                                   
1895 1272200-3829 14905           Jasper           26      10215      178                                   
1895 128 200-3851 14870           Jasper           26      10235      200                                   
1895 128 600-3873 14834           Jasper           26      10225      200                                   
1895 1281000-3894 14799           Jasper           26      10232      200                                   
1895 1282200-3916 14763           Jasper           46      10224      167                                   
1895 129 200-3938 14728           Jasper          123      10213      178                                   
1895 129 600-3960 14692           Jasper           93      10191      189                                   
1895 1291000-3981 14657           Jasper           93      10230      178                                   
