1896 5 41600 3400 11500           Jayuan            0      10143      161                                   
1896 6152200-3300 15400           Jayuan           93      10150      172                                   
1896 6192200-3600 15000           Jayuan          154       9980      139                                   
1896 622   0-3900 14700           Jayuan           67      10178      122                                   
1896 625 200-3733 14500           Jayuan           67      10112      122                                   
1896 626 200-3567 14900           Jayuan           67       9976      139                                   
1896 627 200-3400 15000           Jayuan           67                                                       
1896 7 6 200-3400 15000           Jayuan          123      10020      172                                   
1896 7 7 200-3100 15300           Jayuan                              194                                   
1896 7 9 200-2600 15300           Jayuan           26      10124      133                                   
1896 710 200-2300 15200           Jayuan           46      10166      172                                   
1896 711 200-2000 14900           Jayuan           67      10146      222                                   
1896 712 200-1700 14600           Jayuan           46      10138      239                                   
1896 713 200-1400 14300           Jayuan                   10145      250                                   
1896 719 300-1200 12900           Jayuan           93      10145      228                                   
1896 721 300 -400 12800           Jayuan           93      10115      272                                   
