1891 3 6 200 -460  9019           Jelunga          26      10091      278                                   
1891 3 7 200 -451  9524           Jelunga                  10091      278                                   
1891 3 8 100 -539 10025           Jelunga                  10094      278                                   
1891 3 9 100 -621 10515           Jelunga                  10094      278                                   
1891 310 100 -630 10722           Jelunga                                                                   
1891 311 100 -640 10929           Jelunga                  10086      267                                   
1891 312   0 -711 11416           Jelunga                  10088      278                                   
1891 313   0 -803 11913           Jelunga          26      10094      283                                   
1891 314   0 -820 12458           Jelunga                  10102      272                                   
1891 3142300 -902 12945           Jelunga                  10084      283                                   
1891 3152300 -949 13426           Jelunga                  10084      283                                   
1891 3162300-1032 13923           Jelunga                  10090      289                                   
1891 3172300-1079 14089           Jelunga                                                                   
1891 3182200-1126 14256           Jelunga                  10104      267                                   
1891 3192200-1410 14355           Jelunga                  10119      283                                   
1891 3202200-1694 14454           Jelunga                                                                   
1891 4142200-2004 15216           Jelunga          26      10179      244                                   
1891 4182200-1936 14754           Jelunga                  10174      256                                   
1891 4212200-1638 14586           Jelunga          46      10138      261                                   
1891 4222200-1408 14419           Jelunga          26      10152      289                                   
1891 4232200-1152 14312           Jelunga          46      10146      300                                   
1891 4252300-1025 13847           Jelunga          26      10118      306                                   
1891 4262300 -947 13349           Jelunga          10      10115      300                                   
1891 4272300 -847 12875           Jelunga          26                 278                                   
1891 429   0 -802 12401           Jelunga          26      10113      289                                   
1891 430   0 -802 11930           Jelunga          46      10115      294                                   
1891 5 1   0 -730 11512           Jelunga          26      10125      317                                   
1891 5 2 100 -615 11053           Jelunga          46      10122      294                                   
1891 5 4 100 -583 10702           Jelunga          26      10114      300                                   
1891 5 5 100 -552 10352           Jelunga          46      10105      311                                   
1891 5 6 100 -358  9929           Jelunga          10      10126      306                                   
1891 5 7 200 -153  9512           Jelunga          46      10135      294                                   
1891 5 8 200   21  9106           Jelunga           0      10114      300                                   
1891 5 81800  136  8907           Jelunga                                                                   
1891 5 9 200  252  8709           Jelunga          26      10119      306                                   
1892 1182200-1274 15452           Jelunga                  10256      228                                   
1892 1272200-1191 14947           Jelunga                  10119      261                                   
1892 1282200-1108 14442           Jelunga           0      10119      278                                   
1892 1312300-1025 13937           Jelunga          26      10174      272                                   
1892 2 12300 -942 13432           Jelunga          26      10172      278                                   
1892 2 22300 -852 12916           Jelunga          93      10183      272                                   
1892 2 4   0 -800 12460           Jelunga           0      10188      283                                   
1892 2 5   0 -803 11990           Jelunga                  10199      278                                   
1892 2 6   0 -730 11435           Jelunga                  10202      278                                   
1892 2 7 100 -616 11035           Jelunga           0      10185      278                                   
1892 2 8 100 -608 10794           Jelunga           0      10186      272                                   
1892 2 9 100 -600 10554           Jelunga          26      10197      267                                   
1892 210 100 -470 10114           Jelunga                  10181      278                                   
1892 211 200 -139  9628           Jelunga                  10172      272                                   
1892 212 200   56  9138           Jelunga                  10195      278                                   
1892 213 200  334  8723           Jelunga                  10198      278                                   
1892 429 200  110  8890           Jelunga          46      10204      283                                   
1892 430 200  -42  9250           Jelunga                  10188      278                                   
1892 5 1 200 -220  9690           Jelunga                  10194      283                                   
1892 5 2 100 -419 10017           Jelunga                  10198      278                                   
1892 5 3 100 -620 10444           Jelunga          10      10206      272                                   
1892 5 4 100 -630 10677           Jelunga                  10186      272                                   
1892 5 5 100 -640 10911           Jelunga                  10195      278                                   
1892 5 6   0 -641 11320           Jelunga                  10194      283                                   
1892 5 7   0 -820 11715           Jelunga                  10196      278                                   
1892 5 8   0 -840 12152           Jelunga                  10202      278                                   
1892 5 9   0 -812 12630           Jelunga                  10199      278                                   
1892 5 92300 -929 13043           Jelunga                  10206      278                                   
1892 5102300 -959 13453           Jelunga                  10206      278                                   
1892 5112300-1026 13950           Jelunga                  10225      267                                   
1892 5122300-1286 14239           Jelunga                  10208      272                                   
1892 5152200-1546 14528           Jelunga                  10200      267                                   
1892 5172200-1925 14680           Jelunga                  10230      261                                   
1892 5202200-2304 14832           Jelunga                  10219      239                                   
1892 5222200-2683 14984           Jelunga                  10268      206                                   
1894 719 800 5024  -200           Jelunga          67      10013      139                                   
1894 720 800 4710  -637           Jelunga          93      10053      144                                   
1894 721 900 4310  -923           Jelunga          46       9809      189                                   
1894 722 900 3820  -923           Jelunga          10      10071      211                                   
1894 723 800 3690  -550           Jelunga          46      10048      244                                   
1894 724 800 3640    59           Jelunga          67      10050      228                                   
1894 725 800 3790   646           Jelunga          26      10075      244                                   
1894 726 700 3646  1221           Jelunga          26      10054      267                                   
1894 727 700 3515  1745           Jelunga          46      10015      267                                   
1894 728 600 3346  2300           Jelunga           0      10043      256                                   
1894 729 600 3223  2817           Jelunga          67      10026      267                                   
1894 730 600 3115  3025           Jelunga          26       9982      244                                   
1894 731 600 2902  3233           Jelunga          26      10017      267                                   
1894 8 1 600 2690  3459           Jelunga          93       9957      294                                   
1894 8 2 600 2253  3717           Jelunga          67       9940      322                                   
1894 8 3 500 1932  3960           Jelunga          93       9963      311                                   
1894 8 4 500 1670  4116           Jelunga          26       9993      322                                   
1894 8 5 500 1318  4370           Jelunga           0       9985      322                                   
1894 8 6 500 1247  4512           Jelunga          67       9972      278                                   
1894 8 7 500 1245  4654           Jelunga          67       9962      317                                   
1894 8 8 500 1246  5135           Jelunga          26       9990      289                                   
1894 8 9 400 1234  5641           Jelunga         154      10031      244                                   
1894 810 400 1117  6134           Jelunga         154      10056      250                                   
1894 811 400  954  6621           Jelunga         154      10053      267                                   
1894 812 300  844  7100           Jelunga          46      10038      278                                   
1894 813 300  743  7546           Jelunga          46      10054      256                                   
1894 814 300  655  7748           Jelunga          67      10031      256                                   
1894 815 300  656  7950           Jelunga          67      10026      267                                   
1894 816 300  656  7950           Jelunga          46      10023      283                                   
1894 817 300  535  8120           Jelunga          67      10022      267                                   
1894 818 200  349  8532           Jelunga          67      10030      256                                   
1894 819 200  131  8936           Jelunga          67      10028      267                                   
1894 820 200  -48  9347           Jelunga          46      10029      244                                   
1894 821 100 -246  9752           Jelunga          26      10028      250                                   
1894 822 100 -450 10150           Jelunga          46      10032      244                                   
1894 823 100 -605 10552           Jelunga          67      10047      239                                   
1894 824 100 -620 10781           Jelunga          26      10035      250                                   
1894 825 100 -636 11010           Jelunga          93      10027      256                                   
1894 826 100 -673 11177           Jelunga          67      10019      267                                   
1894 827   0 -711 11345           Jelunga          46      10027      239                                   
1894 828   0 -753 11512           Jelunga          93      10024      256                                   
1894 829   0-1028 11851           Jelunga          26      10044      244                                   
1894 830   0-1057 12330           Jelunga          67      10044      244                                   
1894 8302300-1013 12808           Jelunga           0      10057      244                                   
1894 8312300-1001 13300           Jelunga          26      10048      256                                   
1894 9 12300-1030 13745           Jelunga          46      10050      244                                   
1894 9 22300-1035 14213           Jelunga          46      10042      256                                   
1894 9 32200-1123 14255           Jelunga          67      10056      256                                   
1894 9 42200-1357 14345           Jelunga          46      10036      239                                   
1894 9 52200-1539 14423           Jelunga          67      10063      222                                   
1894 9 62200-1914 14649           Jelunga          46      10087      211                                   
1894 9 72200-1918 14733           Jelunga          46      10098      222                                   
1894 9 82200-2116 14945           Jelunga          26      10071      194                                   
1894 9 92200-2322 15030           Jelunga          67      10037      200                                   
1894 9102200-2410 15158           Jelunga          46      10082      178                                   
1894 9112200-2532 15242           Jelunga          26      10221      156                                   
1894 9122200-2740 15322           Jelunga           0      10167      206                                   
1894 9252200-2715 15315           Jelunga          26      10061      156                                   
1894 9262200-2350 15139           Jelunga          10      10091      200                                   
1894 9272200-2267 15114           Jelunga          67      10102      211                                   
1894 9282200-2183 15089           Jelunga          26      10095      211                                   
1894 9292200-2100 15065           Jelunga          26      10101      211                                   
1894 9302200-2017 15040           Jelunga          67      10089      200                                   
189410 12200-1824 14689           Jelunga          46      10084      222                                   
189410 22200-1632 14339           Jelunga          10      10087      200                                   
189410 32200-1357 14348           Jelunga          46      10075      222                                   
189410 42300-1082 14213           Jelunga          93      10077      244                                   
