1790 2201600  800  7355           Jumna                                                                     
1812 7 72000-2542 15527           Jumna                                                                     
1891 626 200   46  8945           Jumna                     9987      294                                   
1891 627 200 -112  9351           Jumna                    10011      289                                   
1891 628 100 -312  9823           Jumna                    10012      283                                   
1891 629 100 -512 10249           Jumna                     9999      283                                   
1891 630 100 -547 10510           Jumna                    10000      278                                   
1891 7 1 100 -583 10770           Jumna                    10000      278                                   
1891 7 2 100 -618 11031           Jumna                     9989      283                                   
1891 7 3   0 -655 11427           Jumna                    10020      278                                   
1891 7 4   0 -748 11829           Jumna                    10003      261                                   
1891 7 5   0 -757 12247           Jumna                    10036      267                                   
1891 7 6   0 -832 12738           Jumna                    10034      261                                   
1891 7 62300 -913 13240           Jumna                    10030      261                                   
1891 7 72300-1002 13714           Jumna                    10022      256                                   
1891 7 82300-1033 14157           Jumna                    10005      256                                   
1891 7 92300-1030 14241           Jumna                                                                     
1891 7102200-1324 14343           Jumna                    10025      244                                   
1891 7112200-1573 14493           Jumna                                                                     
1891 7122200-1822 14644           Jumna                    10064      183                                   
1891 7132200-1957 14682           Jumna                                                                     
1891 7142200-2092 14682           Jumna                                                                     
1891 7152200-2227 14682           Jumna                                                                     
1891 7162200-2363 15051           Jumna                                                                     
1891 7172200-2498 15051           Jumna                    10059      133                                   
1891 7182200-2633 15324           Jumna                    10085      167                                   
18911112 700 -150  8010           Jumna            26      10016      300                                   
18911113 600 -200  8500           Jumna            67      10015      289                                   
18911114 200 -133  8729           Jumna                     9959      256                                   
18911114 600 -228  8939           Jumna                                                                     
18911114 600 -300  8900           Jumna           123       9968      267                                   
18911115 200 -322  9148           Jumna                    10012      267                                   
18911115 600 -417  9358           Jumna                                                                     
18911115 600 -500  9400           Jumna            67      10002      289                                   
18911116 200 -463  9592           Jumna                    10004      272                                   
18911116 500 -510  9827           Jumna                                                                     
18911116 500 -500  9900           Jumna            67      10008      289                                   
18911117 100 -526 10071           Jumna                    10017      278                                   
18911117 500 -543 10316           Jumna                                                                     
18911117 500 -600 10400           Jumna            67      10022      289                                   
18911118 500 -563 10516           Jumna                                                                     
18911119 500 -584 10716           Jumna                                                                     
18911119 500 -600 10400           Jumna            67       9972      306                                   
18911120 100 -604 10916           Jumna                    10007      300                                   
18911120 500 -625 11116           Jumna                                                                     
18911120 500 -600 11100           Jumna             0       9994      317                                   
18911121   0 -684 11323           Jumna                     9998      294                                   
18911121 400 -744 11530           Jumna                                                                     
18911121 400 -800 11600           Jumna            26       9995      311                                   
18911122   0 -782 11776           Jumna                     9992      289                                   
18911122 400 -820 12023           Jumna                                                                     
18911122 400 -800 12100           Jumna            46       9990      300                                   
18911123   0 -830 12273           Jumna                    10014      278                                   
18911123 400 -840 12523           Jumna                                                                     
18911123 400 -800 12600           Jumna            46      10005      311                                   
189111232300 -847 12806           Jumna                    10008      294                                   
18911124 300 -855 13090           Jumna                                                                     
18911124 300 -900 13000           Jumna             0      10009      289                                   
189111242300 -896 13265           Jumna                    10014      300                                   
18911125 300 -938 13440           Jumna                                                                     
18911125 300-1000 13400           Jumna             0      10016      289                                   
189111252300 -974 13647           Jumna                    10016      289                                   
18911126 300-1010 13854           Jumna                                                                     
18911126 300-1000 13900           Jumna            26      10008      300                                   
189111262300-1035 13953           Jumna                    10018      278                                   
18911127 300-1060 14051           Jumna                                                                     
18911127 300-1058 14222           Jumna            46      10023      289                                   
189111272300-1085 14150           Jumna                    10014      283                                   
18911128 200-1100 14300           Jumna            46      10010      289                                   
18911128 300-1110 14249           Jumna                                                                     
189111282200-1222 14296           Jumna                    10019      278                                   
18911129 200-1334 14344           Jumna                                                                     
18911129 200-1400 14400           Jumna            26      10011      289                                   
18911130 200-1547 14528           Jumna            26      10030      322                                   
189112 1 200-1900 14600           Jumna            26      10038      306                                   
189112 3 200-2000 14800           Jumna            26      10008      306                                   
189112 4 200-2300 15000           Jumna            26      10021      256                                   
189112 6 200-2600 15200           Jumna            46      10030      278                                   
189112 7 200-2700 15329           Jumna                     9977      278                                   
189112 7 200-2700 15400           Jumna            26       9963      278                                   
18911222 600-2728 15310           Jumna            67      10162      278                                   
18911223 200-2300 15200           Jumna            67      10161      283                                   
189112271000-2207 15075           Jumna            93      10137      267                                   
18911228 200-2114 14950           Jumna            26      10125      294                                   
18911229 200-2007 14825           Jumna            26      10127      294                                   
18911230 200-1900 14700           Jumna            67      10132      283                                   
18911231 200-1600 14550           Jumna            26      10109      289                                   
1892 1 1 200-1300 14400           Jumna            46      10081      289                                   
1892 1 2 300-1150 14050           Jumna            26      10063      317                                   
1892 1 3 300-1000 13700           Jumna            26      10059      317                                   
1892 1 4 300 -900 13200           Jumna             0      10072      317                                   
1892 1 5 300 -800 12800           Jumna             0      10065      317                                   
1892 1 6 400 -800 12300           Jumna            46      10062      311                                   
1892 1 7 400 -800 11900           Jumna            26      10062      294                                   
1892 1 8 400 -700 11500           Jumna            26      10054      300                                   
1892 1 9 500 -600 11100           Jumna            10      10047      300                                   
1892 110 100 -600 10700           Jumna            93      10051      272                                   
1892 112 500 -600 10300           Jumna            26      10065      272                                   
1892 113 500 -400 10000           Jumna            26      10079      289                                   
1892 114 600 -100  9700           Jumna            26      10058      311                                   
1892 115 600    0  9300           Jumna            26      10064      317                                   
1892 116 600  200  8900           Jumna            67      10064      272                                   
1892 117 600  300  8500           Jumna            67      10066      261                                   
1893 8 2 200-2630 15521           Jumna            67      10058      211                                   
1893 8 9 200-1460 14630           Jumna            67      10128      233                                   
1893 8 9 600-1472 14615           Jumna            67                                                       
1893 8 91000-1485 14601           Jumna                                                                     
1893 8 91400-1497 14586           Jumna            93      10083      222                                   
1893 8 91800-1510 14572           Jumna            67      10098      211                                   
1893 8 92200-1522 14557           Jumna            67      10092      228                                   
1893 810 200-1535 14543           Jumna                                                                     
1893 810 600-1547 14528           Jumna                                                                     
1893 8101000-1559 14513           Jumna            93      10086      228                                   
1893 8101400-1572 14499           Jumna            93      10083      222                                   
1893 811 200-1401 14352           Jumna            46      10071      250                                   
1893 8221700 -713 10129           Jumna            67      10002      267                                   
1893 8222100 -682 10061           Jumna            67       9999      283                                   
1893 823 100 -652  9994           Jumna            67      10021      272                                   
1893 823 500 -621  9926           Jumna            67      10001      311                                   
1893 823 900 -590  9858           Jumna            67       9988      311                                   
1893 8231300 -560  9791           Jumna            67      10000      300                                   
1893 8231800 -529  9723           Jumna            67       9986      283                                   
1893 8232200 -498  9655           Jumna            67       9989      283                                   
1893 824 200 -468  9588           Jumna            67      10005      244                                   
1893 824 600 -437  9520           Jumna            67      10005      244                                   
1893 8241000 -453  9455           Jumna            67       9972      261                                   
1893 8241400 -470  9391           Jumna            67       9980      278                                   
1893 8241800 -486  9326           Jumna            67       9902      278                                   
1893 8242200 -502  9261           Jumna            67       9965      283                                   
1893 825 200 -519  9197           Jumna            67       9991      272                                   
1893 825 600 -535  9132           Jumna            67       9988      289                                   
1893 8251000 -467  9085           Jumna            67      10014      294                                   
1893 8251400 -400  9038           Jumna            67      10000      278                                   
1893 8251800 -332  8991           Jumna            67                 278                                   
1893 8252200 -264  8944           Jumna            26       9990      278                                   
1893 826 200 -197  8897           Jumna            26      10007      272                                   
1893 826 600 -129  8850           Jumna            67      10005      283                                   
1893 8261000  -96  8763           Jumna            67       9995      283                                   
1893 8261400  -62  8676           Jumna            67      10015      283                                   
1893 8261800  -29  8588           Jumna            93      10032      267                                   
1893 8262200    5  8501           Jumna            67      10009      283                                   
1893 827 600   38  8414           Jumna            93      10028      267                                   
1893 8271000   71  8327           Jumna            67      10000      278                                   
1893 8271500  105  8240           Jumna            67      10024      272                                   
1893 8271900  736  7547           Jumna            46      10026      267                                   
1893 8272300  671  7740           Jumna            67      10009      267                                   
1893 828 300  607  7932           Jumna            93      10018      250                                   
1893 828 700  542  8125           Jumna           123      10023      261                                   
1893 8281100  478  8125           Jumna           123      10000      256                                   
1893 830 700  715  7890           Jumna            67      10016      267                                   
1893 8301100  715  7890           Jumna            67       9990      278                                   
1893 8301500  715  7890           Jumna            67      10009      267                                   
1893 8301900  715  7890           Jumna            26                 267                                   
1893 8302300  715  7890           Jumna            26      10002      267                                   
1893 831 300  715  7890           Jumna            26      10021      272                                   
1893 831 700  800  7355           Jumna            67      10028      272                                   
1893 8311100  800  7355           Jumna            67      10012      250                                   
1893 8311500  800  7355           Jumna            46      10027      261                                   
1893 8311900  800  7355           Jumna            26      10042      272                                   
1893 8312300  800  7355           Jumna            26      10024      278                                   
1893 9 1 300  815  7185           Jumna            26      10038      272                                   
1893 9 1 700  830  7015           Jumna            26      10043      283                                   
1893 9 11100  830  7015           Jumna            26      10022      289                                   
1893 9 11500  830  7015           Jumna            26      10041      278                                   
189312 4 200-2626 15316           Jumna            93      10114      256                                   
189312211400-2542 15527           Jumna            67      10062      267                                   
189312211800-2542 15527           Jumna            26      10047      250                                   
189312212200-2542 15527           Jumna            46      10061      250                                   
18931222 200-2542 15527           Jumna            67      10065      267                                   
18931222 600-2542 15527           Jumna            26      10021      289                                   
189312221000-2542 15527           Jumna            46      10054      272                                   
189312221400-2496 15463           Jumna            67      10061      267                                   
189312221800-2450 15399           Jumna            26      10022      278                                   
189312222200-2404 15335           Jumna            26      10037      289                                   
18931223 200-2358 15271           Jumna                                                                     
18931223 600-2305 15208           Jumna                                                                     
189312231000-2251 15144           Jumna                                                                     
189312231400-2198 15080           Jumna                                                                     
189312241400-2145 15016           Jumna            67      10027      278                                   
189312241800-2145 15016           Jumna            46      10039      267                                   
189312242200-2145 15016           Jumna            26      10053      261                                   
18931225 200-2145 15016           Jumna             0      10052      289                                   
18931225 600-2145 15016           Jumna             0      10028      311                                   
189312251000-2145 15016           Jumna            26      10029      283                                   
189312251400-2090 14981           Jumna            67      10026      278                                   
189312251800-2035 14947           Jumna            10      10011      267                                   
189312252200-1980 14912           Jumna            26      10012      278                                   
18931226 200-1925 14878           Jumna                                                                     
18931226 600-1890 14843           Jumna                                                                     
189312261000-1855 14808           Jumna                                                                     
189312261400-1820 14774           Jumna            67       9969      289                                   
189312261800-1785 14739           Jumna            67       9982      272                                   
189312262200-1750 14705           Jumna            67       9996      267                                   
18931227 200-1715 14670           Jumna            67       9984      300                                   
18931227 600-1680 14635           Jumna            26       9963      322                                   
189312271000-1645 14601           Jumna             0       9963      300                                   
189312271400-1610 14566           Jumna            67       9968      289                                   
18931228 200-1429 14449           Jumna            67       9981      311                                   
18931231 300-1036 14140           Jumna            67       9981      300                                   
18931231 700-1020 14056           Jumna            67       9960      306                                   
189312311100-1005 13971           Jumna            46       9968      294                                   
189312311500 -989 13887           Jumna            67       9956      289                                   
189312311900 -974 13803           Jumna            26       9967      283                                   
189312312300 -959 13718           Jumna            26       9982      289                                   
1894 1 1 300 -943 13634           Jumna            26       9982      289                                   
1894 1 1 700 -927 13550           Jumna            26       9947      300                                   
1894 1 11100 -912 13465           Jumna            26       9951      294                                   
1894 1 61600 -648 11346           Jumna            93       9983      278                                   
1894 1 62000 -636 11268           Jumna            46       9965      267                                   
1894 1 7 100 -623 11189           Jumna            67       9973      278                                   
1894 1 7 500 -611 11110           Jumna            67       9975      267                                   
1894 1 7 900 -599 11031           Jumna            67       9962      283                                   
1894 1 71300 -586 10952           Jumna           123                 278                                   
1894 1 71700 -574 10874           Jumna            67                                                       
1894 1 8 100 -561 10795           Jumna            67       9989      244                                   
1894 1 8 500 -549 10716           Jumna            67                 267                                   
1894 1 8 900 -537 10637           Jumna            67                                                       
1894 1 81300 -524 10558           Jumna            67                                                       
1894 1 81700 -512 10480           Jumna            67                                                       
1894 1 82100 -499 10401           Jumna            67                                                       
1894 1 9 100 -487 10322           Jumna            67                                                       
1894 1 9 500 -475 10243           Jumna            67                                                       
1894 1 9 900 -462 10164           Jumna            67                                                       
1894 1 91300 -450 10086           Jumna            67                                                       
1894 1 91700 -437 10007           Jumna            26                                                       
1894 1 92100 -425  9928           Jumna            67                                                       
1894 110 100 -413  9849           Jumna            67                                                       
1894 110 500 -400  9770           Jumna            46                                                       
1894 1101000 -388  9692           Jumna            46                                                       
1894 1101400 -375  9613           Jumna            26                                                       
1894 1101800 -363  9534           Jumna            46                                                       
1894 1102200 -351  9455           Jumna            67                                                       
1894 111 200 -338  9376           Jumna            67                                                       
1894 111 600 -326  9298           Jumna            46                                                       
1894 1111000 -313  9219           Jumna            46                                                       
1894 1111400 -301  9140           Jumna            46                                                       
1894 1211900  947  7334           Jumna            67      10041      278                                   
1894 1212300  947  7170           Jumna            46      10035      272                                   
1894 122 300  947  7005           Jumna            46      10050      289                                   
1894 122 700  947  6841           Jumna            46      10066      289                                   
1894 1221200  947  6677           Jumna            67      10034      283                                   
1894 1221600  947  6512           Jumna            67      10045      278                                   
1894 1222000 1056  6348           Jumna            67      10033      267                                   
1894 123   0  947  6348           Jumna            67      10035      272                                   
1894 123 400  947  6348           Jumna            67      10052      272                                   
1894 123 800 1056  6348           Jumna            93      10051      283                                   
1894 1231200 1056  6348           Jumna            93      10019      272                                   
1894 1231600 1056  6348           Jumna            67      10035      256                                   
1894 1232000 1220  5858           Jumna             0      10042      278                                   
1894 124   0 1056  6348           Jumna            46      10022      272                                   
1894 124 400 1056  6348           Jumna            46      10044      261                                   
1894 124 800 1220  5858           Jumna            46      10039      300                                   
1894 1241200 1220  5858           Jumna            26      10035      283                                   
1894 1241600 1220  5858           Jumna            10      10036      278                                   
1894 1242000 1250  5419           Jumna            26      10019      278                                   
1894 125   0 1220  5858           Jumna            10      10021      261                                   
1894 125 400 1220  5858           Jumna            10      10039      278                                   
1894 125 800 1250  5419           Jumna            26      10032      300                                   
1894 1251200 1250  5419           Jumna            26      10005      278                                   
1894 1251600 1250  5419           Jumna            26      10017      267                                   
1894 1252100 1252  4919           Jumna            26      10019      278                                   
1894 126   0 1250  5419           Jumna             0      10022      261                                   
1894 126 400 1250  5419           Jumna             0      10044      250                                   
1894 126 900 1252  4919           Jumna             0      10048      267                                   
1894 1261300 1252  4919           Jumna             0      10034      267                                   
1894 1261700 1252  4919           Jumna             0      10046      256                                   
1894 127 100  983  4679           Jumna            46      10048      278                                   
1894 127 500 1052  4626           Jumna            46      10069      278                                   
1894 127 900 1120  4572           Jumna            46      10069      278                                   
1894 1271300 1188  4518           Jumna            67      10052      278                                   
1894 1271700 1257  4465           Jumna            46      10050      272                                   
1894 1272100 1325  4411           Jumna             0      10074      250                                   
1894 128 100 1393  4357           Jumna             0      10063      256                                   
1894 128 500 1462  4304           Jumna             0      10076      244                                   
1894 128 900 1530  4250           Jumna            10      10071      272                                   
1894 1281300 1598  4196           Jumna            10      10046      267                                   
1894 1281700 1667  4143           Jumna            10      10065      256                                   
1894 1282100 1735  4089           Jumna            10      10059      250                                   
1894 129 100 1803  4035           Jumna             0      10054      244                                   
1894 129 500 1872  3982           Jumna            10      10061      244                                   
1894 129 900 1940  3928           Jumna            10      10059      278                                   
1894 1291300 2035  3903           Jumna            10      10036      278                                   
1894 1291700 2131  3879           Jumna            10      10039      267                                   
1894 1292100 2226  3854           Jumna             0      10043      261                                   
1894 130 100 2321  3829           Jumna            10      10035      256                                   
1894 130 500 2417  3805           Jumna            10      10045      261                                   
1894 130 900 2512  3780           Jumna            10      10043      278                                   
1894 1301400 2545  3720           Jumna            26      10028      306                                   
1894 1301800 2578  3661           Jumna            26      10026      278                                   
1894 1302200 2611  3601           Jumna             0      10028      267                                   
1894 131 200 2645  3541           Jumna            10      10045      267                                   
1894 131 600 2678  3482           Jumna            10      10086      244                                   
1894 1311000 2711  3422           Jumna            26      10014      256                                   
1894 1311400 2744  3362           Jumna            26       9996      267                                   
1894 1311800 2777  3303           Jumna            93       9980      239                                   
1894 1312200 2810  3243           Jumna            93       9974      194                                   
1894 5292100 -660 10427           Jumna            46       9988      272                                   
1894 530 100 -660 10422           Jumna            46      10004      278                                   
1894 530 500 -660 10417           Jumna            46       9996      306                                   
1894 530 900 -660 10417           Jumna             0       9987      317                                   
1894 6 1 500 -630 10931           Jumna            67      10013      261                                   
1894 6 32000 -758 11461           Jumna            46                 294                                   
1894 6 4   0 -757 11541           Jumna            46                 283                                   
1894 6 4 400 -757 11621           Jumna            46                 300                                   
1894 6 4 800 -757 11701           Jumna            26       9982      328                                   
1894 6 41200 -756 11781           Jumna            26       9992      350                                   
1894 6 41600 -756 11860           Jumna                                                                     
1894 6 42000 -756 11940           Jumna            10                 289                                   
1894 6 5   0 -755 12020           Jumna            10      10012      311                                   
1894 6 5 400 -755 12100           Jumna            10       9995      311                                   
1894 6 5 800 -769 12172           Jumna            26       9983      322                                   
1894 6 51200 -783 12245           Jumna            26      10001      294                                   
1894 6 51600 -797 12317           Jumna                                                                     
1894 6 52000 -812 12390           Jumna            10       9996      283                                   
1894 6 6   0 -826 12462           Jumna            26                 283                                   
1894 6 6 400 -840 12535           Jumna            46      10000      306                                   
1894 6 6 800 -842 12603           Jumna            93                 322                                   
1894 6 61200 -843 12671           Jumna            67      10019      289                                   
1894 6 61600 -845 12739           Jumna            67                                                       
1894 6 61900 -847 12807           Jumna            93      10003      283                                   
1894 6 62300 -848 12875           Jumna            93      10018      278                                   
1894 6 7 300 -850 12943           Jumna            93      10009      289                                   
1894 6 7 700 -866 13021           Jumna            93      10002      311                                   
1894 6 71100 -882 13099           Jumna            93      10018      272                                   
1894 6 71900 -897 13178           Jumna            67      10008      272                                   
1894 6 72300 -913 13256           Jumna            67      10025      272                                   
1894 6 8 300 -929 13334           Jumna            67      10021      278                                   
1894 6 8 700 -945 13412           Jumna            93      10014      278                                   
1894 6 81100 -961 13490           Jumna            93      10020      267                                   
1894 712 200-1359 14351           Jumna            93      10055      244                                   
1894 715 300 -930 13600           Jumna           123      10037      244                                   
1894 715 700 -916 13521           Jumna           123      10022      250                                   
1894 7151100 -903 13442           Jumna           123      10039      250                                   
1894 7151500 -889 13363           Jumna            93      10061      261                                   
1894 7151900 -875 13284           Jumna           123      10040      261                                   
1894 7152300 -862 13205           Jumna            93      10046      250                                   
1894 716 300 -848 13126           Jumna            93      10043      267                                   
1894 716 700 -842 13057           Jumna            93      10033      267                                   
1894 7161100 -837 12988           Jumna            93      10045      256                                   
1894 7161500 -831 12919           Jumna            26      10041      278                                   
1894 7161900 -826 12851           Jumna            67      10040      261                                   
1894 7162300 -820 12782           Jumna            67      10055      256                                   
1894 717 400 -815 12713           Jumna            46      10043      267                                   
1894 717 800 -809 12644           Jumna            46      10021      278                                   
1894 7171200 -804 12575           Jumna            26      10038      272                                   
1894 7221700 -705 10630           Jumna            67      10030      283                                   
1894 7222100 -690 10553           Jumna            10      10020      283                                   
1894 723 100 -675 10477           Jumna            10      10032      289                                   
1894 723 500 -660 10400           Jumna            26      10027      300                                   
1894 723 900 -645 10323           Jumna            46      10012      311                                   
1894 7231300 -630 10247           Jumna            67      10024      278                                   
1894 7231700 -615 10170           Jumna            46      10030      283                                   
1894 7232100 -600 10093           Jumna            67      10015      289                                   
1894 724 100 -585 10017           Jumna            67      10020      278                                   
1894 724 500 -570  9940           Jumna            67      10011      294                                   
1894 724 900 -533  9873           Jumna            46      10003      300                                   
1894 7241300 -495  9806           Jumna            46      10020      278                                   
1894 7241800 -458  9738           Jumna            46      10019      283                                   
1894 7242200 -421  9671           Jumna            46      10018      289                                   
1894 725 200 -383  9604           Jumna            46      10017      278                                   
1894 725 600 -346  9537           Jumna            46      10013      300                                   
1894 7251000 -326  9469           Jumna            46      10007      294                                   
1894 7251400 -306  9402           Jumna            46      10016      283                                   
1894 7251800 -285  9334           Jumna            10                 283                                   
1894 7252200 -265  9266           Jumna            26      10011      289                                   
1894 726 200 -245  9199           Jumna            26      10016      283                                   
1894 726 600 -225  9131           Jumna            26      10023      300                                   
1894 7261000 -208  9062           Jumna            10      10013      300                                   
1894 7261400 -190  8993           Jumna            10      10022      283                                   
1894 7261800 -173  8923           Jumna            10                 283                                   
1894 7262200 -156  8854           Jumna            10      10013      278                                   
1894 727 200 -138  8785           Jumna            10      10011      289                                   
1894 727 600 -121  8716           Jumna            10      10019      300                                   
1894 7271000 -104  8647           Jumna            10      10013      300                                   
1894 7271400  -86  8578           Jumna            10      10023      278                                   
1894 7271800 -187  8313           Jumna            10      10019      283                                   
1894 7272200 -138  8313           Jumna             0      10016      278                                   
1894 728 200  -89  8313           Jumna            10      10025      267                                   
1894 728 600  -40  8313           Jumna            10      10018      289                                   
1894 7281000    9  8313           Jumna            26       9998      289                                   
1894 7281400   58  8313           Jumna            10      10015      283                                   
1894 7281800  107  8313           Jumna            10       9996      300                                   
1894 729 200  157  8313           Jumna            10      10021      289                                   
1894 729 600  206  8314           Jumna            10      10018      289                                   
1894 7291000  255  8314           Jumna            10      10016      283                                   
1894 7291500  314  8035           Jumna            10       9988      289                                   
1894 7311900  374  7757           Jumna            67      10017      278                                   
1894 7312300  433  7757           Jumna            26      10000      278                                   
1894 8 1 300  493  7757           Jumna            46      10005      267                                   
1894 8 1 700  552  7757           Jumna            67       9999      283                                   
1894 8 11100  612  7757           Jumna            67       9990      278                                   
1894 8 11500  671  7757           Jumna            67      10007      278                                   
1894 8 12300  731  7653           Jumna            46      10006      283                                   
1894 8 2 300  731  7550           Jumna            46      10017      278                                   
1894 8 2 700  731  7446           Jumna            26      10046      289                                   
1894 8 21100  731  7301           Jumna            26      10002      289                                   
1894 8 21500  731  7155           Jumna                    10033      283                                   
1894 8 21900  731  7010           Jumna            67      10025      272                                   
1894 8 22300  731  7010           Jumna            46      10016      283                                   
1894 8 3 300  731  7010           Jumna                    10027      278                                   
1894 8 3 700  731  7010           Jumna            67      10025      294                                   
1894 8 31100  731  7010           Jumna            67                 289                                   
1894 8 31500  731  7010           Jumna            67      10021      278                                   
1896 6171900  543  8045           Jumna            67      10123      289                                   
1896 6172300  543  8045           Jumna            46      10103      283                                   
1896 618 300  543  8045           Jumna            46      10103      283                                   
1896 618 700  543  8045           Jumna            46      10112      356                                   
1896 6181100  543  8045           Jumna            46      10104      322                                   
1896 6181500  543  8045           Jumna            46      10136      289                                   
1896 6181800  450  8420           Jumna            67      10115      294                                   
1896 6182200  450  8420           Jumna            46      10116      289                                   
1896 619 200  450  8420           Jumna            46      10134      300                                   
1896 619 600  450  8420           Jumna            67      10117      322                                   
1896 6191000  450  8420           Jumna            67      10102      311                                   
1896 6191400  450  8420           Jumna            67      10121      300                                   
1896 6191800  219  8619           Jumna            46      10127      300                                   
1896 6192200  219  8819           Jumna            67      10109      289                                   
1896 620 200  219  8819           Jumna            93      10130      300                                   
1896 620 600  219  8819           Jumna            67      10113      344                                   
1896 6201000  219  8819           Jumna            46      10103      322                                   
1896 6201400  219  8987           Jumna            93      10127      300                                   
1896 6201800   27  9156           Jumna            46      10137      300                                   
1896 6202200   27  9156           Jumna            46      10114      294                                   
1896 621 200   27  9156           Jumna            46      10134      300                                   
1896 621 600   27  9156           Jumna            46      10123      322                                   
1896 6211000   27  9156           Jumna            46      10104      317                                   
1896 6211400   27  9156           Jumna            46      10130      300                                   
1896 6211800  -47  9343           Jumna            46                                                       
1896 6212200 -122  9531           Jumna            46      10131      294                                   
1896 622 200 -122  9531           Jumna            46      10147      300                                   
1896 622 600 -122  9531           Jumna            46      10125      333                                   
1896 6221000 -122  9531           Jumna            46      10120      322                                   
1896 6221400 -122  9531           Jumna            46      10122      311                                   
1896 6222100 -318  9910           Jumna            46      10132      289                                   
1896 623 100 -318  9910           Jumna            46      10151      300                                   
1896 623 500 -318  9910           Jumna            67      10137      322                                   
1896 623 900 -318  9910           Jumna            46      10117      322                                   
1896 6231300 -318  9910           Jumna            46      10145      311                                   
1896 6231700 -318  9910           Jumna            67      10147      300                                   
1896 6232100 -513 10245           Jumna            67      10136      289                                   
1896 624 100 -513 10245           Jumna            93      10159      311                                   
1896 624 500 -513 10245           Jumna            93      10143      306                                   
1896 624 900 -513 10245           Jumna           123      10130      306                                   
1896 6241300 -513 10245           Jumna            93      10148      294                                   
1896 6241700 -513 10245           Jumna            46      10137      283                                   
1896 6242100 -513 10245           Jumna            67      10137      283                                   
1896 625 100 -513 10245           Jumna            67      10149      289                                   
1896 625 500 -513 10245           Jumna            46      10138      317                                   
1896 625 900 -513 10245           Jumna            46      10134      300                                   
1896 6251300 -513 10245           Jumna            46      10133      289                                   
1896 6251700 -531 10490           Jumna            46                 283                                   
1896 6252100 -549 10736           Jumna            46      10133      289                                   
1896 626 100 -549 10736           Jumna            46      10131      300                                   
1896 626 500 -549 10736           Jumna            67      10117      322                                   
1896 626 900 -549 10736           Jumna            93      10104      300                                   
1896 6261300 -549 10736           Jumna            93      10123      289                                   
1896 6261700 -549 10736           Jumna            46      10146      289                                   
1896 6262100 -549 10736           Jumna            67      10136      267                                   
1896 627 100 -549 10736           Jumna            67      10143      289                                   
1896 627 500 -549 10736           Jumna            67      10117      322                                   
1896 627 900 -549 10736           Jumna            46      10111      378                                   
1896 6271300 -549 10736           Jumna            46      10142      294                                   
