189212 1 700 2120  6947           Kapurshal        26      10123      267                                   
189212 2 700 2255  6862           Kapurshal        10      10153       89                                   
189212 3 700 2206  6911           Kapurshal        67      10129      250                                   
189212 4 700 2156  6960           Kapurshal        46      10137      283                                   
189212 5 700 2107  7009           Kapurshal        26      10137      283                                   
18921213 700 2133  6932           Kapurshal        26      10123      244                                   
18921214 700 2280  6816           Kapurshal        46      10132      239                                   
18921215 800 2427  6700           Kapurshal        46      10139      239                                   
18921216 700 2102  7003           Kapurshal        26      10140      244                                   
18921221 700 1853  7244           Kapurshal        10      10124      267                                   
18921222 700 2107  7004           Kapurshal        26      10121      278                                   
18921223 700 2263  6854           Kapurshal        10      10124      283                                   
18921224 700 2194  6906           Kapurshal        26      10124      261                                   
18921225 700 2126  6959           Kapurshal        10      10121      256                                   
18921226 700 2057  7011           Kapurshal        10      10095      267                                   
1893 1 2 700 2139  6930           Kapurshal        67      10121      217                                   
1893 1 3 700 2235  6854           Kapurshal        46      10138      200                                   
1893 1 4 700 2331  6777           Kapurshal        26      10135      200                                   
1893 1 5 800 2427  6701           Kapurshal        26      10161      189                                   
1893 1 6 700 2069  7010           Kapurshal        46      10126      206                                   
1893 111 700 2090  7242           Kapurshal        10      10074      272                                   
1893 112 700 2111  6967           Kapurshal        10      10056      244                                   
1893 113 700 2090  6979           Kapurshal        26      10064      211                                   
1893 114 700 2068  6992           Kapurshal         0      10081      211                                   
1893 115 700 2047  7004           Kapurshal        26      10050      256                                   
1893 116 700 2026  7017           Kapurshal        26      10060      233                                   
1893 118 700 1853  7245           Kapurshal        26      10052      233                                   
1893 119 700 2050  7076           Kapurshal        26      10072      222                                   
1893 120 700 2247  6908           Kapurshal        10      10104      244                                   
