1895 9102100-1746 16814           Katoomba         46      10094      244                                   
1895 9112100 1748 16814           Katoomba         26      10128      239                                   
1895 912 500 1748 16814           Katoomba         26      10091      261                                   
1895 9121200 1748 16814           Katoomba          0      10114      222                                   
1895 9162100-1730 16820           Katoomba         26      10128      239                                   
1895 9302100-2216 16627           Katoomba         67      10185      200                                   
189510 1 100-2216 16627           Katoomba                 10187      206                                   
189510 1 500-2216 16627           Katoomba         26      10187      206                                   
189510 12100-2216 16627           Katoomba         26      10207      189                                   
189510 2 500-2216 16627           Katoomba         46      10163      211                                   
189510 22100-2216 16627           Katoomba         26      10188      178                                   
189510 3 500-2216 16627           Katoomba        123      10157      206                                   
189510 31300-2219 16623           Katoomba         67      10161      222                                   
189510 32100-2219 16623           Katoomba         46      10159      233                                   
189510 4 500-2219 16623           Katoomba         46      10157      228                                   
189510 41300-2044 16440           Katoomba         67      10123      239                                   
189510 42100-2044 16440           Katoomba         93      10139      228                                   
189510 5 500-2044 16440           Katoomba         67      10096      239                                   
189510 51300-1746 16814           Katoomba         10      10110      250                                   
189510 52100-1446 16814           Katoomba         67      10109      244                                   
189510 6 500-1746 16814           Katoomba         26      10086      272                                   
189510 61300-1746 16814           Katoomba         26      10125      261                                   
189510 62100-1746 16814           Katoomba         10      10110      250                                   
189510 7 500-1746 16814           Katoomba         10      10097      267                                   
189510 71300-1733 16816           Katoomba         26      10108      261                                   
189510 72100-1746 16814           Katoomba         26      10125      261                                   
189510 8 500-1733 16816           Katoomba         26      10121      283                                   
189510 81300-1733 16816           Katoomba         26      10141      261                                   
189510 82100-1733 16816           Katoomba         26      10137      267                                   
189510 9 500-1733 16816           Katoomba         26      10121      283                                   
189510 91300-1730 16816           Katoomba         26      10141      267                                   
189510 92100-1727 16816           Katoomba         10      10141      261                                   
18951010 500-1724 16816           Katoomba         46      10114      283                                   
189510101300-1721 16824           Katoomba         67      10126      256                                   
189510102100-1718 16824           Katoomba         46      10140      267                                   
18951011 500-1718 16824           Katoomba         67      10106      272                                   
