1894 328 100-3855  9843           Kilbranna       190      10035      144                                   
1894 328 500-3855  9843           Kilbranna       154      10023      156                                   
1894 329 100-3855  9843           Kilbranna       190       9995      144                                   
1894 329 500-3910 10206           Kilbranna       190      10001      150                                   
1894 330 100-3965 10206           Kilbranna       190      10109      111                                   
1894 330 500-4020 10700           Kilbranna       154      10112      117                                   
1894 331 100-4075 10700           Kilbranna       154      10069      133                                   
1894 331 500-4130 11100           Kilbranna       154      10042      139                                   
1894 328 200-3807  9661           Kilbranna       190      10035      144                                   
1894 328 500-3855  9843           Kilbranna       154      10023      156                                   
1894 329 100-3902 10024           Kilbranna       190       9995      144                                   
1894 329 500-3950 10206           Kilbranna       190      10001      150                                   
1894 330 100-3982 10453           Kilbranna       190      10109      111                                   
1894 330 500-4015 10700           Kilbranna       154      10112      117                                   
1894 4 1   0-4210 11396           Kilbranna       123       9995      100                                   
1894 4 1 400-4250 11522           Kilbranna       154       9954      106                                   
1894 4 12200-4290 11648           Kilbranna       226       9766      100                                   
1894 4 2   0-4329 11774           Kilbranna       226       9779      106                                   
1894 4 2 200-4369 11901           Kilbranna       226       9787      100                                   
1894 4 2 400-4409 12027           Kilbranna       226       9791      100                                   
1894 4 3   0-4409 12027           Kilbranna       154       9804      100                                   
1894 4 3 400-4440 12330           Kilbranna        93       9771       94                                   
1894 4 4   0-4471 12634           Kilbranna       154       9869      100                                   
1894 4 4 300-4502 12937           Kilbranna       190       9879      122                                   
1894 4 42300-4502 12937           Kilbranna       123      10038      122                                   
1894 4 5 300-4458 13412           Kilbranna       123      10052      139                                   
1894 4 52300-4500 13820           Kilbranna        93      10157      139                                   
1894 4 6 300-4500 13930           Kilbranna        93      10166      144                                   
1894 4 62300-4500 14040           Kilbranna        67      10185      133                                   
1894 4 7 300-4500 14150           Kilbranna        67      10179      150                                   
1894 4 72300-4503 14245           Kilbranna        67      10174      139                                   
1894 4 8 200-4507 14340           Kilbranna        67      10163      144                                   
1894 4 82200-4506 14525           Kilbranna        93      10077      150                                   
1894 4 9 200-4506 14710           Kilbranna        93      10042      161                                   
1894 4 92200-4381 14831           Kilbranna       123      10103      150                                   
1894 410 200-4257 14952           Kilbranna        93      10105      150                                   
1894 4102200-4197 14994           Kilbranna        67      10114      156                                   
1894 411 200-4138 15036           Kilbranna        67      10118      167                                   
1894 4112200-4036 15096           Kilbranna       123      10078      183                                   
1894 412 200-3934 15157           Kilbranna       123      10055      211                                   
1894 4122200-3834 15241           Kilbranna        93      10064      211                                   
1894 413 200-3734 15325           Kilbranna        67      10080      211                                   
1894 315 100-1632 10511           Kilbranna        93      10001      272                                   
1894 315 500-1725 10515           Kilbranna        93      10005      272                                   
1894 316 100-1818 10518           Kilbranna       123      10017      261                                   
1894 316 500-1911 10522           Kilbranna        93      10013      272                                   
1894 317 100-1911 10522           Kilbranna       123      10027      250                                   
1894 317 500-2121 10158           Kilbranna        93      10024      256                                   
1894 318 100-2226 10099           Kilbranna        93      10028      233                                   
1894 318 500-2332 10040           Kilbranna        67      10030      244                                   
1894 319 100-2332 10040           Kilbranna        93      10035      217                                   
1894 319 500-2522  9924           Kilbranna        93      10032      239                                   
1894 320 100-2624  9816           Kilbranna       154      10083      200                                   
1894 320 600-2727  9709           Kilbranna       154      10084      200                                   
1894 321 200-2823  9662           Kilbranna       154      10103      189                                   
1894 321 600-2920  9616           Kilbranna       123      10102      200                                   
1894 322 200-2983  9525           Kilbranna        67      10090      172                                   
1894 322 600-3047  9434           Kilbranna        46      10121      194                                   
1894 323 200-3083  9395           Kilbranna        26      10130      183                                   
1894 323 600-3120  9356           Kilbranna        26      10124      200                                   
1894 324 200-3181  9352           Kilbranna        67      10122      178                                   
1894 324 600-3243  9349           Kilbranna        46      10114      183                                   
1894 325 200-3332  9342           Kilbranna        26      10139      183                                   
1894 325 600-3421  9335           Kilbranna        26      10138      211                                   
1894 326 200-3463  9368           Kilbranna        26      10141      178                                   
1894 326 600-3506  9402           Kilbranna        10                 200                                   
1894 327 200-3573  9402           Kilbranna       154      10076      167                                   
1894 327 600-3641  9442           Kilbranna       154      10060      167                                   
