1892 1 21000 2200  9150           Kistna           26      10123      289                                   
1892 1 21400 2200  9150           Kistna           26      10125      256                                   
189212311800 2200  9100           Kistna           26      10136      211                                   
189212312200 2200  9100           Kistna           67      10127      244                                   
1893 1 1 200 2200  9100           Kistna           26      10132      233                                   
1893 1 1 600 2200  9100           Kistna           26      10139      233                                   
1893 1 11000 2200  9100           Kistna           26      10128      239                                   
1893 1 11400 2200  9100           Kistna           26      10136      211                                   
1893 1 11800 2200  9100           Kistna           26      10125      278                                   
1893 1 12200 2200  9100           Kistna           26      10136      211                                   
1893 1 2 200 2200  9100           Kistna           26      10131      239                                   
1893 1 2 600 2200  9100           Kistna           26      10134      283                                   
1893 1 5 200 2200  8810           Kistna           26      10139      233                                   
1893 110 600 2000  9300           Kistna           46      10107      256                                   
1893 115 600 1645  9600           Kistna           67      10039      311                                   
1893 1151000 1645  9600           Kistna           26      10038      317                                   
1893 1151400 1645  9600           Kistna           26      10039      289                                   
1893 1151800 1645  9600           Kistna           26                                                       
1893 1152200 1645  9600           Kistna           26      10039      289                                   
1893 116 200 1645  9600           Kistna           26      10063      267                                   
1893 116 600 1645  9600           Kistna           26      10051      294                                   
1893 118 600 1700  9400           Kistna           67      10096      272                                   
1893 1181000 1722  9402           Kistna           26      10073      267                                   
1893 1181400 1743  9405           Kistna           26      10077      244                                   
1893 1181800 1765  9407           Kistna           26      10076      233                                   
1893 1182200 1787  9410           Kistna           26      10071      200                                   
1893 119 200 1808  9412           Kistna           26      10090      250                                   
1893 119 600 1830  9415           Kistna           26      10093      250                                   
1893 1191000 1852  9417           Kistna           26      10082      278                                   
1893 1191400 1873  9420           Kistna           26      10096      233                                   
1893 1191800 1895  9422           Kistna           26      10103      233                                   
1893 1192200 1917  9425           Kistna           26      10098      228                                   
1893 120 200 1938  9427           Kistna           67      10113      217                                   
1893 120 600 2000  9300           Kistna           67                 261                                   
