1895 619   0 5757   834           Lake Supe        93      10121      139                                   
1895 6191100 5757   834           Lake Supe        93      10121      139                                   
1895 620   0 5788   470           Lake Supe                10128      139                                   
1895 6201200 5820   470           Lake Supe       123      10128      139                                   
1895 6211200 5759   152           Lake Supe        93      10221      128                                   
1895 6212000 5845   152           Lake Supe                10221      128                                   
1895 6221200 5932  -235           Lake Supe        93      10178      111                                   
1895 6231200 5951  -545           Lake Supe        46      10286      111                                   
1895 6241200 5922  -729           Lake Supe        67      10320      128                                   
1895 6251200 5811 -1110           Lake Supe        67      10240      139                                   
1895 6261200 5743 -1416           Lake Supe        46      10125      133                                   
1895 6271200 5750 -1347           Lake Supe        26      10094      156                                   
1895 6281200 5556 -1439           Lake Supe        93      10067      144                                   
1895 6291200 5353 -1529           Lake Supe        46      10045      144                                   
1895 6301200 5230 -1459           Lake Supe        46       9967      144                                   
1895 7 11200 4960 -1653           Lake Supe       154      10073      161                                   
1895 7 21200 4630 -1722           Lake Supe        46      10214      167                                   
1895 7 31200 4458 -1727           Lake Supe        26      10271      200                                   
1895 7 41200 4416 -1733           Lake Supe        10      10281      217                                   
1895 7 51200 4440 -1754           Lake Supe        10      10282      217                                   
1895 7 61200 4346 -1850           Lake Supe        26      10258      189                                   
1895 7 71200 4370 -1724           Lake Supe        26      10224      194                                   
1895 7 81200 4141 -1656           Lake Supe        46      10232      211                                   
1895 7 91200 4017 -1712           Lake Supe        46      10246      222                                   
1895 7101200 3839 -1717           Lake Supe        46      10243      211                                   
1895 7111200 3650 -1724           Lake Supe        93      10241      217                                   
1895 7121200 3234 -1742           Lake Supe       123      10230      217                                   
1895 7131200 2941 -1916           Lake Supe       123      10223      222                                   
1895 7141200 2658 -2160           Lake Supe        67      10212      239                                   
1895 7151200 2437 -2229           Lake Supe        93      10207      239                                   
1895 7161200 2147 -2412           Lake Supe       123      10194      244                                   
1895 7171200 1854 -2512           Lake Supe        93      10174      250                                   
1895 7181200 1600 -2660           Lake Supe        67      10154      261                                   
