189212 11900  726  7740           Landuara         10      10095      294                                   
189212 21500  726  7740           Landuara         10      10087      306                                   
189212 21900  726  7740           Landuara         26      10130      289                                   
189212 22300  726  7740           Landuara         26      10090      267                                   
189212 3 300  726  7740           Landuara         26      10111      278                                   
189212 3 700  726  7740           Landuara         26      10113      289                                   
189212 31100  726  7740           Landuara         26      10088      300                                   
189212 31500  726  7740           Landuara         26      10096      289                                   
189212 31900  726  7740           Landuara         10      10130      289                                   
189212 32300  726  7740           Landuara          0      10087      283                                   
189212 4 300  726  7740           Landuara          0      10096      289                                   
189212 4 700  726  7740           Landuara         10      10101      300                                   
189212 41100  726  7740           Landuara         10      10076      289                                   
189212 41500  726  7740           Landuara                 10083      289                                   
189212 41900  726  7740           Landuara         26      10091      278                                   
189212 42300  726  7740           Landuara                 10081      278                                   
189212 5 300  726  7740           Landuara         26      10097      283                                   
189212 5 700  726  7740           Landuara         26      10085      294                                   
189212 51100  726  7740           Landuara         26      10073      289                                   
189212 51500  726  7740           Landuara         26      10075      294                                   
189212 51900  683  7809           Landuara         26      10073      283                                   
189212 52300  641  7878           Landuara         10      10067      278                                   
189212 6 300  598  7947           Landuara          0      10081      300                                   
189212 6 700  556  8016           Landuara          0      10081      294                                   
189212 61100  578  8016           Landuara          0      10054      300                                   
189212 61500  600  8016           Landuara         26      10069      289                                   
189212 61900  623  8066           Landuara         26      10073      283                                   
189212 62300  645  8115           Landuara         26      10064      278                                   
189212 7 300  645  8165           Landuara         26      10089      289                                   
189212 7 700  645  8215           Landuara         26      10093      289                                   
189212 71000  645  8265           Landuara         26      10077      283                                   
18921210 700  822  7831           Landuara         67      10070      267                                   
18921218 700 1425  7401           Landuara         26      10081      272                                   
