189212302000-3510 17411           Lavinni          93      10097      200                                   
189212312200 3056 14518           Lavinni          26      10139       67                                   
1893 1 12000-2651 17630           Lavinni          67      10096      267                                   
1893 1 22000-2242 17713           Lavinni          93      10093      267                                   
1893 1 32000-1852 17802           Lavinni          67      10088      283                                   
1893 1 4   0-1831 17814           Lavinni                                                                   
1893 1 42000-1811 17826           Lavinni          26      10104      289                                   
1893 1 52000-1947 17851           Lavinni          67      10104      289                                   
1893 1 62000-1810 17842           Lavinni          26      10087      289                                   
1893 1 72000-1811 17826           Lavinni          93      10089      278                                   
1893 1 82000-1814 17812           Lavinni          67      10087      289                                   
1893 1 92000-1811 17826           Lavinni          67      10087      289                                   
1893 1102000-2153 17728           Lavinni          26       9761      278                                   
1893 1112000-2619 17649           Lavinni          26      10067      278                                   
1893 1122000-3002 17620           Lavinni          26      10070      256                                   
1893 1132000-3514 17618           Lavinni          26      10082      211                                   
1893 1142000-3684 17474           Lavinni          67      10147      211                                   
1893 1152000-3684 17476           Lavinni         123      10110      233                                   
1893 1162000-3633 17600           Lavinni         123      10093      233                                   
1893 1172000-3832 17750           Lavinni          93      10133      222                                   
