1893 3 51200 4902  -542           Lindfield        93      10294      106                                   
1893 3101300 3535 -1929           Lindfield        67      10101      178                                   
1893 3101900 3535  1929           Lindfield        67      10103      167                                   
1893 3111300 3315 -2032           Lindfield        67      10083      172                                   
1893 3111700 3254 -2063           Lindfield       123      10084      167                                   
1893 3112100 3193 -2094           Lindfield       154      10099      172                                   
1893 312 100 3131 -2125           Lindfield        26      10148      181                                   
1893 312 500 3070 -2157           Lindfield       123      10115      172                                   
1893 312 700 3915  2032           Lindfield       123      10137      183                                   
1893 312 900 3009 -2188           Lindfield       123      10129      183                                   
1893 3121300 2948 -2219           Lindfield        93      10144      194                                   
1893 3121700 2928 -2224           Lindfield        46      10139      222                                   
1893 3122100 2908 -2229           Lindfield        46                                                       
1893 313 100 2888 -2234           Lindfield        10      10143      194                                   
1893 313 500 2869 -2240           Lindfield        26                                                       
1893 313 900 2849 -2245           Lindfield        26      10159      200                                   
1893 3131300 2829 -2250           Lindfield        10                                                       
1893 315 100 2774 -2221           Lindfield       154      10075      194                                   
1893 3151300 2721 -2220           Lindfield       123      10038      211                                   
1893 3151700 2668 -2219           Lindfield       154      10020      217                                   
1893 3152100 2615 -2217           Lindfield        93      10022      200                                   
1893 316 100 2561 -2216           Lindfield        93      10105      206                                   
1893 316 500 2508 -2215           Lindfield       154      10039      194                                   
1893 316 900 2455 -2213           Lindfield       154      10072      200                                   
1893 3161300 2402 -2212           Lindfield       154      10069      217                                   
1893 3161700 2372 -2201           Lindfield       123      10086      211                                   
1893 3162100 2341 -2191           Lindfield       123      10086      211                                   
1893 317 100 2311 -2180           Lindfield        10      10136      211                                   
1893 317 500 2281 -2169           Lindfield        46      10103      206                                   
1893 317 900 2250 -2159           Lindfield        46      10119      211                                   
1893 3171300 2220 -2148           Lindfield        26      10130      244                                   
1893 3171700 2190 -2133           Lindfield        10      10130      244                                   
1893 3172100 2159 -2118           Lindfield        10      10133      228                                   
1893 318 100 2129 -2103           Lindfield        26      10150      222                                   
1893 318 500 2099 -2089           Lindfield        26      10135      211                                   
1893 318 900 2068 -2074           Lindfield        26      10151      217                                   
1893 3181300 2038 -2059           Lindfield        46      10147      236                                   
1893 3181700 2038 -2059           Lindfield        46      10144      256                                   
1893 3182100 2038 -2059           Lindfield        26      10148      233                                   
1893 319 100 2038 -2059           Lindfield        46      10131      233                                   
1893 319 500 2038 -2059           Lindfield        26      10151      217                                   
1893 3191700 2038 -2059           Lindfield        67      10123      239                                   
1893 320 200 1738 -2257           Lindfield        46      10133      211                                   
1893 3201400 1738 -2257           Lindfield       123      10147      231                                   
1893 3201800 1738 -2257           Lindfield       123      10128      239                                   
1893 3202200 1738 -2257           Lindfield        67      10148      219                                   
1893 321 200 1530 -2512           Lindfield        46      10147      222                                   
1893 321 600 1738 -2257           Lindfield        46      10150      211                                   
1893 3211000 1738 -2257           Lindfield        67      10166      217                                   
1893 3211400 1530 -2512           Lindfield        93      10146      231                                   
1893 3211800 1530 -2512           Lindfield       123      10126      244                                   
1893 3212200 1530 -2512           Lindfield        93      10145      233                                   
1893 322 200 1225 -2520           Lindfield       190      10126      239                                   
1893 322 600 1530 -2512           Lindfield       123      10130      222                                   
1893 3221000 1530 -2512           Lindfield       154      10145      233                                   
1893 3221400 1225 -2520           Lindfield       154      10141      250                                   
1893 3221800 1225 -2520           Lindfield       190      10123      256                                   
1893 3222200 1225 -2520           Lindfield       190      10126      239                                   
1893 323 200 1225 -2520           Lindfield        67      10125      244                                   
1893 323 600 1225 -2520           Lindfield       123      10107      233                                   
1893 3231000 1031 -2546           Lindfield       123      10108      244                                   
1893 3231400  837 -2573           Lindfield        93      10105      256                                   
1893 3231800  803 -2553           Lindfield        93      10103      267                                   
1893 3232200  768 -2534           Lindfield        93      10106      250                                   
1893 324 200  734 -2514           Lindfield        93      10104      261                                   
1893 324 600  700 -2494           Lindfield        46      10108      239                                   
1893 3241000  665 -2475           Lindfield        46      10122      256                                   
1893 3241400  631 -2455           Lindfield        46      10103      267                                   
1893 3241800  597 -2435           Lindfield        46      10103      267                                   
1893 3242200  562 -2416           Lindfield        67      10104      261                                   
1893 325 200  528 -2396           Lindfield        93      10104      261                                   
1893 325 600  494 -2376           Lindfield        67      10104      261                                   
1893 3251000  459 -2357           Lindfield        67      10103      261                                   
