188611302300 1545 16840           Lochiel          46      10010      300                                   
18921120 100-2829 15923           Lochiel          67                                                       
1893 1 1   0  945 16129           Lochiel          10      10009      333                                   
1893 1 2   0  941 16122           Lochiel          67      10009      333                                   
1893 1 3   0  941 16122           Lochiel                  10011      322                                   
1893 1 4   0  939 16130           Lochiel          46      10011      322                                   
1893 1 5   0  937 16129           Lochiel           0      10014      300                                   
1893 1 6   0  937 16128           Lochiel          26      10014      300                                   
1893 1 7   0  932 16128           Lochiel          10      10011      322                                   
1893 1 8   0  930 16128           Lochiel          10      10018      317                                   
1893 1 9   0  930 16128           Lochiel          10      10019      311                                   
1893 110   0  925 16128           Lochiel          26      10012      311                                   
1893 111   0  924 16126           Lochiel          26      10014      300                                   
1893 112   0  924 16126           Lochiel          46      10007      300                                   
1893 113   0  850 16110           Lochiel          10       9996      306                                   
1893 114   0  850 16110           Lochiel          10       9993      322                                   
1893 115   0  850 16110           Lochiel          10       9993      328                                   
1893 116   0  855 16114           Lochiel          26       9993      322                                   
1893 117   0  948 16118           Lochiel          26      10006      311                                   
1893 118   0  950 15850           Lochiel                  10005      317                                   
1893 119 100  955 15581           Lochiel          46      10011      317                                   
1893 127   0 -594 15313           Lochiel         154      10064      300                                   
1893 2 22000-2143 17738           Lochiel         226       9975      267                                   
1893 2 3   0-1155 17760           Lochiel         190                                                       
1893 2 32000 -166 17782           Lochiel          67                 233                                   
1893 2 4   0  822 17804           Lochiel          26      10041      239                                   
1893 2 42000 1810 17826           Lochiel          26      10055      278                                   
1893 2 52000 1811 17822           Lochiel          26      10062      278                                   
1893 2 62000 1812 17819           Lochiel          93      10070      289                                   
1893 2 72000 1813 17815           Lochiel          26      10067      289                                   
1893 2 82000 1814 17812           Lochiel          93      10100      289                                   
1893 2 92000-2054 17739           Lochiel          67      10104      278                                   
1893 2102000-2531 17666           Lochiel          26      10129      267                                   
1893 2112000-3008 17592           Lochiel          26      10153      267                                   
1893 2122000-3444 17519           Lochiel          26      10135      233                                   
1893 2132000-3652 17446           Lochiel          26      10093      256                                   
1893 2142000-3652 17446           Lochiel          26      10067      244                                   
1893 2152000-3652 17834           Lochiel          93      10049      233                                   
