189312101300-2521 16530           Loongaua         46      10101      233                                   
18931211 500-2521 16530           Loongaua         46      10090      256                                   
18931211 900-2521 16530           Loongaua         46      10099      244                                   
189312111300-2521 16351           Loongaua         46      10101      233                                   
189312111700-2521 16530           Loongaua         46      10101      233                                   
189312112100-2521 16530           Loongaua         67      10100      239                                   
189312112300-2521-16530           Loongaua         46      10089      261                                   
18931212 100-2521 16351           Loongaua         67      10098      250                                   
18931212 500-2521 16351           Loongaua         67      10057      250                                   
18931212 900-2521 16351           Loongaua         67      10099      244                                   
189312121300-2848 16050           Loongaua         46      10170      233                                   
189312121700-2521 16351           Loongaua         46      10101      233                                   
189312122100-2521 16351           Loongaua         46      10132      244                                   
18931213 100-2733 16211           Loongaua         46      10166      256                                   
18931213 500-2848 16050           Loongaua         46      10102      239                                   
18931213 900-2848 16050           Loongaua         46      10169      239                                   
189312131100-2521-16357           Loongaua         46      10101      233                                   
189312131300-2848 16050           Loongaua         46                 233                                   
189312131700-2848 16050           Loongaua         46      10204      233                                   
189312132100-2848 16050           Loongaua         46      10370      244                                   
18931214 100-2848 16050           Loongaua         46      10301      256                                   
18931214 500-2848 16050           Loongaua         46      10168      250                                   
18931214 900-2848 16050           Loongaua         46      10169      239                                   
189312141300-2848 16050           Loongaua         46      10137      233                                   
189312141700-2848 16050           Loongaua         26      10138      222                                   
189312142100-2848 16050           Loongaua         26      10237      239                                   
18931217 200-3157 15332           Loongaua         26      10032      268                                   
18931217 600-3157 15332           Loongaua         26      10034      261                                   
189312171000-3157 15332           Loongaua                 10042      250                                   
189312171800-3157 15332           Loongaua                 10043      244                                   
189312172200-3157 15332           Loongaua         10      10041      256                                   
18931218 200-3224 15247           Loongaua                 10042      256                                   
18931218 600-3224 15247           Loongaua         67      10006      267                                   
1894 3281200-1869 17407           Loongaua         26                 294                                   
1894 329 800-1856 17416           Loongaua         10      10053      294                                   
1894 3291200-1842 17424           Loongaua         46      10031      283                                   
1894 3291600-1828 17433           Loongaua         26                 289                                   
1894 3292000-1815 17442           Loongaua         26      10060      289                                   
1894 330   0-1801 17451           Loongaua         26      10053      289                                   
1894 330 400-1787 17460           Loongaua         26      10031      283                                   
1894 330 800-1774 17469           Loongaua         93      10030      283                                   
1894 3301200-1760 17477           Loongaua         93      10019      289                                   
1894 3301600-1746 17486           Loongaua         46      10031      278                                   
1894 3302000-1733 17495           Loongaua         46      10038      278                                   
1894 331   0-1719 17504           Loongaua         26      10026      289                                   
1894 331 400-1700 17505           Loongaua         46      10024      300                                   
1894 331 800-1681 17507           Loongaua         46      10017      300                                   
1894 3311200-1661 17508           Loongaua        123      10011      294                                   
1894 3311600-1642 17509           Loongaua        123      10005      289                                   
1894 3312000-1623 17511           Loongaua        123      10005      289                                   
1894 4 1   0-1604 17512           Loongaua        123      10019      289                                   
1894 4 1 400-1575 17502           Loongaua        123      10017      300                                   
1894 4 1 800-1546 17492           Loongaua        123      10010      300                                   
1894 4 11200-1517 17482           Loongaua         93       9998      289                                   
1894 4 11600-1488 17473           Loongaua        123      10011      289                                   
1894 4 12000-1459 17463           Loongaua        123      10011      289                                   
1894 4 2   0-1430 17453           Loongaua        123      10001      289                                   
1894 4 2 400-1412 17488           Loongaua         93       9998      289                                   
1894 4 2 800-1394 17524           Loongaua         67       9997      289                                   
1894 4 21600-1376 17559           Loongaua         93      10027      272                                   
1894 4 22000-1358 17595           Loongaua        123      10027      272                                   
1894 4 3   0-1340 17630           Loongaua        154      10020      272                                   
1894 6161300-1336 16328           Loongaua         93      10145      228                                   
1894 617 100-1336 16328           Loongaua         93      10076      239                                   
1894 617 500-1336 16328           Loongaua         93      10093      239                                   
1894 617 900-1336 16328           Loongaua         93      10128      228                                   
1894 6171300-1520 16052           Loongaua         46      10146      228                                   
1894 6171700-1336 16328           Loongaua         93      10162      228                                   
1894 6172100-1336 16328           Loongaua        154      10179      228                                   
1894 618 100-1524 16052           Loongaua        154      10180      228                                   
1894 618 500-1520 16052           Loongaua        190      10180      228                                   
1894 618 900-1520 16052           Loongaua        190      10180      228                                   
1894 6181300-1520 16052           Loongaua        190      10180      228                                   
1894 6181700-1520 16052           Loongaua        190      10180      228                                   
1894 6182100-1520 16052           Loongaua        190      10180      228                                   
1894 619 100-1740 15851           Loongaua        190      10181      228                                   
1894 619 500-1740 15851           Loongaua        190      10168      222                                   
1894 619 900-1740 15851           Loongaua        190      10168      222                                   
1894 6191400-2007 15730           Loongaua        190      10170      222                                   
1894 6191800-1740 15730           Loongaua        190      10168      222                                   
1894 6192200-1740 15730           Loongaua        190      10168      222                                   
1894 620 200-2007 15730           Loongaua        190      10170      222                                   
1894 620 600-2007 15730           Loongaua        190      10170      222                                   
1894 6201000-2007 15730           Loongaua        190      10170      222                                   
1894 6201400-2248 15636           Loongaua        190      10171      222                                   
1894 6201800-2007 15730           Loongaua        190      10170      222                                   
1894 6202200-2007 15730           Loongaua        190      10170      222                                   
1894 621 200-2248 15636           Loongaua        190      10171      222                                   
1894 621 600-2248 15636           Loongaua        190      10171      222                                   
1894 6211000-2248 15636           Loongaua        190      10171      222                                   
1894 6211400-2248 15636           Loongaua        190      10171      222                                   
1894 6211800-2248 15636           Loongaua        190      10171      222                                   
1894 6212200-2248 15636           Loongaua        154      10151      222                                   
1894 6281400-3200 15375           Loongaua        123      10212      200                                   
1894 6281800-3205 15364           Loongaua         67      10246      200                                   
1894 6282200-3211 15354           Loongaua         46      10266      183                                   
1894 629 200-3216 15343           Loongaua         67      10249      183                                   
1894 629 600-3221 15332           Loongaua         93      10233      178                                   
1894 6291000-3226 15321           Loongaua         93      10183      178                                   
1894 6291400-3232 15311           Loongaua         46      10249      183                                   
1894 630 600-3237 15300           Loongaua         46      10209      183                                   
1894 6301000-3260 15302           Loongaua         46      10250      178                                   
1894 6301400-3284 15304           Loongaua        123      10165      183                                   
1894 6301800-3307 15306           Loongaua         46      10252      172                                   
1894 6302200-3331 15308           Loongaua         26      10236      167                                   
1894 7 1 200-3354 15310           Loongaua         67      10236      167                                   
1894 7 1 600-3362 15297           Loongaua         67      10202      167                                   
1894 7 11000-3369 15283           Loongaua         67      10190      183                                   
1894 7 11400-3377 15270           Loongaua         67      10151      172                                   
1894 7 11800-3385 15257           Loongaua        154      10143      183                                   
1894 7 12200-3392 15243           Loongaua        123      10143      183                                   
1894 7 2 200-3400 15230           Loongaua        154      10183      183                                   
1894 7 2 600-3408 15217           Loongaua         93      10115      189                                   
1894 7 21000-3415 15203           Loongaua         93      10250      189                                   
1894 7 21800-3423 15190           Loongaua         67      10159      167                                   
1894 7 22200-3431 15177           Loongaua         67      10170      144                                   
1895 612 100-1804 15929           Loongaua        154                 244                                   
1895 6161400-2324 15618           Loongaua        123      10155      222                                   
1895 6161800-2324 15618           Loongaua        154      10135      222                                   
1895 6162200-2324 15618           Loongaua        123      10135      222                                   
1895 617 200-2324 15618           Loongaua        154      10371      217                                   
1895 617 600-2353 15618           Loongaua        154      10371      217                                   
1895 6171000-2383 15618           Loongaua        123      10135      222                                   
1895 6171400-2412 15441           Loongaua        123      10155      222                                   
1895 6171800-2442 15441           Loongaua        123      10170      217                                   
1895 6172200-2471 15441           Loongaua        123      10171      211                                   
1895 618 200-2501 15441           Loongaua        123      10164      217                                   
1895 618 600-2518 15441           Loongaua        123      10164      217                                   
1895 6181000-2534 15441           Loongaua         67      10165      211                                   
1895 6181400-2551 15414           Loongaua         26      10165      211                                   
1895 6181800-2568 15414           Loongaua         46      10165      211                                   
1895 6182200-2584 15414           Loongaua         67      10165      211                                   
1895 619 200-2601 15414           Loongaua         67      10150      222                                   
1895 619 600-2622 15414           Loongaua         67      10150      222                                   
1895 6191000-2644 15414           Loongaua         46      10166      211                                   
1895 6191400-2665 15416           Loongaua         26      10165      217                                   
1895 6191800-2686 15416           Loongaua         26      10164      222                                   
1895 6192200-2708 15416           Loongaua         46      10153      228                                   
1895 620 200-2729 15416           Loongaua         46      10153      233                                   
1895 620 600-2779 15416           Loongaua         67      10152      239                                   
1895 6201000-2829 15416           Loongaua         93      10151      244                                   
1895 6201400-2878 15402           Loongaua         93      10156      222                                   
1895 6201800-2928 15402           Loongaua         93      10156      222                                   
1895 6202200-2978 15402           Loongaua         93      10156      222                                   
1895 621 200-3028 15402           Loongaua         93      10157      222                                   
1895 621 600-3078 15402           Loongaua         67      10140      222                                   
1895 6211000-3128 15402           Loongaua         67      10147      228                                   
1895 6211400-3177 15402           Loongaua         46      10148      222                                   
1895 9111400 3254 15356           Loongaua        154      10213      200                                   
1895 912 200 3254 15356           Loongaua         93      10248      189                                   
1895 912 600 3254 15356           Loongaua         93      10232      189                                   
1895 9121000 3254 15356           Loongaua        123      10230      200                                   
1895 9121400 3254 15377           Loongaua                                                                  
1895 9121800 3254 15398           Loongaua        154      10197      194                                   
1895 9122200 3254 15419           Loongaua        154      10215      189                                   
1895 913 200 3254 15440           Loongaua         93      10207      194                                   
1895 913 600 3254 15440           Loongaua         67      10196      200                                   
1895 9131000 3254 15440           Loongaua         67      10210      217                                   
1895 9131400 3244 15440           Loongaua         67      10201      211                                   
1895 9131800 3234 15440           Loongaua         67      10149      200                                   
1895 9132200 3224 15440           Loongaua         67      10197      194                                   
1895 914 200 3214 15452           Loongaua         67      10179      200                                   
1895 914 600 3214 15452           Loongaua         67      10179      200                                   
1895 9141000 3214 15452           Loongaua         93      10179      200                                   
1895 9141400 3190 15452           Loongaua         93      10162      200                                   
1895 9141800 3165 15452           Loongaua        123      10145      200                                   
1895 9142200 3141 15452           Loongaua        123      10145      200                                   
1895 915 200 3117 15356           Loongaua        190      10109      211                                   
1895 915 600 3117 15356           Loongaua        190      10109      211                                   
1895 9151000 3117 15356           Loongaua        190      10107      222                                   
1895 9151400 3114 15356           Loongaua         67                 211                                   
1895 9151800 3111 15356           Loongaua         67      10312      206                                   
1895 9152200 3108 15356           Loongaua         46      10142      211                                   
1895 916 200 3105 15680           Loongaua         67      10378      211                                   
1895 916 600 3105 15680           Loongaua        123      10378      211                                   
1895 9161000 3105 15680           Loongaua        154      10141      222                                   
1895 9161400 3105 15680           Loongaua        190      10378      211                                   
1895 9161400 3035 15532           Loongaua        226      10069      200                                   
1895 9161800 3105 15680           Loongaua        190      10277      211                                   
1895 9162200 3105 15680           Loongaua        190      10122      211                                   
1895 917 200 3035 15532           Loongaua        190      10093      200                                   
1895 917 600 3035 15532           Loongaua        190      10094      194                                   
1895 9171000 3035 15532           Loongaua        123      10081      211                                   
1895 9171400 3024 15458           Loongaua        154      10077      194                                   
1895 9171800 3035 15532           Loongaua        154      10071      189                                   
1895 9172200 3035 15532           Loongaua        154      10071      189                                   
1895 918 200-3024 15458           Loongaua        123      10071      189                                   
1895 918 600 3024 15458           Loongaua         93      10051      189                                   
1895 9181000 3024 15458           Loongaua        123      10060      194                                   
1895 9181400 2824 15537           Loongaua         93      10162      183                                   
1895 9181800 3024 15458           Loongaua        123      10079      183                                   
1895 9182200 3024 15458           Loongaua        123      10087      178                                   
1895 919 200-2824 15537           Loongaua        123      10095      178                                   
1895 919 600 2824 15537           Loongaua        123      10101      183                                   
1895 9191000 2824 15537           Loongaua        123      10112      178                                   
1895 9191400 2824 15625           Loongaua         26      10140      211                                   
1895 9191800 2824 15537           Loongaua         93      10346      189                                   
1895 9192200 2824 15537           Loongaua         67      10143      194                                   
1895 920 200-2517 15625           Loongaua         46      10140      200                                   
1895 920 600 -896 15625           Loongaua         46      10298      211                                   
1895 9201000  726 15625           Loongaua         26      10127      222                                   
1895 9201400 2347 15636           Loongaua         46      10204      211                                   
1895 9201800  782 15625           Loongaua         26      10365      211                                   
1895 9202200 -782 15625           Loongaua         26      10365      211                                   
1895 921 200-2347 15636           Loongaua         26      10269      222                                   
1895 921 600 2347 15636           Loongaua         26      10269      222                                   
1895 9211000 2347 15636           Loongaua          0      10269      222                                   
1895 9211800 2347 15636           Loongaua         46      10204      211                                   
1895 9212200 2347 15636           Loongaua         46      10271      211                                   
1895 922 200 2221 15720           Loongaua         67      10098      233                                   
