1893 5312100-2215 16626           Loyalty          10      10161      -46                                   
1893 6 1 100-2215 16626           Loyalty          10      10156      -17                                   
1893 6 1 500-2215 16626           Loyalty          10      10159      -34                                   
1893 6 1 900-2215 16626           Loyalty          10      10157      -64                                   
1893 6 12100-2215 16626           Loyalty          10      10159      -48                                   
1893 6 2 100-2215 16626           Loyalty          10      10156      -17                                   
1893 6 2 500-2215 16626           Loyalty          10      10160      -38                                   
1893 6 2 900-2215 16626           Loyalty          10      10162      -51                                   
1893 6 22100-2215 16626           Loyalty          10      10168      -48                                   
1893 6 3 100-2215 16626           Loyalty          10      10169      -14                                   
1893 6 3 500-2215 16626           Loyalty          10      10169      -37                                   
1893 6 3 900-2215 16626           Loyalty          10      10164      -49                                   
1893 6 32100-2215 16626           Loyalty          10      10161      -46                                   
1893 6 4 100-2215 16626           Loyalty          10      10150      -13                                   
1893 6 4 500-2215 16626           Loyalty          10      10153      -37                                   
1893 6 4 900-2215 16626           Loyalty          10      10155      -47                                   
1893 6 42100-2215 16626           Loyalty          10      10161      -44                                   
1893 6 5 100-2215 16626           Loyalty          10      10156      -14                                   
1893 6 5 500-2215 16626           Loyalty          10      10159      -37                                   
1893 6 5 900-2215 16626           Loyalty          10      10159      -52                                   
1893 6 52100-2215 16626           Loyalty          10      10161      -46                                   
1893 6 6 100-2215 16626           Loyalty          10      10158      -29                                   
1893 6 6 500-2215 16626           Loyalty          26      10160      -38                                   
1893 6 6 900-2215 16626           Loyalty          26      10162      -54                                   
1893 6 62100-2215 16626           Loyalty          26      10165      -53                                   
1893 6 7 100-2215 16626           Loyalty          26      10156      -19                                   
1893 6 7 500-2215 16626           Loyalty          26      10161      -46                                   
1893 6 7 900-2215 16626           Loyalty          26      10169      -57                                   
1893 611 100-2200 16600           Loyalty          26      10091      -29                                   
1893 6112100-2216 16626           Loyalty          26      10116      -58                                   
1893 612 100-2216 16626           Loyalty          26      10094      -44                                   
1893 612 500-2216 16626           Loyalty          67      10107      -44                                   
1893 612 900-2217 16626           Loyalty          67      10124      -62                                   
1893 6122100-2217 16626           Loyalty          46      10128      -62                                   
1893 613 100-2216 16626           Loyalty          46      10119      -33                                   
1893 613 500-2216 16626           Loyalty          46      10111      -43                                   
1893 613 900-2216 16626           Loyalty          46      10111      -67                                   
1893 6132100-2216 16626           Loyalty          46      10130      -63                                   
1893 614 100-2216 16626           Loyalty          46      10131      -26                                   
1893 614 500-2216 16626           Loyalty          46      10146      -39                                   
1893 614 900-2216 16626           Loyalty          46      10155      -64                                   
1893 6142100-2216 16626           Loyalty          46      10164      -64                                   
1893 615 100-2216 16626           Loyalty          46      10158      -27                                   
1893 615 500-2216 16626           Loyalty          46      10166      -37                                   
1893 615 900-2216 16626           Loyalty          46      10170      -61                                   
1893 6152100-2216 16626           Loyalty          26      10183      -59                                   
1893 616 100-2216 16626           Loyalty          26      10183      -17                                   
1893 616 500-2216 16626           Loyalty          26      10185      -33                                   
1893 616 900-2216 16626           Loyalty          26      10203      -56                                   
1893 6162100-2216 16626           Loyalty          26      10203      -59                                   
1893 617 100-2216 16626           Loyalty          26      10197      -20                                   
1893 617 500-2216 16626           Loyalty          26      10178      -28                                   
1893 617 900-2216 16626           Loyalty          26      10175      -53                                   
1893 6172100-2216 16626           Loyalty          10      10170      -59                                   
1893 618 100-2216 16626           Loyalty          10      10162      -12                                   
1893 618 500-2216 16626           Loyalty          10      10165      -29                                   
1893 618 900-2216 16626           Loyalty          10      10159      -52                                   
1893 6182100-2215 16626           Loyalty           0      10156      -56                                   
1893 619 100-2215 16626           Loyalty           0      10143      -18                                   
1893 619 500-2215 16626           Loyalty           0      10133      -36                                   
1893 619 900-2215 16626           Loyalty           0      10136      -54                                   
1893 6192100-2215 16626           Loyalty           0      10142      -53                                   
1893 620 100-2215 16626           Loyalty           0      10147      -17                                   
1893 620 500-2215 16626           Loyalty          10      10159      -34                                   
1893 620 900-2215 16626           Loyalty          10      10173      -56                                   
1893 6202100-2215 16626           Loyalty          10      10176      -55                                   
1893 621 100-2215 16626           Loyalty          10      10170      -19                                   
1893 621 500-2215 16626           Loyalty          10      10175      -50                                   
1893 621 900-2215 16626           Loyalty          10      10184      -62                                   
1893 6212100-2215 16626           Loyalty           0      10188      -50                                   
1893 622 100-2215 16626           Loyalty           0      10181       -7                                   
1893 622 500-2215 16626           Loyalty           0      10185      -31                                   
1893 622 900-2215 16626           Loyalty           0      10161      -49                                   
1893 6222100-2215 16626           Loyalty           0      10148      -47                                   
1893 623 100-2215 16626           Loyalty           0      10157      -21                                   
1893 623 500-2215 16626           Loyalty           0      10166      -36                                   
1893 623 900-2215 16626           Loyalty          10      10168      -48                                   
1893 6232100-2215 16626           Loyalty           0      10174      -43                                   
1893 624 100-2215 16626           Loyalty           0      10180      -42                                   
1893 624 500-2215 16626           Loyalty          10      10179      -37                                   
1893 624 900-2215 16626           Loyalty          10      10180      -53                                   
1893 6242100-2215 16626           Loyalty          10      10175      -50                                   
1893 625 100-2215 16626           Loyalty          10      10171      -24                                   
1893 625 500-2215 16626           Loyalty          10      10174      -46                                   
1893 625 900-2215 16626           Loyalty          10      10176      -56                                   
189312 8 900-2216 16626           Loyalty          46                                                       
