1893 218 600 2729  9145           Marilia          67      10123      289                                   
1893 219 600 1151  9513           Marilia          10      10082      300                                   
1893 220 500 -427  9860           Marilia          46                                                       
1893 221 500-2005 10207           Marilia          26      10118      272                                   
1893 222 500-2404 10546           Marilia          46      10116      239                                   
1893 223 500-2779 10911           Marilia         123      10139      217                                   
1893 224 500-3155 11201           Marilia         123      10157      189                                   
1893 225 400-3501 11610           Marilia         123                 200                                   
1893 226 400-3516 12042           Marilia         123      10112      194                                   
1893 227 400-3541 12623           Marilia          93      10140      189                                   
1893 228 300-3519 13098           Marilia          67      10108      194                                   
1893 3 1 300-3497 13573           Marilia           0                                                       
1893 3 2 300-3475 14048           Marilia          10      10082      250                                   
1893 3 3 200-3453 14310           Marilia          46                 239                                   
1893 3 4 200-3431 14572           Marilia          93      10134      178                                   
1893 3 5 200-3409 14834           Marilia         154      10234      183                                   
1893 3 51800-3387 15096           Marilia         154      10148      211                                   
1893 3 6 200-3365 15358           Marilia         123      10150      200                                   
1893 3 6 600-3343 15620           Marilia         123      10106      239                                   
1893 3 6 900-3321 15882           Marilia          67                 239                                   
