1892 426 700  741  7777           Massilia         10      10108      300                                   
1892 427 700  350  8146           Massilia         67      10075      289                                   
1892 428 600  -41  8515           Massilia         10                 283                                   
1892 429 600 -433  8842           Massilia         26      10107      278                                   
1892 430 600 -829  9151           Massilia         46      10100      267                                   
1892 5 1 600-1216  9456           Massilia         67      10117      272                                   
1892 5 2 500-1609  9783           Massilia         67      10133      244                                   
1892 5 3 500-1959 10110           Massilia         93      10160      256                                   
1892 5 4 500-2337 10424           Massilia                 10161      228                                   
1892 5 5 500-2716 10750           Massilia         67      10197      211                                   
1892 5 6 500-3059 11124           Massilia         67      10204      200                                   
1892 5 7 400-3439 11526           Massilia                 10200      183                                   
1892 5 8 400-3507 12016           Massilia         46      10184      183                                   
1892 5 81600-3511 12223           Massilia                 10073      161                                   
1892 5 82000-3515 12431           Massilia         46      10214      167                                   
1892 5 9 400-3526 12638           Massilia         46      10145      178                                   
1892 516 300-3537 12845           Massilia          0                                                       
1892 830 700  656  7951           Massilia         46      10184      283                                   
1892 830 700  656  7951           Massilia         46      10184      283                                   
1892 831 700  300  8231           Massilia         46      10174      278                                   
1892 9 1 600  -44  8603           Massilia         67      10173      283                                   
1892 9 2 600 -442  8915           Massilia         26      10174      283                                   
1892 9 3 600 -832  9235           Massilia         26      10201      283                                   
1892 9 4 600-1224  9528           Massilia         46      10204      278                                   
1892 9 5 500-1609  9823           Massilia         67      10227      250                                   
1892 9 6 500-1953 10145           Massilia         26      10261      217                                   
1892 9 7 500-2343 10455           Massilia         46      10313      206                                   
1892 9 8 500-2733 10830           Massilia         67      10308      189                                   
1892 9 9 500-3119 11159           Massilia         67      10291      167                                   
1892 910 400-3455 11555           Massilia         46      10280      150                                   
1892 911 400-3506 12018           Massilia         67      10294      150                                   
1892 912 400-3532 12612           Massilia         46      10299      144                                   
1892 913 300-3543 13158           Massilia         67      10196      156                                   
1892 914 300-3516 13734           Massilia         67      10096      189                                   
1892 915 300-3632 13852           Massilia         93      10310      122                                   
1892 916 200-3845 14357           Massilia         67      10264      128                                   
1892 917 200-3844 14543           Massilia         26      10239      194                                   
1892 918 200-3844 14729           Massilia         93      10237      228                                   
1892 919 200-3434 15130           Massilia         26      10236      189                                   
1893 1191200 5100     0           Massilia         26      10342       72                                   
1893 1201200 5720   130           Massilia         26      10326       83                                   
1893 1211200 4840   260           Massilia         67      10423      100                                   
1893 1221200 4406   390           Massilia         46      10395      122                                   
1893 1231200 3840   520           Massilia         46      10305      144                                   
1893 1241200 3790   650           Massilia         67      10319      156                                   
1893 1281100 3741   780           Massilia         46      10250      122                                   
1893 6 1   0 5497   585           Massilia         26      10174      128                                   
1893 6 11200 5126    22           Massilia         26      10164      111                                   
1893 6 2   0 4755  -541           Massilia         26      10168      128                                   
1893 6 21200 4936  -329           Massilia         26      10117      139                                   
1893 6 3   0 4755  -541           Massilia         10      10096      156                                   
1893 6 31300 4523  -804           Massilia         46      10184      239                                   
1893 6 4 100 3742  -911           Massilia         26       9887      217                                   
1893 6 41300 4023  -928           Massilia         46      10255      211                                   
1893 6 5 100 3742  -911           Massilia         46      10220      222                                   
1893 6 51200 3623  -657           Massilia         67      10207      233                                   
1893 6 6   0 3559  -634           Massilia         67      10234      228                                   
1893 6 61200 3608  -207           Massilia         67      10199      261                                   
1893 6 7   0 3638   -38           Massilia         67      10185      228                                   
1893 6 71200 3706   329           Massilia         46      10188      250                                   
1893 6 8   0 3711   635           Massilia         26      10184      233                                   
1893 6 81100 3721   938           Massilia         26      10199      206                                   
1893 6 82300 3641  1238           Massilia         26      10193      178                                   
1893 6 91100 3638  1377           Massilia                                                                  
1893 6 92300 3636  1517           Massilia          0      10177      256                                   
1893 6101100 3804  1655           Massilia         10      10174      239                                   
1893 6102300 4039  1757           Massilia         10      10149      239                                   
1893 6111100 4039  1758           Massilia         46      10133      317                                   
1893 6112300 3823  2002           Massilia         10      10135      233                                   
1893 6121100 3823  2002           Massilia         10      10123      244                                   
1893 6122200 3630  2500           Massilia         67      10133      233                                   
1893 6131000 3437  2500           Massilia         26      10124      239                                   
1893 6132200 3320  2777           Massilia         26      10133      239                                   
1893 6141000 3204  3054           Massilia         46      10118      239                                   
1893 6151000 3087  3331           Massilia         46      10114      278                                   
1893 6152200 2823  3302           Massilia         67      10091      244                                   
1893 6161000 2612  3454           Massilia         67      10038      311                                   
1893 6162200 2368  3605           Massilia         46      10024      306                                   
1893 617 900 2125  3757           Massilia         93      10040      300                                   
1893 6172100 1881  3907           Massilia         46      10025      322                                   
1893 618 900 1638  4058           Massilia         46      10023      322                                   
1893 6182100 1432  4237           Massilia         26      10019      322                                   
1893 619 900 1227  4416           Massilia         46      10003      311                                   
1893 6191300 1247  4500           Massilia                                                                  
1895 916   0 4737  -610           Massilia         93      10138      189                                   
1895 9161200 4737  -610           Massilia         67      10130      172                                   
1895 917 100 4247  -910           Massilia         26      10134      211                                   
1895 9171300 4247  -930           Massilia         46      10134      194                                   
1895 918 100 3730  -909           Massilia         46      10091      228                                   
1895 9181300 3730  -909           Massilia         10      10110      233                                   
1895 919   0 3608  -423           Massilia         93      10104      250                                   
1895 9191200 3608  -423           Massilia         67      10135      239                                   
1895 920   0 3651   244           Massilia         26      10103      272                                   
1895 9201200 3651   244           Massilia         93      10107      267                                   
1895 9202300 3729   938           Massilia         46      10108      267                                   
1895 9211100 3729   938           Massilia         26      10109      261                                   
1895 9212300 3772  1185           Massilia          0      10134      294                                   
1895 9222300 3816  1432           Massilia         46      10157      250                                   
1895 9231100 3816  1709           Massilia         10      10162      283                                   
1895 9232300 3893  1823           Massilia         46      10158      250                                   
1895 9242300 3970  1938           Massilia         26      10141      267                                   
1895 9251100 3970  1938           Massilia         46      10142      300                                   
1895 9252200 3501  2404           Massilia         10      10132      256                                   
1895 9261000 3501  2404           Massilia         46      10124      311                                   
1895 9262200 3243  2956           Massilia          0      10116      256                                   
1895 9271000 3243  2956           Massilia         26      10128      250                                   
1895 9272200 3243  2956           Massilia         26      10119      256                                   
1895 928 200 3106  3218           Massilia          0      10091      372                                   
1895 928 600 2969  3218           Massilia          0      10095      372                                   
1895 9281000 2832  3218           Massilia         26      10089      372                                   
1895 9281400 2695  3218           Massilia         26      10071      344                                   
1895 9281800 2558  3218           Massilia         46      10070      300                                   
1895 9282200 2421  3218           Massilia         46      10074      311                                   
1895 929 200 2284  3218           Massilia         46      10069      261                                   
1895 929 600 2147  3218           Massilia         46      10066      278                                   
