1892 7 31100-2925  1140           May             123                                                       
1892 7 41100-3234  1490           May              26                                                       
1892 7 51100-3380  1820           May                                                                       
1892 7 61000-3527  2322           May              26                                                       
1892 7 71000-3673  2910           May              26                                                       
1892 7 9 900-3852  4030           May              93                                                       
1892 710 900-3930  4618           May              93                                                       
1892 711 900-3912  5152           May             190                                                       
1892 713 800-3922  6248           May             123                                                       
1892 715 700-3919  7410           May              67                                                       
1892 716 700-3918  7951           May              67                                                       
1892 717 600-3918  8540           May              93                                                       
1892 719 600-3934  9720           May                                                                       
1892 720 500-3931 10235           May                                                                       
1892 721 500-3933 10814           May              67                                                       
1892 722 400-3943 11410           May              26                                                       
1892 723 400-3940 11931           May              10                                                       
1892 724 400-3936 12580           May              10                                                       
1892 725 300-3933 13024           May              67                                                       
1892 727 300-3912 14119           May              67                                                       
1892 8 3 200-3854 14748           May              93                                                       
1892 8 4 200-3443 15110           May             154                                                       
1892 811 200-3440 15520           May              93      10180      161                                   
1892 812 100-3620 16000           May              10      10159      156                                   
1892 814 100-3937 17011           May              67      10168      139                                   
1892 8152300-3831-16247           May              10      10289      139                                   
1892 8162300-3931-16666           May              93      10128      139                                   
1892 8172300-4032-17085           May             123      10091      161                                   
1892 819   0-4132-17504           May              67      10162      144                                   
1892 820   0-4233-17923           May             268      10243      111                                   
1892 820   0-4333 17658           May             190      10371      122                                   
1892 821 100-4434 17239           May              10      10380      111                                   
1892 822 100-4534 16820           May              26      10255      117                                   
1892 823 100-4635 16820           May              67      10303      139                                   
1892 824 100-4578 16820           May              67      10200      144                                   
1892 825 100-4522 16820           May              26       9980      144                                   
1892 826 100-4465 16820           May              26       9944      156                                   
1892 827 100-4408 16820           May              10      10033      128                                   
1892 828 100-4352 16820           May             123       9932      122                                   
1892 829 100-4295 16920           May              67       9884      161                                   
1892 830 100-4238 17020           May             123      10023      178                                   
1892 831 100-4182 17120           May              67      10296      156                                   
1892 9 1 100-4125 17220           May              26      10087      150                                   
1892 9 2   0-4068 17320           May             154      10096      133                                   
1892 9 3   0-4012 17420           May              10                 133                                   
1892 9 4   0-3955 17520           May              10                                                       
1892 9 5   0-3955 17539           May                                                                       
1892 9 6   0-3956 17559           May              10      10291      133                                   
1892 9 7   0-3955 17578           May              26      10228      144                                   
1892 9 8   0-3954 17598           May              67      10291      172                                   
1892 9 9   0-3954 17617           May                       9887      167                                   
1892 910   0-3953 17637           May                      10022      167                                   
1892 911   0-3952 17656           May              93      10100      144                                   
1892 912   0-3951 17676           May             123      10127      144                                   
1892 913   0-3951 17695           May              26      10195      144                                   
1892 914   0-3950 17715           May               0      10278      150                                   
1892 915   0-3949 17734           May              10      10343      167                                   
1892 916   0-3948 17754           May                      10343      167                                   
1894 1 32100-1030 16600           May                      10090      289                                   
1894 1 4 100-1030 16600           May                      10087      289                                   
1894 1 41700-1030 16600           May                                                                       
1894 1 5 100-1030 16600           May                                                                       
1894 1 6 500-1030 16600           May                                                                       
1894 1 61700-1030 16600           May                      10085      278                                   
1894 1 8 100-1030 16600           May                                                                       
1894 1 8 900-1030 16600           May                                                                       
1894 1201700-1211 16410           May                      10088      267                                   
1894 1202100-1205 16411           May              10      10096      278                                   
1894 121 100-1198 16412           May              10      10091      289                                   
1894 121 500-1192 16414           May              10      10089      278                                   
1894 121 900-1185 16415           May                      10090      272                                   
1894 1211300-1179 16416           May                      10084      267                                   
1894 1211700-1172 16418           May                      10084      267                                   
1894 1212100-1166 16419           May                      10089      278                                   
1894 122 100-1159 16421           May                      10088      267                                   
1894 122 500-1153 16422           May                      10077      267                                   
1894 122 900-1149 16441           May                      10088      267                                   
1894 1221300-1145 16459           May              26      10087      267                                   
1894 1221700-1141 16478           May              26      10050      267                                   
1894 1222100-1137 16496           May              46      10086      278                                   
1894 123 100-1133 16515           May              26      10080      289                                   
1894 123 500-1132 16517           May                      10070      289                                   
1894 123 900-1132 16519           May              10      10078      283                                   
1894 1231300-1131 16520           May              10      10076      272                                   
1894 1231700-1131 16522           May              10      10071      267                                   
1894 1232100-1130 16524           May              10      10079      278                                   
1894 124 100-1130 16526           May                      10081      267                                   
1894 124 500-1125 16539           May              26      10074      267                                   
1894 124 900-1121 16553           May                      10085      261                                   
1894 1241300-1116 16566           May                      10082      261                                   
1894 1241700-1111 16580           May              10      10071      261                                   
1894 1242100-1107 16593           May              10      10079      278                                   
1894 125 100-1102 16607           May                      10078      283                                   
1894 125 500-1097 16620           May                      10068      283                                   
1894 125 900-1093 16634           May                      10049      278                                   
1894 1251300-1088 16647           May                      10084      267                                   
1894 2 1 100-1120 16322           May              10                                                       
1894 2 41700-1197 16137           May              46      10070      272                                   
1894 2 42100-1230 16125           May              46      10078      283                                   
1894 2 5 100-1262 16112           May              26                                                       
1894 2 5 500-1294 16099           May                      10063      294                                   
1894 2 5 900-1327 16087           May              10      10075      283                                   
1894 2 51300-1359 16074           May                                                                       
1894 2 51700-1391 16061           May              26      10073      278                                   
1894 2 52100-1424 16049           May              67      10083      278                                   
1894 2 6 100-1456 16036           May                      10078      289                                   
1894 2 6 500-1488 16032           May                      10072      289                                   
1894 2 6 900-1521 16028           May              10      10087      278                                   
1894 2 61300-1553 16024           May                                                                       
1894 2 61700-1585 16020           May              46      10078      272                                   
1894 2 62100-1618 16016           May              46      10087      283                                   
1894 2 7 100-1650 16012           May                      10088      278                                   
1894 2 7 500-1650 15999           May                                 283                                   
1894 2 7 900-1651 15985           May              26      10088      278                                   
1894 2 71300-1651 15971           May              46                                                       
1894 2 71700-1652 15958           May              26      10079      272                                   
1894 2 72100-1652 15944           May                      10086      289                                   
1894 2 8 100-1653 15931           May              10      10081      300                                   
1894 2 8 500-1653 15917           May              10                                                       
1894 2 8 900-1654 15904           May              26      10084      283                                   
1894 2 81300-1655 15890           May                                                                       
1894 2 81700-1655 15877           May              26      10074      278                                   
1894 2 82100-1655 15863           May              26      10083      289                                   
1894 2 9 100-1656 15850           May              26      10083      289                                   
1894 2 91300-1747 15875           May                      10090      267                                   
1894 2 91700-1813 15800           May              46      10080      272                                   
1894 2 92200-1878 15724           May              67      10088      283                                   
1894 210 200-1944 15649           May              67      10089      283                                   
1894 210 600-2010 15574           May              67      10083      278                                   
1894 2101400-2075 15498           May              67      10092      267                                   
1894 211 200-2141 15423           May              67      10094      278                                   
1894 211 600-2152 15422           May              93      10088      272                                   
1894 2111400-2162 15421           May             154      10086      267                                   
1894 2111800-2173 15420           May              67      10089      267                                   
1894 2112200-2184 15419           May              67      10099      272                                   
1894 212 200-2195 15418           May              67      10091      278                                   
1894 212 600-2205 15416           May              93      10088      278                                   
1894 2121000-2216 15415           May                      10092      272                                   
1894 2121400-2227 15414           May             226      10067      261                                   
1894 2121800-2238 15413           May             154                 267                                   
1894 2122200-2248 15412           May             154      10089      272                                   
1894 213 200-2259 15411           May             154      10082      272                                   
1894 213 600-2255 15410           May                      10071      278                                   
1894 2131000-2251 15409           May             190                                                       
1894 2131400-2247 15408           May             226      10074      261                                   
1894 2131800-2244 15407           May             226      10064      261                                   
1894 2132200-2240 15406           May             226      10075      256                                   
1894 214 200-2236 15404           May             154      10073      267                                   
1894 214 600-2232 15403           May             154      10067      261                                   
1894 2141000-2228 15402           May             190      10078      256                                   
1894 2141300-2262 16358           May             190      10065      256                                   
1894 2141700-2245 16332           May             154      10068      256                                   
1894 2142100-2229 16306           May             190      10081      256                                   
1894 215 100-2212 16280           May             154      10073      267                                   
1894 215 500-2195 16254           May             190      10064      256                                   
1894 215 900-2179 16228           May             190      10071      256                                   
1894 2151300-2162 16202           May             268                                                       
1894 2151700-2145 16176           May             190                 256                                   
1894 2152100-2129 16150           May             226      10050      261                                   
1894 216 100-2112 16124           May             226      10035      267                                   
1894 216 500-2080 16098           May             226                 267                                   
1894 216 900-2049 16072           May             226                 244                                   
1894 2161300-2017 16046           May             190                                                       
1894 2161700-1986 16020           May             268       9985      261                                   
1894 2162100-1955 15994           May             268       9995      261                                   
1894 217 100-1923 15968           May             268       9997      267                                   
1894 217 500-1928 15942           May             226      10000      267                                   
1894 217 900-1933 15916           May             226                 267                                   
1894 2171300-1939 15890           May              46      10080      256                                   
1894 2171700-1944 15864           May             154      10036      256                                   
1894 2172100-1949 15838           May             154      10061      267                                   
1894 218 100-1954 15812           May             123      10064      267                                   
1894 218 500-1959 15786           May              93      10061      267                                   
1894 218 900-1964 15760           May              67      10075      267                                   
1894 2181400-1969 15734           May              26      10107      256                                   
1894 2181800-1975 15708           May              26      10080      256                                   
1894 2182200-1980 15682           May              26      10092      261                                   
1894 219 200-1985 15656           May              46      10085      267                                   
1894 219 600-1990 15630           May              26                 272                                   
1894 2191000-1995 15604           May              26      10102      267                                   
1894 2191400-2066 15684           May              26      10127      261                                   
1894 2191800-2088 15667           May                      10104      256                                   
1894 2192200-2109 15650           May                      10110      261                                   
1894 220 200-2130 15633           May              10      10111      278                                   
1894 220 600-2151 15616           May              10      10108      278                                   
1894 2201000-2172 15599           May              26      10123      267                                   
1894 2201400-2193 15582           May              26      10124      261                                   
1894 2201800-2215 15565           May              26      10117      261                                   
1894 2202200-2236 15548           May              26      10127      267                                   
1894 221 200-2257 15531           May              26      10126      272                                   
1894 221 600-2269 15514           May                      10118      278                                   
1894 2211000-2282 15497           May              26      10127      267                                   
1894 2211400-2294 15480           May             123      10117      267                                   
1894 2211800-2307 15463           May              46      10121      261                                   
1894 2212200-2319 15446           May              46      10125      278                                   
1894 222 200-2332 15429           May              46      10119      278                                   
1894 222 600-2344 15412           May              67      10112      278                                   
1894 2221000-2357 15395           May              93      10117      272                                   
1894 2221800-2369 15378           May              67      10111      267                                   
1894 2222200-2382 15361           May              46      10117      272                                   
1894 223 200-2394 15344           May              46      10116      278                                   
1894 5 21300-2612 16932           May              67      10117      239                                   
1894 5 3 100-2612 16932           May              26      10123      244                                   
1894 5 3 500-2612 16932           May              26      10116      244                                   
1894 5 3 900-2612 16932           May              46      10120      239                                   
1894 5 31300-2612 17029           May              46      10110      239                                   
1894 5 31700-2612 16932           May              93      10101      233                                   
1894 5 32100-2612 16932           May              93      10097      239                                   
1894 5 4 100-2642 17029           May              93      10089      244                                   
1894 5 4 500-2642 17029           May              46      10083      244                                   
1894 5 4 900-2642 17029           May              26      10100      244                                   
1894 5 41300-2513 17111           May              93      10120      239                                   
1894 5 41700-2513 17111           May              67      10113      239                                   
1894 5 42100-2513 17111           May              67      10122      244                                   
1894 5 5 100-2513 17111           May              93      10116      239                                   
1894 5 5 500-2513 17111           May              93      10119      244                                   
1894 5 5 900-2513 17111           May              93      10126      239                                   
1894 5 51300-2209 17111           May              93      10108      233                                   
1894 5 51700-2513 17111           May              93      10114      233                                   
1894 5 52100-2513 17111           May              67      10122      244                                   
1894 5 6 100-2209 17130           May              67      10110      244                                   
1894 5 6 500-2209 17130           May              46      10103      244                                   
1894 5 6 900-2209 17130           May              26      10114      239                                   
1894 5 61300-2119 17141           May              46      10082      250                                   
1894 5 61700-2209 17141           May                                                                       
1894 5 62100-2209 17141           May              26      10103      244                                   
1894 5 7 100-2119 17141           May              46      10087      261                                   
1894 5 7 500-2119 17141           May              46      10079      267                                   
1894 5 7 900-2119 17141           May              46      10087      261                                   
1894 5 71300-2119 17141           May                                 250                                   
1894 5 71700-2119 17141           May              46      10078      250                                   
1894 5 72100-2119 17141           May              93      10077      256                                   
1894 5 8 100-2006 17145           May             123      10088      250                                   
1894 5151200 2113 17520           May             123      10127      261                                   
1894 516 800-2113 17520           May             123      10128      256                                   
1894 710 100-1030 16300           May                      10099      294                                   
1894 8 91700-1405 16020           May             154                 239                                   
1894 8 92100-1422 15997           May             154      10118      250                                   
1894 810 100-1439 15973           May             123                                                       
1894 810 500-1456 15949           May                      10107      256                                   
1894 810 900-1473 15926           May                      10118      250                                   
1894 8101300-1489 15902           May              67      10119      244                                   
1894 8102100-1506 15879           May                                                                       
1894 811 100-1523 15855           May              67                 256                                   
1894 811 500-1545 15831           May                      10115      250                                   
1894 8111300-1567 15808           May              67      10127      239                                   
1894 8111700-1589 15784           May              67      10117      239                                   
1894 8112100-1612 15761           May                                 244                                   
1894 812 200-1634 15737           May              46      10122      256                                   
1894 812 600-1656 15737           May                      10117      244                                   
1894 8121400-1700 15713           May                      10125      239                                   
1894 8121800-1743 15689           May              67      10122      239                                   
1894 8122200-1787 15665           May                      10134      244                                   
1894 813 200-1831 15641           May                      10130      250                                   
1894 813 600-1861 15622           May              67      10122      239                                   
1894 8131000-1891 15603           May                      10133      239                                   
1894 8131400-1921 15584           May                      10137      233                                   
1894 8131800-1951 15565           May              67      10130      233                                   
1894 8132200-1981 15546           May                      10140      239                                   
1894 814 200-2011 15527           May              46      10136      244                                   
1894 814 600-2041 15508           May                      10133      239                                   
1894 8141400-2153 15486           May             123      10143      206                                   
1894 8141400-2071 15489           May                      10139      228                                   
1894 8141800-2181 15469           May              67      10133      228                                   
1894 8142200-2209 15452           May              67      10143      228                                   
1894 815 200-2237 15435           May                                                                       
1894 815 600-2265 15418           May              67      10135      217                                   
1894 8151000-2293 15401           May                      10143      211                                   
1894 8151400-2321 15384           May              93                                                       
1894 8151800-2349 15367           May             123      10138      200                                   
1894 8152200-2377 15350           May                      10154      211                                   
1894 816 200-2405 15333           May              93      10154      211                                   
1894 816 600-2433 15316           May              93                                                       
1894 8161000-2461 15299           May              93                                                       
1894 8161400-2489 15282           May              67                 189                                   
1894 8161800-2517 15265           May              93      10161      194                                   
1894 8162200-2545 15248           May              93      10173      206                                   
1894 817 200-2573 15231           May                      10169      211                                   
1894 817 600-2601 15214           May                      10162      211                                   
1894 8171000-2629 15197           May              67      10174      200                                   
1894 8171400-2657 15180           May                      10182      194                                   
1894 8171800-2685 15163           May                      10176      189                                   
1894 8172200-2713 15146           May                      10180      211                                   
1894 818 200-2741 15129           May                      10180      211                                   
1894 818 600-2769 15112           May                      10174      206                                   
1894 8181000-2797 15095           May                      10182      200                                   
1894 8181800-2825 15078           May                      10180      194                                   
1894 8182200-2853 15061           May                      10189      200                                   
1894 819 200-2881 15044           May              67      10182      206                                   
1895 9 31300-1131 16212           May              26                                                       
1895 9 31700-1131 16212           May                                                                       
1895 9 32100-1131 16212           May                                                                       
1895 9 4 100-1131 16212           May              46                                                       
1895 9 4 500-1170 16212           May              46                                                       
1895 9 4 900-1209 16212           May              46                                                       
1895 9 41300-1249 16226           May              26                                                       
1895 9 41700-1288 16239           May              46                                                       
1895 9 42100-1327 16253           May              46                                                       
1895 9 5 100-1327 16253           May              26                                                       
1895 9 5 500-1364 16244           May              26                                                       
1895 9 5 900-1401 16234           May              26                                                       
1895 9 51300-1439 16225           May              26                                                       
1895 9 51700-1476 16215           May              26                                                       
1895 9 52100-1513 16206           May              26                                                       
1895 9 6 100-1513 16206           May              26                                                       
1895 9 6 500-1513 16206           May              26                                                       
1895 9 6 900-1540 16179           May              10                                                       
1895 9 61300-1567 16153           May              10                                                       
1895 9 61400-1841 15579           May                                                                       
1895 9 61700-1594 16126           May              10                                                       
1895 9 62100-1621 16100           May              26                                                       
1895 9 7 100-1648 16073           May              26                                                       
1895 9 7 500-1676 16047           May              67                                                       
1895 9 7 900-1703 16020           May              67                                                       
1895 9 71300-1730 15994           May              67                                                       
1895 9 71700-1757 15967           May              93                                                       
1895 9 72100-1784 15941           May              93                                                       
1895 9 8 100-1811 15914           May              67                                                       
1895 9 8 500-1823 15887           May              67                                                       
1895 9 8 900-1834 15861           May              67                                                       
1895 9 81300-1846 15834           May              10                                                       
1895 9 81400-1840 15547           May                                                                       
1895 9 81700-1846 15834           May              10                                                       
1895 9 9 100-1846 15834           May              10                                                       
1895 9 9 500-1845 15802           May              10                                                       
1895 9 9 900-1845 15770           May              26                                                       
1895 9 91400-1844 15738           May              46                                                       
1895 9 91800-1843 15707           May              46                                                       
1895 9 92200-1843 15675           May              46                                                       
1895 910 200-1842 15643           May              46                                                       
1895 910 600-1841 15611           May              46                                                       
