1894 2141600 -757 11602           Merkara          10      10151      283                                   
1894 2142000 -758 11682           Merkara                  10171      283                                   
1894 215   0 -758 11762           Merkara                  10173      272                                   
1894 215 400 -758 11842           Merkara                  10161      283                                   
1894 215 800 -758 11922           Merkara                  10134      283                                   
1894 2151200 -758 12002           Merkara          10      10156      294                                   
1894 2151600 -758 12082           Merkara          46      10136      289                                   
1894 2152000 -759 12162           Merkara          10      10151      283                                   
1894 216   0 -759 12242           Merkara          46      10159      272                                   
1894 216 400 -759 12322           Merkara          26      10153      289                                   
1894 216 800 -759 12402           Merkara                  10118      278                                   
1894 2161200 -759 12482           Merkara          46      10138      278                                   
1894 5 1 600 3119  3215           Merkara                  10179      233                                   
1894 5 11000 3156  3136           Merkara                  10186      217                                   
1894 5 11400 3193  3057           Merkara                  10196      194                                   
1894 5 11800 3230  2978           Merkara                  10213      200                                   
1894 5 2 200 3267  2898           Merkara                  10218      211                                   
1894 5 2 600 3304  2819           Merkara          67      10215      189                                   
1894 5 21000 3341  2740           Merkara          67      10214      200                                   
1894 5 21400 3378  2661           Merkara                  10199      189                                   
1894 5 21800 3415  2582           Merkara                  10206      189                                   
1894 5 22200 3452  2502           Merkara          93      10212      178                                   
1895 1151000 3158  3110           Merkara          26      10254      189                                   
