1893 6 32200 2413-15435           Miowera                  10179      244                                   
1893 6162000 4716-12632           Miowera                             133                                   
1893 617 800 5578-11700           Miowera                                                                   
1893 6172100 3848-13726           Miowera                  10309      200                                   
1893 6212300 2118-15752           Miowera                  10224      283                                   
1893 6291300-1034 17080           Miowera                                                                   
1893 630 100-1034 17008           Miowera                  10065      281                                   
1893 820 900 3734-13911           Miowera         154      10148      233                                   
1893 8201300 3731-13911           Miowera          67      10159      222                                   
1893 8201700 3727-13911           Miowera          93      10163      222                                   
1893 8202100 3741-13911           Miowera                                                                   
1893 8202100 3724-13911           Miowera         123      10161      233                                   
1893 821 100 3734-13911           Miowera         123      10378      244                                   
1893 821 500 3737-13911           Miowera                                                                   
1893 821 500 3734-13911           Miowera         123      10148      233                                   
1893 821 900 3342-14051           Miowera          67      10189      244                                   
1893 8211300 3342-14190           Miowera         190      10147      233                                   
1893 8211800 3342-14330           Miowera         123      10167      239                                   
1893 8212200 3342-14470           Miowera         123      10177      256                                   
1893 822 200 3342-14470           Miowera         123      10177      261                                   
1893 822 600 3342-14470           Miowera          93      10180      239                                   
1893 8221000 2953-14822           Miowera          46      10195      250                                   
1893 8221400 3342-14470           Miowera          26      10191      256                                   
1893 8221800 3342-14470           Miowera          26      10201      256                                   
1893 8222200 2953-14822           Miowera          46      10207      261                                   
1893 823 200 2953-14822           Miowera           0      10200      261                                   
1893 823 600 2953-14822           Miowera           0      10201      256                                   
1893 8231000 2551-15247           Miowera          46      10171      256                                   
1893 8231400 2953-14822           Miowera          26      10187      261                                   
1893 8231800 2953-14822           Miowera          26      10194      256                                   
1893 8232200 2507-15247           Miowera          46      10189      267                                   
1893 824 200 2551-15247           Miowera          26      10174      278                                   
1893 824 600 2551-15247           Miowera          26      10174      278                                   
1893 8241000 2452-15247           Miowera          46      10148      267                                   
1893 8241400 2352-15247           Miowera          26      10154      272                                   
1893 8241800 2253-15247           Miowera          67      10156      256                                   
1893 8242200 2154-15720           Miowera          67      10156      289                                   
1893 825 200 2154-15720           Miowera          46      10139      289                                   
1893 825 600 2154-15720           Miowera          46      10137      283                                   
1893 9 41300-2122 16269           Miowera          46      10107      239                                   
1893 9 41700-2122 16189           Miowera          26      10076      267                                   
1893 9 42100-2122 16108           Miowera          26      10104      239                                   
1893 9 5 100-2122 16028           Miowera           0      10231      244                                   
1893 9 5 500-2122 15947           Miowera           0      10089      244                                   
1893 9 5 900-2122 15867           Miowera           0      10103      244                                   
1893 9 51300-2219 15786           Miowera          46      10108      239                                   
1893 9 51800-2316 15706           Miowera          26      10103      250                                   
1893 9 52200-2414 15625           Miowera           0      10121      228                                   
1893 9 6 200-2511 15545           Miowera          46      10368      244                                   
1893 9 6 600-2608 15545           Miowera          46      10100      239                                   
1893 9 61000-2705 15545           Miowera          26      10104      222                                   
1893 9 61400-2803 15545           Miowera          67      10111      222                                   
