1893 6 4 700 1600  7300           Mombasa          10      10059      289                                   
1893 6 5 700 1200  7500           Mombasa          26      10048      283                                   
1893 6 6 700  957  7615           Mombasa          10      10036      289                                   
1893 6 7 700  957  7615           Mombasa          93      10033      267                                   
1893 6 8 700  730  7730           Mombasa         123      10042      272                                   
1893 6 9 700  600  8100           Mombasa          67      10057      278                                   
1893 610 600  900  8300           Mombasa          67      10052      294                                   
1893 611 600 1100  8500           Mombasa          67       9996      289                                   
1893 612 600 1400  8600           Mombasa          93      10000      272                                   
1893 613 600 1700  8700           Mombasa          93      10009      289                                   
1893 614 600 2100  8800           Mombasa          93      10013      300                                   
1893 615 600 2234  8820           Mombasa          93      10035      294                                   
1893 616 600 2234  8820           Mombasa          67      10002      289                                   
1893 617 600 2234  8820           Mombasa          26       9963      283                                   
1893 618 600 2234  8820           Mombasa          26      10015      289                                   
1893 619 600 2234  8820           Mombasa          26      10009      289                                   
1893 620 600 2234  8820           Mombasa          10       9979      267                                   
1893 621 600 2234  8820           Mombasa          26       9964      272                                   
1893 622 600 2234  8820           Mombasa          26       9947      278                                   
1893 623 600 2234  8820           Mombasa          26       9943      278                                   
1893 624 600 2234  8820           Mombasa          46       9937      278                                   
1893 625 600 2234  8820           Mombasa          67       9932      283                                   
1893 626 600 2234  8820           Mombasa          46       9922      261                                   
1893 627 600 2234  8820           Mombasa          46       9959      267                                   
1893 628 600 2234  8820           Mombasa          46       9990      278                                   
1893 629 600 2234  8820           Mombasa          46      10022      289                                   
1893 630 600 2234  8820           Mombasa          26      10017      278                                   
1893 7 1 600 2234  8820           Mombasa          46      10011      278                                   
1893 7 2 600 2234  8820           Mombasa          67      10002      289                                   
1893 7 3 600 2234  8820           Mombasa          67      10005      272                                   
1893 8 3 300-2600 12900           Mombasa          46      10126      144                                   
1893 8 4 300-2900 13200           Mombasa          93      10154      128                                   
1893 8 5 300-3200 13500           Mombasa          67      10157      128                                   
1893 8 6 300-3500 13800           Mombasa          93      10251      128                                   
1893 8 7 300-3800 14100           Mombasa          93      10229      150                                   
1893 8 8 300-3817 14200           Mombasa          67      10220      144                                   
1893 8 9 200-3833 14300           Mombasa          46      10260      150                                   
1893 810 200-3850 14400           Mombasa          67      10286      117                                   
1893 811 200-3867 14500           Mombasa          67      10303      100                                   
1893 812 200-3883 14600           Mombasa          46      10308      106                                   
1893 813 200-3900 14700           Mombasa          67      10253      156                                   
1893 814 200-3700 15000           Mombasa          26      10236      183                                   
1893 815 200-3400 15100           Mombasa          26      10131      194                                   
