1893 129   0-3339 17725           Monorrai        123      10143      222                                   
1893 2 21100-1664-17177           Monorrai         93      10081      278                                   
1893 2 21500-1573-17150           Monorrai         67      10071      278                                   
1893 2 21900-1481-17123           Monorrai         67      10070      278                                   
1893 2 22300-1390-17095           Monorrai         93                                                       
1893 2 3 300-1298-17068           Monorrai         93      10064      289                                   
1893 2 3 700-1207-17040           Monorrai         93      10069      278                                   
1893 2 31100-1115-17013           Monorrai         93      10067      267                                   
1893 2 31500-1024-16986           Monorrai         93                                                       
1893 2 31900 -932-16958           Monorrai         93      10072      278                                   
1893 2 32300 -841-16931           Monorrai         93      10071      278                                   
1893 2 4 300 -762-16904           Monorrai         93      10046      289                                   
1893 2 4 700 -684-16876           Monorrai         93      10068      272                                   
1893 2 41100 -605-16849           Monorrai         93      10047      256                                   
1893 2 41500 -526-16822           Monorrai         93      10066      267                                   
1893 2 42300 -447-16794           Monorrai         93                                                       
1893 2 5 300 -369-16767           Monorrai         93                                                       
1893 2 5 700 -290-16739           Monorrai         93      10046      261                                   
1893 2 51100 -211-16712           Monorrai         67      10076      244                                   
1893 2 51500 -132-16685           Monorrai         67      10047      256                                   
1893 2 51900  -54-16657           Monorrai         67      10053      261                                   
1893 2 52300   25-16630           Monorrai         67      10054      272                                   
1893 2 6 300  108-16610           Monorrai         67      10059      267                                   
1893 2 6 700  191-16590           Monorrai         67      10071      250                                   
1893 2 61100  274-16570           Monorrai         67      10092      267                                   
1893 2 61500  357-16550           Monorrai         67      10076      244                                   
1893 2 61900  440-16530           Monorrai         67      10074      256                                   
1893 2 62300  523-16510           Monorrai         93      10097      278                                   
1893 2 7 300  606-16490           Monorrai         93      10067      278                                   
1893 2 71100 1442-16040           Monorrai                            256                                   
1893 2 71500 1442-16040           Monorrai         67                 261                                   
1893 2 71900 1442-16040           Monorrai         26      10089      267                                   
1893 2 72300 1442-16040           Monorrai         26      10089      267                                   
1893 2 8 300 1442-16040           Monorrai         26                                                       
1893 2 8 700 1442-16040           Monorrai         26      10090      261                                   
1893 2 81100 1442-16040           Monorrai         93                 239                                   
1893 2 81500 1442-16040           Monorrai         26                 250                                   
1893 2 81900 1442-16040           Monorrai         67                 250                                   
1893 2 82300 1442-16040           Monorrai         67                 261                                   
1893 2 9 300 1442-16040           Monorrai         93                 256                                   
1893 2 9 700 1442-16040           Monorrai         93      10092      244                                   
1893 2 91500 1442-16040           Monorrai         93                 244                                   
1893 2 91900 1442-16040           Monorrai        123                 239                                   
1893 2 92300 1442-16040           Monorrai         93                 250                                   
1893 210 300 1442-16040           Monorrai         67                 239                                   
1893 824 200 2336 15345           Monorrai         67      10170      256                                   
1893 8252300 2130-15781           Monorrai                                                                  
1893 826 300 2050-15810           Monorrai         67      10144      256                                   
1893 826 700 1971-15839           Monorrai         26      10146      244                                   
1893 8261100 1891-15868           Monorrai         67      10120      256                                   
1893 8261500 1812-15897           Monorrai         46      10127      250                                   
1893 8261900 1732-15926           Monorrai         46      10126      250                                   
1893 8262300 1653-15955           Monorrai         46      10124      261                                   
1893 827 300 1653-16022           Monorrai         67      10107      261                                   
1893 827 700 1399-16088           Monorrai         67      10117      256                                   
1893 8271100 1145-16155           Monorrai         93      10094      250                                   
1893 8271500 1145-16155           Monorrai         67      10096      256                                   
1893 8271900 1145-16155           Monorrai         67      10105      261                                   
1893 8272300 1145-16155           Monorrai         67      10103      272                                   
1893 828 300 1145-16155           Monorrai         93      10084      244                                   
1893 828 700 1145-16155           Monorrai         93      10092      261                                   
1893 8281100  643-16330           Monorrai         67      10100      267                                   
1893 8281500  643-16330           Monorrai         67      10087      261                                   
1893 8281900  643-16330           Monorrai         93      10094      261                                   
1893 8282300  643-16330           Monorrai         93      10090      283                                   
1893 829 300  643-16330           Monorrai         67      10078      272                                   
1893 829 700  643-16330           Monorrai         67      10087      261                                   
1893 8291100  643-16330           Monorrai         67      10100      267                                   
189312241400-3347 15324           Monorrai         67                 233                                   
18931225 600-3348 15407           Monorrai         67       9990      228                                   
189312251000-3349 15490           Monorrai         67       9998      239                                   
189312251400-3349 15573           Monorrai         46                 228                                   
189312251800-3350 15656           Monorrai         67       9964      244                                   
189312252200-3351 15739           Monorrai         93       9962      256                                   
18931226 100-3352 15822           Monorrai         46       9964      283                                   
18931226 500-3353 15905           Monorrai         46       9944      261                                   
18931226 900-3354 15988           Monorrai         46       9949      233                                   
189312261300-3354 16071           Monorrai        154                 194                                   
189312261700-3355 16154           Monorrai         67       9934      222                                   
189312262100-3356 16237           Monorrai         46       9946      211                                   
18931227 100-3357 16320           Monorrai         46       9970      228                                   
18931227 500-3366 16403           Monorrai        123       9970      206                                   
18931227 900-3375 16486           Monorrai        123      10013      189                                   
189312271300-3383 16569           Monorrai         93                 206                                   
189312271700-3392 16652           Monorrai        154      10001      206                                   
189312272100-3401 16735           Monorrai        154      10016      194                                   
18931228 100-3410 16818           Monorrai        154      10029      200                                   
18931228 500-3415 16903           Monorrai         93      10027      211                                   
18931228 900-3420 16989           Monorrai         93      10029      200                                   
189312281300-3424 17074           Monorrai         93                 194                                   
189312281700-3429 17159           Monorrai         67      10055      206                                   
189312282100-3434 17245           Monorrai         67      10063      200                                   
18931229   0-3439 17330           Monorrai         67      10084      217                                   
18931229 400-3439 17330           Monorrai         93      10086      200                                   
18931229 800-3439 17330           Monorrai         93      10108      189                                   
189312291600-3439 17330           Monorrai         93      10137      200                                   
