1893 1231000-3270 15139           Mouonai         123      10161      211                                   
1893 1231400-3291 15238           Mouonai         123      10211      211                                   
1893 1231800-3312 15337           Mouonai         123      10212      211                                   
1893 1232200-3333 15435           Mouonai         123      10241      200                                   
1893 124 200-3354 15534           Mouonai         123      10247      200                                   
1893 124 600-3375 15633           Mouonai         123      10245      217                                   
1893 1241000-3396 15731           Mouonai         154      10247      206                                   
1893 1241300-3417 15830           Mouonai                                                                   
1893 1241700-3438 15929           Mouonai         190      10231      200                                   
1893 1242100-3459 16027           Mouonai         190      10248      200                                   
1893 125 100-3480 16126           Mouonai         190      10257      211                                   
1893 125 500-3470 16224           Mouonai         190      10259      200                                   
1893 125 900-3460 16321           Mouonai         154      10248      200                                   
1893 1251300-3450 16418           Mouonai                                                                   
1893 1251700-3440 16516           Mouonai         154      10191      200                                   
1893 1252100-3430 16613           Mouonai         154      10214      200                                   
1893 126 100-3420 16711           Mouonai         154                 211                                   
1893 126 500-3410 16806           Mouonai         123      10180      206                                   
1893 126 900-3400 16901           Mouonai         123      10175      194                                   
1893 1261300-3390 16996           Mouonai          67                                                       
1893 1261700-3380 17090           Mouonai          93      10163      200                                   
1893 1262100-3370 17185           Mouonai          93      10172      206                                   
1893 127 400-3360 17280           Mouonai          67      10149      222                                   
1893 127 800-3350 17375           Mouonai          67      10149      222                                   
1893 1271200-3340 17470           Mouonai          67                                                       
1893 1271600-3330 17565           Mouonai          46      10163      200                                   
1893 1272000-3320 17660           Mouonai          46      10161      211                                   
1893 128 800-3310 17755           Mouonai          46      10170      200                                   
1893 8291100  386-16404           Mouonai          46      10095      250                                   
1893 8291500  306-16441           Mouonai          67      10090      261                                   
1893 8291900  226-16479           Mouonai          67      10085      267                                   
1893 8292300  146-16516           Mouonai          67      10085      267                                   
1893 830 300   66-16553           Mouonai          46      10076      261                                   
1893 830 700  -14-16591           Mouonai          46      10088      250                                   
1893 8301100  -94-16628           Mouonai          67      10085      267                                   
1893 8301500 -174-16665           Mouonai          67      10091      256                                   
1893 8301900 -254-16703           Mouonai          67      10093      261                                   
1893 8302300 -334-16740           Mouonai          67      10096      267                                   
1893 831 300 -420-16773           Mouonai          67      10086      267                                   
1893 831 700 -507-16807           Mouonai          67      10086      267                                   
1893 8311100 -593-16840           Mouonai          93      10086      267                                   
1893 8311500 -680-16873           Mouonai          67      10086      267                                   
1893 8311900 -766-16907           Mouonai          67      10096      267                                   
1893 8312300 -853-16940           Mouonai          67      10096      272                                   
1893 9 1 300 -853-16940           Mouonai          93      10076      272                                   
1893 9 1 700 -853-16940           Mouonai          93      10093      267                                   
1893 9 11100 -853-16940           Mouonai          93                                                       
1893 9 11500 -853-16940           Mouonai          93      10084      261                                   
1893 9 11900 -985-16999           Mouonai          93      10087      267                                   
1893 9 12300-1118-17057           Mouonai          93      10086      278                                   
1893 9 2 300-1250-17116           Mouonai          93      10088      267                                   
1893 9 2 700-1383-17175           Mouonai          93      10106      261                                   
1893 9 21100-1383-17175           Mouonai                                                                   
1893 9 21500-1383-17175           Mouonai          93      10107      256                                   
1893 9 21900-1383-17175           Mouonai          93      10139      267                                   
1893 9 3   0-1831-17251           Mouonai          67      10154      272                                   
1893 9 3 400-1831-17254           Mouonai          67      10119      256                                   
1893 9 3 800-1831-17257           Mouonai          67      10145      244                                   
189312 91200-3423 17329           Mouonai          93      10132      189                                   
189312 91600-3423 17329           Mouonai         123      10056      178                                   
189312 92000-3423 17329           Mouonai         123      10059      183                                   
18931210   0-3423 17329           Mouonai         123      10101      211                                   
18931210 400-3423 17329           Mouonai          93      10137      200                                   
18931210 800-3423 17329           Mouonai          93      10108      189                                   
189312101200-3423 17329           Mouonai          26      10182      194                                   
189312101700-3423 17093           Mouonai          67      10159      189                                   
189312102100-3423 16858           Mouonai          46      10181      200                                   
18931211 100-3460 16622           Mouonai          26      10206      211                                   
18931211 500-3460 16622           Mouonai          26      10214      206                                   
18931211 900-3460 16622           Mouonai          26      10198      200                                   
189312111300-3460 16622           Mouonai          93      10159      228                                   
189312111700-3460 16622           Mouonai          67      10215      200                                   
189312112100-3460 16622           Mouonai          67      10262      200                                   
18931212 100-3420 15954           Mouonai          67      10249      233                                   
18931212 500-3420 15954           Mouonai          93      10264      228                                   
18931212 900-3420 15954           Mouonai          93      10178      217                                   
189312121300-3420 15954           Mouonai          93      10159      228                                   
189312121700-3420 15954           Mouonai          26      10078      211                                   
189312122100-3420 15954           Mouonai          67      10161      217                                   
18931213 200-3357 15349           Mouonai          67      10110      217                                   
