189412152300-3728-15786           Narcissus       123      10176      161                                   
189412162200-3631-15411           Narcissus       154      10110      167                                   
189412172200-3681-15036           Narcissus       190      10115      161                                   
189412182200-3731-14748           Narcissus       154      10151      150                                   
1895 1141900-2220-10944           Narcissus        93      10220      250                                   
1895 1151900-1954-10943           Narcissus        93      10230      244                                   
1895 1161900-1806-10912           Narcissus       154      10187      256                                   
1895 1171900-1549-10858           Narcissus        93      10166      250                                   
1895 1181900-1351-10847           Narcissus        93      10186      244                                   
1895 1191900-1128-10819           Narcissus       123      10164      250                                   
1895 1201900 -913-10727           Narcissus       123      10129      253                                   
1895 1211900 -644-10623           Narcissus       123      10148      256                                   
1895 1221900 -444-10476           Narcissus       123      10156      250                                   
1895 1231900 -310-10329           Narcissus        93      10121      256                                   
1895 1241900 -149-10155           Narcissus        93      10127      261                                   
1895 1251900  -39-10170           Narcissus        46      10160      261                                   
1895 1261900   55-10140           Narcissus        26      10173      267                                   
1895 1271900  149-10053           Narcissus        46      10180      267                                   
1895 1281900  310-10100           Narcissus        46      10182      294                                   
1895 1291900  365-10110           Narcissus        46      10119      267                                   
1895 1301900  420-10121           Narcissus        26      10104      256                                   
1895 1311900  429-10147           Narcissus        26      10105      272                                   
1895 2 11900  630-10228           Narcissus        67      10114      278                                   
1895 2 21900  724-10324           Narcissus        67      10118      275                                   
1895 2 31900  841-10424           Narcissus        46      10118      278                                   
1895 2 41900 1030-10511           Narcissus        46      10125      283                                   
1895 2 51900 1144-10631           Narcissus        67      10128      283                                   
1895 2 61900 1225-10721           Narcissus        46      10126      278                                   
1895 2 71900 1259-10556           Narcissus        67      10257      261                                   
1895 2 81900 1244-10458           Narcissus        46      10121      272                                   
1895 2 91900 1400-10411           Narcissus                10133      283                                   
1895 2101900 1544-10353           Narcissus       123      10146      289                                   
1895 2111900 1640-10441           Narcissus        67      10151      283                                   
1895 2121900 1642-10350           Narcissus        93      10151      283                                   
1895 2131900 1659-10218           Narcissus        46      10142      278                                   
1895 2141900 1658-10058           Narcissus        46      10151      283                                   
1895 2151900 1658-10030           Narcissus        26      10144      261                                   
1895 2161900 1650 -9950           Narcissus        46                 294                                   
1895 6 12000 4597-12400           Narcissus        26      10171      161                                   
1895 6 22000 4610-12500           Narcissus        26      10224      169                                   
1895 6 32000 4623-12600           Narcissus        46      10240      150                                   
1895 6 42000 4529-12644           Narcissus        93      10233      128                                   
1895 6 52000 4310-12626           Narcissus       123      10292      128                                   
1895 6 62000 3934-12540           Narcissus       154      10214      189                                   
1895 6 72000 3734-12482           Narcissus                10220      164                                   
1895 6 82000 3534-12424           Narcissus        46      10128      156                                   
1895 6 92000 3453-12403           Narcissus        26      10127      157                                   
1895 6102000 3421-12349           Narcissus        26      10153      183                                   
1895 611 400 3350 12349           Narcissus        46      10165      167                                   
1895 6122000 3202-12333           Narcissus        46      10181      183                                   
1895 613 400 3025 12326           Narcissus        46      10179      189                                   
1895 6142000 2828-12401           Narcissus        93      10193      178                                   
1895 6152000 2557-12335           Narcissus       123      10176      183                                   
1895 6162000 2314-12256           Narcissus       154      10185      200                                   
1895 6172000 2056-12219           Narcissus       154      10178      217                                   
1895 6182000 1911-12132           Narcissus       123      10186      222                                   
1895 6192000-1715-12121           Narcissus        67      10145      239                                   
1895 6202000 1544-11950           Narcissus        93      10152      256                                   
1895 6212000 1334-11929           Narcissus       154      10137      278                                   
1895 6222000 1141-11852           Narcissus       123      10126      278                                   
1895 6232000 1022-11830           Narcissus        67      10125      283                                   
1895 6242000  950-11800           Narcissus        46      10117      289                                   
1895 6252000  826-11710           Narcissus       190      10118      261                                   
1895 6262000  659-11521           Narcissus       154      10388      272                                   
1895 6271900  621-11231           Narcissus                                                                 
1895 6282000  670-11324           Narcissus       123      10118      278                                   
1895 6292000  530-11490           Narcissus        93      10125      272                                   
1895 6302000  511-11530           Narcissus       123      10129      269                                   
1895 7 12000  420-11756           Narcissus       154      10130      261                                   
1895 7 22000  337-11948           Narcissus        93                 272                                   
1895 7 32000  258-12218           Narcissus       123      10119      267                                   
1895 7 42000  214-12452           Narcissus        93                 261                                   
1895 7 52000  100-12629           Narcissus                10127      258                                   
1895 7 62000  -13-12750           Narcissus                10134      256                                   
1895 7 72000 -127-12715           Narcissus                10129      267                                   
1895 7 82000 -450-12722           Narcissus       154                                                       
1895 7 92000 -636-12746           Narcissus                10146      269                                   
1895 7102100 -841-12824           Narcissus                10151      261                                   
1895 7112100-1114-12854           Narcissus                10158      267                                   
1895 7122100-1339-12933           Narcissus                10140      261                                   
1895 7132100-1604-13000           Narcissus                                                                 
1895 7142100-1828-13019           Narcissus                10166      256                                   
1895 7152100-2010-13040           Narcissus       123                                                       
1895 7162100-2119-12951           Narcissus        46                                                       
1895 7182100-2480-12832           Narcissus        46      10171      214                                   
1895 7192100-2455-12940           Narcissus        93      10168      211                                   
1895 7202100-2528-12933           Narcissus        46      10216      206                                   
1895 7212100-2649-12912           Narcissus        67      10210      206                                   
1895 7222100-2855-12815           Narcissus       123      10170      217                                   
1895 7232000-3110-12634           Narcissus       154      10137      206                                   
1895 7242000-3230-12544           Narcissus        46      10154      189                                   
1895 7252000-3421-12512           Narcissus       190       9941      178                                   
1895 7262000-3613-12310           Narcissus       309      10038      172                                   
1895 7272000-3752-12022           Narcissus       350       9907      156                                   
1895 7282000-3852-11851           Narcissus       123       9856      144                                   
1895 7292000-3939-11734           Narcissus        46       9925      139                                   
1895 7302000-4017-11658           Narcissus        67       9983      139                                   
1895 7311800-3447 -3559           Narcissus       226                                                       
1895 7312000-4031-11647           Narcissus        26      10027      139                                   
1895 7312000-4031-11647           Narcissus        26      10027      139                                   
1895 8 11400-3247 -3448           Narcissus        93                                                       
1895 8 12000-4125-11711           Narcissus        46      10034      122                                   
1895 8 21400-3041 -3337           Narcissus       123                                                       
1895 8 22000-4157-11600           Narcissus        46      10069      100                                   
1895 8 31400-2835 -3242           Narcissus        93                                                       
1895 8 41400-2553 -3125           Narcissus       123                                                       
1895 8 51400-2333 -3035           Narcissus       123                                                       
1895 8 61400-2101 -2944           Narcissus       154                                                       
1895 826 300-4210 -4520           Narcissus       190      10103      100                                   
1895 826 700-4210 -4458           Narcissus       309       9968      100                                   
1895 8261000-4210 -4396           Narcissus       309       9978      100                                   
1895 8261500-4210 -4334           Narcissus       123      10201      100                                   
1895 8261900-4210 -4272           Narcissus       154      10171      100                                   
1895 827 100-4157  4210           Narcissus       309       9967      100                                   
1895 827 300-4183 -4210           Narcissus       190      10103      100                                   
1895 8271500-4151 -4210           Narcissus       268      10033      111                                   
1895 8271900-4151 -4210           Narcissus       190      10148      111                                   
1895 8272300-4151 -4210           Narcissus       154      10168      111                                   
1895 828 300-4052 -4197           Narcissus        67      10201      111                                   
1895 828 700-4052 -4183           Narcissus        93      10167      111                                   
1895 8281100-4052 -4170           Narcissus       123      10032      111                                   
1895 8281500-4052 -4157           Narcissus       123       9997      122                                   
1895 8281900-4052 -4157           Narcissus        67       9990      122                                   
1895 8282300-4052 -4142           Narcissus        67       9976      122                                   
1895 829 300-4052 -4128           Narcissus         0       9963      122                                   
1895 829 700-4052 -4113           Narcissus       190       9929      122                                   
1895 8291100-4052 -4099           Narcissus       350       9861      122                                   
1895 8291500-4052 -4084           Narcissus       350       9796      133                                   
1895 8291700-4020  4070           Narcissus       226       9873      133                                   
1895 8291900-4020 -4070           Narcissus       309       9826      133                                   
1895 8301400-3751 -3634           Narcissus       154      10157      156                                   
1895 8302200-3751  3634           Narcissus       268      10157      156                                   
1895 831 200-3751  3634           Narcissus       268      10157      156                                   
1895 831 600-3751  3634           Narcissus       309      10056      156                                   
1895 8311000-3751  3634           Narcissus       309       9853      156                                   
1895 8311800-3447 -3630           Narcissus       226      10047      -13                                   
1895 9 11400-3247 -3448           Narcissus        93                                                       
1895 9 21400-3029 -3337           Narcissus       123                                                       
1895 9 31400-2835 -3242           Narcissus        93                                                       
1895 9 41400-2553 -3125           Narcissus       123                                                       
1895 9 5 400-2443 -3080           Narcissus                                                                 
1895 9 51400-2333 -3035           Narcissus       123                                                       
1895 9 61400-2101 -2941           Narcissus       154                                                       
1895 9 71400-1934 -2900           Narcissus        67                                                       
1895 9 81400-1818 -2855           Narcissus        46      10177      211                                   
1895 9 91400-1639 -2912           Narcissus       123      10180      211                                   
1895 9101400-1424 -2980           Narcissus       154      10167      217                                   
1895 9111400-1216 -2990           Narcissus       154      10152      244                                   
1895 9121400-1030 -2919           Narcissus       154      10160      256                                   
1895 9131400 -734 -2920           Narcissus       123      10149      272                                   
1895 9141400 -553 -2918           Narcissus        67      10145      278                                   
1895 9151400 -348 -2828           Narcissus        93      10145      272                                   
1895 9161400 -133 -2820           Narcissus       123      10128      272                                   
1895 9171400  -52 -2800           Narcissus       123      10135      272                                   
1895 9181400  246 -2870           Narcissus        93      10146      289                                   
1895 9191400  423 -2860           Narcissus        46      10144      278                                   
1895 9201400  616 -2751           Narcissus        67      10133      289                                   
1895 9211400  810 -2717           Narcissus        93      10130      289                                   
1895 9221400  830 -2719           Narcissus        26      10133      289                                   
1895 9231400  944 -2825           Narcissus        67      10133      294                                   
1895 9241400 1120 -2940           Narcissus        93      10134      292                                   
1895 9251400 1240 -3111           Narcissus        93      10138      289                                   
1895 9261400 1340 -3250           Narcissus       123      10137      278                                   
1895 9271400 1522 -3433           Narcissus       123      10138      278                                   
1895 9281400 1654 -3610           Narcissus        93      10139      275                                   
1895 9291400 1800 -3734           Narcissus        93      10130      272                                   
1895 9301500 1930 -3933           Narcissus       123      10124      272                                   
1896 4 11600-4610 -5642           Narcissus        46      10117      139                                   
1896 4 21600-4690 -5797           Narcissus        26      10184      150                                   
1896 4 31600-4633 -5953           Narcissus        46                 133                                   
1896 4 41600-4821 -6232           Narcissus        93      10181      111                                   
1896 4 51600-4921 -6332           Narcissus       123      10175      111                                   
1896 4 61600-5729 -6441           Narcissus       190      10387      106                                   
1896 4 71600-5632 -6410           Narcissus       123      10078      122                                   
1896 4 81600-5535 -6459           Narcissus                 9940       94                                   
1896 4 91600-5732 -6429           Narcissus       190       9968      100                                   
1896 4101600-5823 -6601           Narcissus       226       9885       72                                   
1896 4111600-5655 -6746           Narcissus       268       9966       67                                   
1896 4121700-5656 -6758           Narcissus       190      10007       67                                   
1896 4131700-5616 -7126           Narcissus       226      10084       89                                   
1896 4141700-5616 -7440           Narcissus       190      10113      117                                   
1896 4151700-5606 -7410           Narcissus       309       9940      100                                   
1896 4161700-5718 -7244           Narcissus       268      10025       83                                   
1896 4171700-5744 -7246           Narcissus       123       9848       89                                   
1896 4181700-5940 -7248           Narcissus       154      10084      106                                   
1896 4211800-6049 -8325           Narcissus        46       9729       67                                   
1896 4221800-6010 -8635           Narcissus       190       9757       56                                   
1896 4231800-5820 -8844           Narcissus       154       9902       50                                   
1896 4241800-5728 -9045           Narcissus       309       9691       78                                   
1896 4251800-5631 -9045           Narcissus       123       9884       72                                   
1896 4261800-5710 -9132           Narcissus       309       9656      106                                   
1896 4271800-5745 -9220           Narcissus       350       9545       78                                   
1896 4281800-5658 -9150           Narcissus       190       9754       78                                   
1896 4291800-5510 -9123           Narcissus       226       9745       89                                   
1896 4301800-5216 -9258           Narcissus       190       9711       72                                   
1896 5 11800-4919 -9211           Narcissus       190      10013       72                                   
1896 5 21800-4526 -9148           Narcissus       154      10195      111                                   
1896 5 31800-4350 -9151           Narcissus                10176      117                                   
1896 5 41800-4150 -9258           Narcissus        93      10334      128                                   
1896 5 51800-3847 -9428           Narcissus       226      10161      139                                   
1896 5 61800-3447 -9631           Narcissus       268      10057      172                                   
1896 5 71800-3318 -9727           Narcissus       190      10009      211                                   
1896 5 81900-2940 -9940           Narcissus       190      10075      200                                   
1896 5 91900-2712-10060           Narcissus        46      10087      222                                   
1896 5101900-2535-10050           Narcissus       190      10013      233                                   
1896 5111900-2428-10036           Narcissus                10118      228                                   
1896 5121900-2321-10023           Narcissus        46      10153      256                                   
1896 5131900-2253-10150           Narcissus        26      10165      239                                   
1896 5141900-2139-10147           Narcissus        67      10182      211                                   
1896 5151900-1922-10246           Narcissus       123      10164      233                                   
1896 5161900-1728-10336           Narcissus        93      10127      244                                   
1896 5171900-1535-10419           Narcissus        93      10131      256                                   
1896 5181900-1344-10457           Narcissus        67      10127      233                                   
1896 5191900-1147-10650           Narcissus       123      10083      256                                   
1896 5201900 -914-10659           Narcissus       123      10137      267                                   
1896 5211900 -636-10810           Narcissus       154      10219      275                                   
1896 5221900 -412-10926           Narcissus       123      10085      269                                   
1896 5231900 -210-11044           Narcissus       123      10219      272                                   
1896 5241900   13-11124           Narcissus       123      10389      261                                   
1896 5251900  211-11125           Narcissus        93      10222      256                                   
1896 5262000  435-11300           Narcissus       123      10118      272                                   
1896 5272000  740-11346           Narcissus                10253      278                                   
1896 5282000  745-11490           Narcissus                10084      278                                   
1896 5292000  820-11342           Narcissus                10081      281                                   
1896 5302000 1057-11321           Narcissus                10098      283                                   
1896 5312000 1233-11346           Narcissus        67      10114      289                                   
