1893 222 200-3536 15043           New Guine        93      10196      217                                   
1893 224 200-3785 14494           New Guine        46      10146      228                                   
1893 228 300-4035 13944           New Guine                                                                 
1893 815 300 -667 10917           New Guine        26      10068      294                                   
1893 8151000 -658 10908           New Guine        26      10032      311                                   
1893 816 500 -650 10900           New Guine        26      10048      294                                   
1893 817 100 -642 10892           New Guine        46      10053      261                                   
1893 817 900 -633 10883           New Guine        67      10040      283                                   
1893 818 900 -625 10875           New Guine                                                                 
1893 819 900 -617 10867           New Guine                                                                 
1893 8192100 -608 10858           New Guine        93      10041      272                                   
1893 820 500 -600 10850           New Guine        46      10049      289                                   
1893 830 500 -700 11000           New Guine        10      10059      289                                   
1893 830 900 -700 11000           New Guine        26      10046      283                                   
1893 8302100 -600 10600           New Guine        26                 267                                   
1893 831 500 -600 10600           New Guine         0      10055      294                                   
1893 831 900 -600 10600           New Guine        67      10049      289                                   
1893 8312100 -742 10700           New Guine        93      10059      267                                   
1893 9 1 500 -742 10700           New Guine        93      10053      267                                   
1893 9 1 900 -742 10700           New Guine        93      10053      267                                   
