1895 5 3 900-4293 10458           Nineveh          67      10071      133                                   
1895 5 31300-4286 10555           Nineveh          67      10075      128                                   
1895 5 31700-4279 10652           Nineveh          93      10075      128                                   
1895 5 32100-4273 10749           Nineveh          67      10082      128                                   
1895 5 4 100-4266 10846           Nineveh          67      10085      133                                   
1895 5 4 500-4259 10943           Nineveh          67      10094      139                                   
1895 5 4 900-4252 11040           Nineveh          67      10105      133                                   
1895 5 41300-4245 11137           Nineveh          93      10116      128                                   
1895 5 41700-4238 11234           Nineveh          93      10118      133                                   
1895 5 42000-4232 11331           Nineveh          93      10128      133                                   
1895 5 5   0-4225 11428           Nineveh          67      10138      133                                   
1895 5 5 400-4218 11525           Nineveh          67      10137      139                                   
1895 5 5 800-4207 11640           Nineveh          67      10145      133                                   
1895 5 51200-4195 11755           Nineveh          67      10158      133                                   
1895 5 51600-4184 11869           Nineveh          67      10172      128                                   
1895 5 52000-4173 11984           Nineveh          67      10182      133                                   
1895 5 6   0-4161 12099           Nineveh          46      10202      133                                   
1895 5 6 400-4150 12214           Nineveh          46      10206      150                                   
1895 5 6 800-4134 12316           Nineveh          46      10206      144                                   
1895 5 61200-4118 12419           Nineveh          46      10213      144                                   
1895 5 61600-4101 12521           Nineveh          46      10216      144                                   
1895 5 62000-4085 12624           Nineveh          46      10203      139                                   
1895 5 7   0-4069 12726           Nineveh          46      10203      139                                   
1895 5 7 300-4053 12829           Nineveh          46      10184      150                                   
1895 5 7 700-4053 12829           Nineveh          67      10175      144                                   
1895 5 71100-4046 12952           Nineveh          67      10174      150                                   
1895 5 71500-4040 13074           Nineveh          46      10163      156                                   
1895 5 71900-4033 13197           Nineveh          46      10160      156                                   
1895 5 72300-4027 13319           Nineveh          46      10171      150                                   
1895 5 8 300-4020 13442           Nineveh          46      10156      200                                   
1895 5 9 300-3912 14040           Nineveh          10      10162      178                                   
