1890 128   0-4330 17854           Oberon                                                                    
1893 128 200-4837 15640           Oberon                                                                    
1893 2 5 300-5344 13427           Oberon           26      10223       50                                   
1893 3 41400 -612 -3057           Oberon           46      10076      267                                   
1893 3 51400 -225 -3000           Oberon           67      10070      256                                   
1893 3 61400  114 -2924           Oberon                   10053      261                                   
1893 3 71400  440 -2814           Oberon           46      10052      267                                   
1893 3 81400  880 -2770           Oberon           46      10075      233                                   
1893 3 91400 1136 -2615           Oberon           67      10078      222                                   
1893 3101400 1457 -2417           Oberon           67      10070      217                                   
1893 3111400 1800 -2310           Oberon           46      10095      200                                   
1893 3121300 2170 -2120           Oberon           26      10271      206                                   
