1893 2162000    0     0           Oceana                   10147      200                                   
1893 2261900  357  8115           Oceana           46      10116      283                                   
1893 2262300  357  8115           Oceana           46      10089      267                                   
1893 227 300  357  8115           Oceana           46      10102      272                                   
1893 227 700  357  8115           Oceana           46      10127      283                                   
1893 2271100  357  8115           Oceana           46      10093      283                                   
1893 2271500  357  8115           Oceana                                                                    
1893 2272300  357  8115           Oceana           10                 283                                   
1893 3 21800-1548  9629           Oceana           67      10135      256                                   
1895 2132200 2513  3542           Oceana           67      10136      222                                   
1895 2141400 2513  3542           Oceana           46      10098      228                                   
1895 2141800 2513  3542           Oceana           26      10113      239                                   
1895 2142200 2513  3542           Oceana                                                                    
1895 215 200 2513  3542           Oceana           26      10127      233                                   
1895 215 600 2513  3542           Oceana           67      10137      256                                   
1895 2151000 2513  3542           Oceana           67      10156      261                                   
1895 2151400 2513  3542           Oceana                                                                    
1895 2151800 2513  3542           Oceana           46      10126      239                                   
1895 2152200 2513  3542           Oceana                                                                    
1895 216 200 2513  3542           Oceana           67      10117      256                                   
1895 216 600 2233  3696           Oceana           67      10109      272                                   
1895 216 900 1953  3850           Oceana           67      10134      294                                   
1895 2161300 1953  3850           Oceana           46      10097      272                                   
1895 2161700 1953  3850           Oceana            0      10102      261                                   
1895 2162100 1953  3850           Oceana                   10093      256                                   
1895 217 100 1953  3850           Oceana           26      10086      256                                   
1895 217 500 1953  3850           Oceana           26      10093      256                                   
1895 217 900 1452  4210           Oceana           93      10106      261                                   
1895 2171300 1452  4210           Oceana                                                                    
1895 2171700 1452  4210           Oceana           93      10074      256                                   
1895 218 100 1452  4210           Oceana           93      10101      256                                   
1895 218 500 1400  4285           Oceana           93      10117      256                                   
1895 218 900 1348  4361           Oceana           93      10122      267                                   
1895 2181300 1297  4436           Oceana           67      10108      267                                   
1895 2181700 1245  4512           Oceana           67      10133      239                                   
1895 219 100 1233  4690           Oceana           93      10135      244                                   
1895 219 500 1222  4867           Oceana           67      10160      256                                   
1895 219 900 1210  5045           Oceana           67                                                       
1895 2231900  795  7756           Oceana           10      10108      256                                   
1895 2241900  725  7815           Oceana           26      10116      272                                   
1895 2242300  656  7874           Oceana            0      10102      250                                   
1895 225 300  586  7933           Oceana           46      10120      261                                   
1895 225 700  517  7992           Oceana           46      10118      278                                   
1895 2251100  447  8051           Oceana           67      10092      272                                   
1895 2251500  378  8110           Oceana           26      10120      261                                   
1895 2251900  308  8169           Oceana           26      10106      283                                   
1895 2252300  239  8228           Oceana           10      10088      272                                   
1895 226 200  169  8287           Oceana            0      10107      278                                   
1895 226 600  100  8346           Oceana           26      10115      289                                   
1895 2261000   26  8405           Oceana           10      10072      289                                   
1895 2261400  -48  8464           Oceana           10      10099      289                                   
1895 2261800 -122  8523           Oceana                   10100      278                                   
1895 2262200 -197  8582           Oceana           10      10085      272                                   
1895 227 200 -271  8641           Oceana           10      10101      272                                   
1895 227 600 -345  8700           Oceana           26      10095      289                                   
1895 2271000 -424  8767           Oceana           67      10084      278                                   
1895 2271400 -503  8833           Oceana           26      10103      267                                   
1895 2271800 -581  8900           Oceana           46      10119      272                                   
1895 2272200 -660  8967           Oceana           10      10085      272                                   
1895 228 200 -739  9033           Oceana           10      10097      283                                   
1895 228 600 -818  9100           Oceana           26      10106      289                                   
1895 2281000 -888  9153           Oceana           26      10087      283                                   
1895 2281400 -958  9206           Oceana           26      10106      272                                   
1895 2281800-1028  9258           Oceana           93      10111      267                                   
1895 2282200-1099  9311           Oceana           67      10097      272                                   
1895 3 1 200-1169  9364           Oceana           67      10109      278                                   
1895 3 1 600-1239  9417           Oceana           93      10113      278                                   
1895 3 11000-1309  9470           Oceana           93      10090      278                                   
1895 3 11400-1379  9523           Oceana           93      10109      267                                   
1895 3 62000-3515 11502           Oceana           93      10230      194                                   
1895 3 7   0-3517 11619           Oceana           67      10243      194                                   
1895 3 7 400-3519 11736           Oceana           93      10232      200                                   
1895 3 7 800-3522 11852           Oceana           93      10215      200                                   
1895 3 71200-3524 11969           Oceana           93      10237      189                                   
1895 3 71600-3527 12086           Oceana           93                                                       
1895 3 8   0-3529 12202           Oceana           67      10259      178                                   
1895 3 8 400-3532 12319           Oceana           67      10265      206                                   
1895 3 8 800-3534 12436           Oceana           67      10251      206                                   
1895 3 81200-3537 12552           Oceana           46      10259      183                                   
1895 3 81600-3540 12669           Oceana           26                 183                                   
1895 3 81900-3542 12786           Oceana           26      10236      178                                   
1895 3 82300-3544 12902           Oceana           26      10238      183                                   
1895 3 9 300-3547 13019           Oceana           46                                                       
1895 311 300-3600 13830           Oceana           46      10151      228                                   
1892 810   0 1422  5688           Oceana           93      10049      244                                   
1892 810 400 1398  5566           Oceana           67      10053      256                                   
1892 810 500 1374  5445           Oceana          154                 261                                   
1892 810 800 1350  5324           Oceana          154      10045      267                                   
1892 811 100 1326  5203           Oceana           46      10040      294                                   
1892 811 500 1302  5081           Oceana           46      10050      294                                   
1892 811 600 1278  4960           Oceana           46      10056      300                                   
1892 811 900 1254  4839           Oceana           46      10038      306                                   
1892 812 100 1230  4718           Oceana           46                 289                                   
1892 8 1 600  241  8252           Oceana           46      10089      289                                   
1892 8 5 700  722  7630           Oceana           67      10088      278                                   
1892 8 52300  749  7512           Oceana           67      10085      272                                   
1892 8 6 300  777  7395           Oceana           67      10088      278                                   
1892 8 6 400  804  7277           Oceana           67      10095      278                                   
1892 8 6 700  832  7160           Oceana           67      10091      283                                   
1892 8 62300  862  7025           Oceana           67      10075      278                                   
1892 8 7 300  892  6890           Oceana           67      10081      278                                   
1892 8 7 400  923  6756           Oceana           93      10092      278                                   
1892 8 7 800  953  6621           Oceana           93      10087      283                                   
1892 8 8   0  993  6503           Oceana          123      10060      267                                   
1892 8 8 400 1032  6384           Oceana          123      10061      261                                   
1892 8 8 600 1072  6266           Oceana          123      10068      261                                   
1892 8 8 800 1112  6148           Oceana          123      10061      261                                   
1892 8 9   0 1140  6045           Oceana          154      10037      267                                   
1892 8 9 400 1168  5943           Oceana          190      10056      256                                   
1892 8 9 600 1196  5840           Oceana          190      10068      267                                   
1892 8 9 800 1224  5738           Oceana          190      10065      261                                   
