1893 1181900  673  8004           Oldenburg        26      10148      -33                                   
1893 119 300  695  7931           Oldenburg        26      10154      -39                                   
1893 119 700  718  7858           Oldenburg        46      10151      -33                                   
1893 1191100  740  7785           Oldenburg        46      10127      -28                                   
1893 1191500  763  7712           Oldenburg        67      10146      -28                                   
1893 1191900  785  7639           Oldenburg        67      10151      -28                                   
1893 1192300  808  7566           Oldenburg                10138      -28                                   
1893 120 300  830  7493           Oldenburg        26      10155      -28                                   
1893 120 700  853  7420           Oldenburg        67      10157      -22                                   
1893 1201100  853  7336           Oldenburg        93      10136      -28                                   
1893 1201500  853  7251           Oldenburg        67      10152      -31                                   
1893 1201900  897  7167           Oldenburg        67      10164      -39                                   
1893 1202300  941  7083           Oldenburg        46      10153      -33                                   
1893 121 300  986  6998           Oldenburg        46      10166      -33                                   
1893 121 700 1030  6914           Oldenburg        46      10171      -22                                   
1893 1211100 1051  6821           Oldenburg        46      10147      -28                                   
1893 1211600 1072  6728           Oldenburg        67      10162      -33                                   
1893 1212000 1093  6635           Oldenburg        67      10163      -44                                   
1893 122   0 1115  6543           Oldenburg        67      10162      -39                                   
1893 122 400 1136  6450           Oldenburg        67      10176      -33                                   
1893 122 800 1157  6357           Oldenburg        67      10176      -25                                   
1893 1221200 1185  6269           Oldenburg        67      10159      -28                                   
1893 1221600 1213  6182           Oldenburg        67      10167      -39                                   
1893 1222000 1241  6094           Oldenburg        26      10156      -50                                   
1893 123   0 1269  6007           Oldenburg        67      10158      -44                                   
1893 123 400 1297  5919           Oldenburg        67      10174      -44                                   
1893 123 800 1325  5832           Oldenburg        26      10180      -36                                   
1893 1231200 1353  5744           Oldenburg        10      10161      -33                                   
1893 1231600 1381  5657           Oldenburg        10      10161      -44                                   
189312201600 1409  5569           Oldenburg                                                                 
1893 124 800 1334  5250           Oldenburg        10      10171      -31                                   
1893 1 31500-3529 13804           Oldenburg        93      10184      -83                                   
1893 1 4 700-3529 13711           Oldenburg       123      10171      -44                                   
1893 1 41100-3529 13618           Oldenburg        93      10186      -78                                   
1893 1 41500-3528 13525           Oldenburg        93      10184      -83                                   
1893 1 41900-3528 13433           Oldenburg        67      10187      -83                                   
1893 1 42300-3528 13340           Oldenburg        67      10208      -69                                   
1893 1 5 300-3528 13247           Oldenburg        67      10234      -61                                   
1893 1 5 700-3528 13154           Oldenburg        67      10232      -61                                   
1893 1 51100-3528 13061           Oldenburg        67      10222      -78                                   
1893 1 51500-3527 12968           Oldenburg        67      10219      -83                                   
1893 1 51900-3527 12876           Oldenburg        67      10217      -83                                   
1893 1 52300-3527 12783           Oldenburg        46      10212      -72                                   
1893 1 6 400-3527 12690           Oldenburg        67      10200      -61                                   
1893 1 6 800-3527 12564           Oldenburg        67      10175      -67                                   
1893 1 61200-3528 12439           Oldenburg        67      10149      -78                                   
1893 1 61600-3528 12313           Oldenburg       123      10108      -78                                   
1893 1 62000-3528 12187           Oldenburg        93      10091      -75                                   
1893 1 7   0-3529 12062           Oldenburg        67      10088      -72                                   
1893 1 7 400-3529 11936           Oldenburg        67      10091      -69                                   
1893 1 7 800-3499 11839           Oldenburg       123      10121      -67                                   
1893 1 71200-3469 11743           Oldenburg       123      10136      -81                                   
1893 1 71600-3439 11646           Oldenburg                10143      -83                                   
1893 1 72000-3409 11549           Oldenburg       123      10191      -89                                   
1893 1 8   0-3379 11453           Oldenburg        67      10173      -81                                   
1893 1 8 400-3349 11356           Oldenburg        67      10202      -61                                   
1893 1 8 800-3349 11356           Oldenburg        67      10192      -61                                   
1893 1141000-1336  9439           Oldenburg        10      10099      -17                                   
1893 1141400-1256  9378           Oldenburg         0      10113      -28                                   
1893 1141800-1176  9317           Oldenburg                                                                 
1893 1142200-1095  9256           Oldenburg        10      10106      -28                                   
1893 115 200-1015  9195           Oldenburg        10      10119      -28                                   
1893 115 600 -935  9134           Oldenburg        26      10126      -25                                   
1893 1151000 -855  9073           Oldenburg                10100      -22                                   
1893 1151400 -775  9012           Oldenburg        46      10111      -28                                   
1893 1152200 -694  8951           Oldenburg        26      10110      -36                                   
1893 116 200 -614  8890           Oldenburg        26      10123      -25                                   
1893 116 600 -534  8829           Oldenburg        46      10122      -22                                   
1893 1161000 -451  8771           Oldenburg        46      10110      -17                                   
1893 1161400 -369  8713           Oldenburg        46      10123      -25                                   
1893 1162200 -286  8656           Oldenburg        46      10117      -33                                   
1893 117 200 -204  8598           Oldenburg        46      10123      -25                                   
1893 117 600 -121  8540           Oldenburg        26      10131      -22                                   
1893 1171000  -37  8475           Oldenburg        10      10112      -22                                   
1893 1171400   47  8410           Oldenburg        10      10135      -25                                   
1893 1172200  132  8346           Oldenburg        10      10116      -28                                   
1893 118 200  216  8281           Oldenburg        26      10131      -22                                   
1893 118 700  300  8216           Oldenburg        26      10135      -28                                   
1893 1181100  384  8151           Oldenburg        26      10117      -28                                   
1893 1181500  468  8086           Oldenburg        46      10128      -28                                   
1893 1182300  553  8022           Oldenburg        10      10118      -33                                   
1893 119 300  637  7957           Oldenburg         0      10139      -33                                   
1893 119 700  721  7892           Oldenburg                                                                 
