1895 1 51400-2740 15440           Olga             10      10165      -50                                   
1895 1 51800-2740 15440           Olga             67      10121      -31                                   
1895 1 52200-2740 15440           Olga            123      10147      -38                                   
1895 1 6 200-2740 15440           Olga             46      10154      -43                                   
1895 1 6 600-2740 15440           Olga             46      10141      -42                                   
1895 1 61000-2781 15421           Olga             26      10165      -46                                   
1895 1 61400-2822 15402           Olga             26      10145      -43                                   
1895 1 61800-2863 15382           Olga              0      10157      -51                                   
1895 1 62200-2904 15363           Olga             10      10174      -43                                   
1895 1 7 200-2945 15344           Olga              0      10160      -38                                   
1895 1 7 600-2974 15345           Olga             26      10140      -33                                   
1895 1 71000-3003 15345           Olga             10      10164      -44                                   
1895 1 71400-3032 15346           Olga             93      10192      -66                                   
1895 1 71800-3062 15347           Olga             46      10146      -48                                   
1895 1 72200-3091 15347           Olga             93      10135      -49                                   
1895 1 8 200-3120 15348           Olga            123      10147      -56                                   
1895 1 8 600-3172 15316           Olga            123      10160      -64                                   
1895 1 81000-3223 15284           Olga             93      10189      -59                                   
1895 1 81400-3275 15252           Olga             67      10232      -71                                   
1895 1 81800-3327 15220           Olga             93      10189      -69                                   
1895 1 82200-3378 15188           Olga             67      10220      -66                                   
1895 1 9 200-3430 15156           Olga             93      10230      -59                                   
1895 1 9 600-3431 15150           Olga             67      10227      -67                                   
1895 1 91000-3433 15144           Olga             67      10239      -68                                   
1895 1 91400-3434 15137           Olga             93      10188      -72                                   
1895 1 91800-3435 15131           Olga             67      10220      -72                                   
1895 1 92200-3437 15125           Olga             46      10219      -68                                   
1895 110 200-3438 15119           Olga             67      10220      -64                                   
1895 110 600-3439 15113           Olga             93      10196      -62                                   
1895 1101000-3441 15107           Olga             93      10201      -67                                   
1895 1101400-3442 15100           Olga             93      10188      -72                                   
1895 1101400-3510 15240           Olga             93      10140      -67                                   
1895 1101800-3510 15240           Olga            123      10168      -70                                   
1895 1102200-3510 15240           Olga             93      10167      -67                                   
1895 111 200-3510 15240           Olga            123      10159      -63                                   
1895 111 600-3510 15240           Olga             93      10142      -63                                   
1895 1111000-3510 15240           Olga             93      10146      -64                                   
1895 1111400-3539 15232           Olga             93      10140      -67                                   
1895 1111800-3539 15265           Olga             93      10127      -69                                   
1895 1112200-3539 15299           Olga             67      10136      -67                                   
1895 112 200-3539 15332           Olga             67      10148      -65                                   
1895 112 600-3539 15232           Olga             46      10158      -65                                   
1895 1121000-3539 15232           Olga             10      10159      -66                                   
1895 1121400-3539 15281           Olga             93      10163      -67                                   
1895 1121800-3539 15329           Olga             10      10148      -67                                   
1895 1122200-3539 15378           Olga              0      10166      -59                                   
1895 113 200-3539 15427           Olga             10      10149      -47                                   
1895 113 600-3539 15456           Olga             46      10140      -48                                   
1895 1131000-3539 15485           Olga             67      10153      -54                                   
1895 1131400-3758 15514           Olga             93      10155      -55                                   
1895 1131800-3758 15514           Olga             67      10155      -56                                   
1895 1132200-3758 15514           Olga             67      10161      -47                                   
1895 114 200-3758 15514           Olga             46      10150      -50                                   
1895 114 600-3758 15514           Olga             67      10144      -56                                   
1895 1141000-3758 15514           Olga             93      10146      -56                                   
1895 1141400-4007 15631           Olga             93      10137      -57                                   
1895 1141700-4310 15850           Olga            123                                                       
1895 1141800-4017 15631           Olga             93      10127      -72                                   
1895 1142100-4310 15850           Olga             93      10223      -92                                   
1895 1142200-4027 15631           Olga            123      10149      -83                                   
1895 115 200-4037 15631           Olga            123      10151      -82                                   
1895 115 600-4007 15631           Olga             93      10172      -86                                   
1895 1151000-4007 15631           Olga             93      10204      -89                                   
1895 1151300-4310 15850           Olga             93      10143      -89                                   
1895 1151400-4007 15631           Olga            123      10205      -95                                   
1895 1151700-4310 15850           Olga            123      10089      -88                                   
1895 1152100-4310 15850           Olga            154      10075      -97                                   
1895 116 100-4310 15850           Olga             93      10212      -88                                   
1895 116 500-4310 15850           Olga             67      10194      -86                                   
1895 116 900-4310 15850           Olga             67      10186      -89                                   
1895 1161300-4543 16134           Olga            154      10113     -121                                   
1895 1161700-4543 16134           Olga                                                                      
1895 117 100-4543 16134           Olga            123      10073      -95                                   
1895 117 500-4543 16134           Olga            123      10074     -104                                   
1895 117 900-4543 16134           Olga            154      10090     -111                                   
1895 1171300-4753 16243           Olga            123      10066     -122                                   
1895 1171700-4753 16352           Olga            154      10116     -128                                   
1895 1172100-4753 16461           Olga             93      10129     -119                                   
1895 118 100-4753 16570           Olga             93      10094     -110                                   
1895 118 500-4753 16717           Olga             67      10061     -110                                   
1895 118 900-4753 16863           Olga             67      10059     -114                                   
1895 1181300-4769 17010           Olga            123      10009     -116                                   
1895 1181700-4784 17010           Olga            123      10086     -122                                   
1895 1182100-4800 17010           Olga            123      10110     -119                                   
1895 119 100-4816 17010           Olga             93      10091     -117                                   
1895 119 500-4820 17010           Olga            123      10062     -111                                   
1895 119 900-4825 17010           Olga            123      10034     -111                                   
1895 1191200-4829 17535           Olga            154      10085     -129                                   
1895 1191600-4829 17535           Olga            190       9995     -121                                   
1895 1192000-4829 17535           Olga            190      10022     -122                                   
1895 120   0-4829 17535           Olga            190      10049     -122                                   
1895 120 400-4829 17535           Olga            190      10055     -125                                   
1895 120 800-4829 17535           Olga            190      10069     -128                                   
1895 1301200-4870-12466           Olga            123       9935     -133                                   
1895 1301600-4898-12348           Olga            123       9955     -131                                   
1895 1302000-4927-12230           Olga             93       9962     -122                                   
1895 131   0-4956-12112           Olga            154       9964     -127                                   
1895 131 400-4984-11994           Olga            190       9970     -128                                   
1895 131 800-5013-11876           Olga            154      10007     -128                                   
1895 1311600-5041-11758           Olga             93      10048     -136                                   
1895 1312000-5070-11640           Olga             93      10067     -128                                   
