     4261200-3493 15089           Oonah            46                                                       
     7 2 600-3372 15156           Oonah                                                                     
     7312000-3298 15096           Oonah           123      10270      161                                   
     9 7   0-3251 15223           Oonah                                                                     
1892 8222000-4218 14825           Oonah            67      10043      139                                   
1892 8222000-4218 14825           Oonah            67      10043      139                                   
1892 8222300-4134 14829           Oonah            67      10030      172                                   
1892 8222300-4134 14827           Oonah            67      10030      172                                   
1892 823 200-4100 14833           Oonah            93      10020      144                                   
1892 823 200-4100 14833           Oonah            93      10020      144                                   
1892 8232000-3734 15060           Oonah            46      10031      144                                   
1892 8232300-3740 14955           Oonah            46      10058      144                                   
1892 824 200-3937 15060           Oonah            93      10056      167                                   
1892 824 200-3639 15060           Oonah            93      10053      167                                   
1892 8262000-3773 15050           Oonah           123      10003      150                                   
1892 8262000-3637 15050           Oonah           123      10002      150                                   
1892 8262300-3610 15080           Oonah           226      10001      133                                   
1892 8262300-3610 15080           Oonah           226      10001      133                                   
1892 827 200-3740 14955           Oonah           226                 133                                   
1892 827 200-3740 14955           Oonah           226      10016      133                                   
1892 8272000-3745 15020           Oonah           154      10075      139                                   
1892 8272000-3728 14945           Oonah           154      10075      139                                   
1892 8272300-3750 14948           Oonah           154      10078      122                                   
1892 8272300-3854 14935           Oonah                                                                     
1892 828 200-3826 14925           Oonah           154      10055      122                                   
1892 828 200-3979 14925           Oonah           154      10057      122                                   
1892 8282000-4028 14827           Oonah           154       9958      111                                   
1892 8282000-4105 14827           Oonah           154       9958      111                                   
1892 8282300-4231 14822           Oonah           226       9943      106                                   
1892 8282300-4231 14822           Oonah           226       9943      106                                   
1892 829 200-4350 14860           Oonah           226       9945      100                                   
1892 829 200-4350 14860           Oonah           226       9945      100                                   
1892 8312000-4290 14825           Oonah            67      10130      122                                   
1892 8312000-4290 14825           Oonah            67      10130      122                                   
1892 8312300-4128 14827           Oonah                    10127      133                                   
1892 8312300-4128 14827           Oonah            67      10127      133                                   
1892 9 1 200-4049 14829           Oonah            67                 144                                   
1892 9 1 200-4049 14829           Oonah            67      10145      144                                   
1892 9 12000-3716 15005           Oonah            26                 156                                   
1892 9 12000-3716 15005           Oonah            26      10153      156                                   
1892 9 12300-3657 14959           Oonah            26                 156                                   
1892 9 12300-3657 14959           Oonah            26      10150      156                                   
1892 9 2 200-3617 15006           Oonah            26                 167                                   
1892 9 2 200-3617 15006           Oonah            26      10147      167                                   
1892 9 52000-3552 15028           Oonah           154      10008      189                                   
1892 9 52000-3552 15028           Oonah           154      10008      189                                   
1892 9 52300-3628 15008           Oonah           154       9996      167                                   
1892 9 52300-3628 15008           Oonah           154       9996      167                                   
1892 9 6 200-3704 14955           Oonah            67       9959      167                                   
1892 9 6 200-3732 14971           Oonah            67       9959      167                                   
1892 9 62000-3856 14933           Oonah           226      10029      122                                   
1892 9 62000-3836 14933           Oonah           226      10028      122                                   
1892 9 62300-3855 14921           Oonah           226      10036      117                                   
1892 9 62300-3855 14921           Oonah           226      10036      117                                   
1892 9 7 200-3920 14911           Oonah           190                                                       
1892 9 7 200-3920 14911           Oonah           190      10070      139                                   
1893 7312000-3509 15059           Oonah           123      10272      161                                   
1893 8 1 200-3719 15022           Oonah            67      10282      172                                   
1893 8 12000-3930 14950           Oonah           154      10076      167                                   
1893 8 2 200-4016 14849           Oonah           190      10025      156                                   
1893 8 42000-4203 14827           Oonah            46      10013      133                                   
1893 8 5 200-3926 14845           Oonah            26      10004      133                                   
1893 8 52000-3650 15022           Oonah           123      10076      133                                   
1893 8 6 200-3530 15058           Oonah            67                 156                                   
1893 8 82000-3614 15022           Oonah            67      10220      178                                   
1893 8 9 200-3782 14971           Oonah            26      10223      167                                   
1893 8 92000-3950 14920           Oonah            93      10252      167                                   
1893 810 200-4025 14840           Oonah            46      10294      161                                   
1893 8122000-4210 14827           Oonah           190      10160      161                                   
1893 813 200-3965 14919           Oonah            67      10191      167                                   
1893 8132000-3720 15012           Oonah            10      10240      161                                   
189312 22000-4138 14830           Oonah            10      10234      183                                   
189312 3 200-4025 14852           Oonah            26      10222      189                                   
189312 32000-3777 14954           Oonah            46      10212      194                                   
189312 4 200-3530 15058           Oonah            26      10200      189                                   
189312 72000-3614 15021           Oonah            26      10135      222                                   
189312 8 200-3807 14954           Oonah            26      10162      233                                   
189312 82000-4000 14905           Oonah            26      10124      206                                   
189312 9 200-4057 14840           Oonah            26      10117      211                                   
189312 92000-4253 14720           Oonah            26      10031      189                                   
18931210 200-4253 14720           Oonah             0      10000      278                                   
18931211 200-4253 14720           Oonah           268       9818      278                                   
18931212 200-4195 14776           Oonah           123       9884      200                                   
189312122000-4138 14832           Oonah            26      10055      183                                   
18931213 200-4025 14846           Oonah            10      10093      189                                   
189312132000-3823 14954           Oonah           123      10066      200                                   
18931214 200-3622 15018           Oonah            93      10036      228                                   
189312142000-3429 15160           Oonah            46       9998      244                                   
18931215 200-3404 15119           Oonah            46       9999      239                                   
189312182000-3614 15022           Oonah            67      10135      244                                   
18931219 200-3730 15010           Oonah           123      10143      239                                   
189312192000-4025 14842           Oonah           123      10157      211                                   
18931220 200-4138 14830           Oonah            93      10167      200                                   
18931221 200-4138 14830           Oonah            46      10060      194                                   
18931222 200-4138 14830           Oonah            46      10131      211                                   
189312232000-4138 14830           Oonah            26      10116      183                                   
18931224 200-4025 14850           Oonah            67      10100      189                                   
189312242000-3646 15020           Oonah            93       9978      217                                   
18931225 200-3530 15050           Oonah            93       9962      222                                   
189312282000-3614 15022           Oonah            93       9896      200                                   
18931229 200-3720 15012           Oonah            93       9913      200                                   
189312292000-3925 14910           Oonah           309       9975      183                                   
18931230 200-4002 14900           Oonah           268      10037      183                                   
1894 1312000-3810 14955           Oonah           123       9914      200                                   
1894 1312000-3810 14956           Oonah           123       9914      200                                   
1894 2 1 200-3730 15010           Oonah            67      10047      211                                   
1894 2 12000-3667 15005           Oonah            26                                                       
1894 2 12000-3691 15014           Oonah            26      10060      228                                   
1894 2 2 200-3653 15018           Oonah            26      10053      228                                   
1894 2 32000-3614 15022           Oonah            10      10160      233                                   
1894 2 4 200-3819 14954           Oonah            26      10207      222                                   
1894 2 42000-4025 14852           Oonah            93      10076      211                                   
1894 2 5 200-4138 14830           Oonah           123      10020      250                                   
1894 2 6 200-4138 14830           Oonah            26      10177      161                                   
1894 2 72000-4138 14830           Oonah            46      10185      211                                   
1894 2 8 200-4025 14835           Oonah            46      10097      206                                   
1894 2 82000-3730 15011           Oonah            26      10070      211                                   
1894 2 9 200-3600 15022           Oonah            26      10076      211                                   
1894 2122000-3524 15056           Oonah            67      10143      211                                   
1894 2122000-3524 15056           Oonah            67      10143      211                                   
1894 213 200-3630 15020           Oonah            67      10164      211                                   
1894 2132000-3950 14910           Oonah           123                 222                                   
1894 214 200-4025 14890           Oonah           123      10064      222                                   
1894 2142000-4063 14870           Oonah           154      10013      189                                   
1894 216 200-4100 14850           Oonah            26      10102      200                                   
1894 2172000-4138 14830           Oonah           123      10108      211                                   
1894 218 200-4025 14832           Oonah           154      10086      211                                   
1894 2182000-3735 14958           Oonah            67      10092      222                                   
1894 219 200-3620 15022           Oonah            26      10098      222                                   
1894 2232000-3630 15022           Oonah           154      10165      206                                   
1894 224 200-3750 14957           Oonah           154      10183      206                                   
1894 2242000-4117 14830           Oonah            93      10284      183                                   
1894 225 200-4219 14825           Oonah            67      10289      200                                   
1894 226 200-4219 14827           Oonah            46      10289      200                                   
1894 227 200-4219 14828           Oonah            46      10167      206                                   
1894 2272000-4219 14830           Oonah           154      10087      200                                   
1894 228 200-4057 14832           Oonah           154      10060      211                                   
1894 2282000-3735 14958           Oonah            46                 211                                   
1894 3 1 200-3674 14990           Oonah            46                 222                                   
1894 3 32000-3614 15022           Oonah            46      10136      233                                   
1894 3 4 200-3735 14958           Oonah            67      10137      233                                   
1894 3 42000-4138 14834           Oonah           123                                                       
1894 3 5 200-4245 14831           Oonah            93                 189                                   
1894 3 7 200-4182 14829           Oonah            46                 206                                   
1894 3 72000-4120 14826           Oonah           123      10143      178                                   
1894 3 8 200-4057 14830           Oonah            46                 194                                   
1894 3 8 200-4057 14830           Oonah            46      10140      194                                   
1894 3 82000-3880 14959           Oonah            46      10099      211                                   
1894 3 9 200-3704 15016           Oonah            46      10076      233                                   
1894 3132000-3720 15010           Oonah           123      10075      244                                   
1894 314 200-3800 14958           Oonah           154      10117      200                                   
1894 3142000-4009 14829           Oonah           190      10166      156                                   
1894 315 200-4219 14826           Oonah           190      10111      156                                   
1894 316 200-4228 14823           Oonah            93                 161                                   
1894 317 200-4236 14819           Oonah            46      10236      172                                   
1894 3172000-4245 14816           Oonah            67      10241      167                                   
1894 318 200-4138 14832           Oonah            67                 172                                   
1894 3182000-3755 14926           Oonah            93                 211                                   
1894 319 200-3712 15020           Oonah            93                 211                                   
1894 5 2 200-4423 14823           Oonah           154       9993      167                                   
1894 5 3 200-4321 14823           Oonah                                                                     
1894 5 42000-4219 14823           Oonah            93      10107      156                                   
1894 5 5 200-4117 14823           Oonah            93      10132      167                                   
1894 5 52000-3735 14958           Oonah            93      10187      178                                   
1894 5 6 200-3614 15020           Oonah            26                 200                                   
1894 5 82000-3530 15050           Oonah            67      10182      200                                   
1894 5 9 200-3738 15012           Oonah            46      10232      189                                   
1894 5 92000-4057 14829           Oonah            93      10246      183                                   
1894 510 200-4219 14825           Oonah            67      10174      183                                   
1894 511 200-4219 14825           Oonah            67      10116      144                                   
1894 512 200-4219 14826           Oonah            93      10096      144                                   
1894 5122000-4219 14826           Oonah            67                 128                                   
1894 513 200-4057 14830           Oonah            67      10179      144                                   
1894 5132000-3706 15010           Oonah            67      10206      167                                   
1894 514 200-3540 15030           Oonah            26      10201      183                                   
1894 5172000-3540 15050           Oonah            46      10129      211                                   
1894 518 200-3704 15006           Oonah            46      10127      211                                   
1894 5182000-3910 14920           Oonah            46      10090      206                                   
1894 519 200-4025 14844           Oonah            93      10087      189                                   
1894 522 200-4122 14835           Oonah           123       9896      122                                   
1894 5222000-4219 14826           Oonah           190       9811      133                                   
1894 523 200-4117 14830           Oonah           154       9931      111                                   
1894 5232000-3735 14959           Oonah            93      10095      144                                   
1894 524 200-3614 15022           Oonah            67      10116      172                                   
1894 5312000-3614 15022           Oonah           154       9943      178                                   
1894 6 1 200-3834 14957           Oonah            67                 194                                   
1894 6 12000-4054 14831           Oonah           226       9868      167                                   
1894 6 2 200-4219 14826           Oonah           154                 156                                   
1894 6 5 200-4219 14824           Oonah            67                 133                                   
1894 6 52000-4219 14823           Oonah           123                 161                                   
1894 6 6 200-3962 14831           Oonah           123                 150                                   
1894 6 61400-3024 15734           Oonah           154                                                       
1894 6 62000-3706 15016           Oonah            67                 167                                   
1894 6 7 200-3660 15030           Oonah            93                 167                                   
1894 6 71000-3024 15734           Oonah           123      10130      -67                                   
1894 6 71400-3024 15734           Oonah           154      10118      -72                                   
1894 6 71800-3024 15734           Oonah           154      10105      -72                                   
1894 6 72200-3024 15734           Oonah           123      10129      -61                                   
1894 6 8 200-3024 15734           Oonah            93      10129      -61                                   
1894 6 8 600-3024 15734           Oonah            93      10129      -56                                   
1894 6 81000-3024 15734           Oonah            67      10143      -61                                   
1894 6 81400-3024 15734           Oonah            46      10143      -61                                   
1894 6 81800-3024 15734           Oonah            26      10156      -61                                   
1894 6 82100-2821 15846           Oonah            26      10167      -58                                   
1894 6 9 100-2618 15957           Oonah            46      10179      -56                                   
1894 6 9 500-2618 15957           Oonah            10      10152      -56                                   
1894 6 9 900-2618 15957           Oonah             0      10179      -56                                   
1894 6 91300-2618 15957           Oonah            10      10180      -61                                   
1894 6 91700-2618 15957           Oonah            10      10180      -61                                   
1894 6 92100-2417 16292           Oonah            26      10191      -56                                   
1894 610 100-2216 16627           Oonah            26      10175      -50                                   
1894 610 500-2015 16962           Oonah            26      10160      -50                                   
1894 610 800-1814 17297           Oonah            26      10173      -56                                   
1894 6101200-1613 17632           Oonah            26      10186      -56                                   
1894 6101600-1412 17967           Oonah            26      10186      -61                                   
1894 6112000-1211-17698           Oonah             0      10181      -39                                   
1894 6112000-3614 15022           Oonah            46                 189                                   
1894 612   0-1010-17363           Oonah             0      10180      -39                                   
1894 612 200-3704 15010           Oonah             0                 183                                   
1894 612 300 -809-17028           Oonah            26      10167      -44                                   
1894 612 700 -608-16693           Oonah            26      10182      -56                                   
1894 6121100 -407-16358           Oonah            46      10182      -56                                   
1894 6121500 -206-16023           Oonah            26      10169      -61                                   
1894 6121800   -5-15688           Oonah            26      10182      -56                                   
1894 6122000-3961 14918           Oonah           154                 178                                   
1894 6122200  196-15353           Oonah            26      10181      -50                                   
1894 613 200  397-15018           Oonah            26      10168      -50                                   
1894 613 200-4219 14826           Oonah            93                 167                                   
1894 615 200-4219 14826           Oonah            46                 156                                   
1894 616 200-4219 14826           Oonah            26                 128                                   
1894 6162000-4219 14826           Oonah            46                 144                                   
1894 617 200-4025 14850           Oonah            67                 167                                   
1894 6172000-3706 15012           Oonah            46                 167                                   
1894 618 200-3741 15022           Oonah            46                 156                                   
1894 6212000-3775 14986           Oonah            46                 183                                   
1894 622 200-3810 14950           Oonah            26                 178                                   
1894 6222000-4219 14880           Oonah            46                 172                                   
1894 623 200-4312 14810           Oonah                               161                                   
1894 625 200-4281 14815           Oonah           154                 122                                   
1894 626 100-1115 16703           Oonah                    10101      283                                   
1894 626 200-4250 14821           Oonah           154                 150                                   
1894 6262000-4219 14826           Oonah                               133                                   
1894 627 200-4025 14830           Oonah            93                 183                                   
1894 6272000-3777 14931           Oonah           123                 128                                   
1894 628 200-3530 15032           Oonah            46                 167                                   
1894 6302000-3614 15022           Oonah            93                 183                                   
1894 7 1 200-3735 14955           Oonah           123      10168      189                                   
1894 7 12000-3990 14823           Oonah           190       9953      161                                   
1894 7 2 200-4245 14820           Oonah           154                 144                                   
1894 7 3 200-4232 14823           Oonah            93      10044      133                                   
1894 7 32000-4219 14826           Oonah           123      10075      150                                   
1894 7 4 200-3962 14832           Oonah           154      10107      167                                   
1894 7 42000-3705 15010           Oonah            93      10174      172                                   
1894 7 5 200-3604 14995           Oonah            46      10172      178                                   
1894 7 72000-3709 14980           Oonah           190      10102      161                                   
1894 7 8 200-3815 14965           Oonah           226      10145      150                                   
1894 7 82000-3920 14950           Oonah           226      10281      150                                   
1894 7 9 200-4025 14850           Oonah           190      10249      128                                   
1894 7102000-4202 14854           Oonah            93      10154      117                                   
1894 711 200-4025 14858           Oonah            67      10153      117                                   
1894 7142000-3877 14855           Oonah           154       9936      172                                   
1894 715 200-3730 14851           Oonah           123       9922      150                                   
1894 7152000-3930 14848           Oonah           309       9843      144                                   
1894 716 200-4057 14835           Oonah           190       9843      156                                   
1894 717 200-4185 14834           Oonah           190       9898      111                                   
1894 7172000-4312 14833           Oonah            67       9896      133                                   
1894 718 200-4138 14832           Oonah           154       9844      128                                   
1894 7182000-3754 14959           Oonah           309       9867      156                                   
1894 719 200-3622 15020           Oonah           190       9883      172                                   
1894 7212000-3634 15018           Oonah           154       9868      167                                   
1894 722 200-3792 14934           Oonah                                                                     
1894 7222000-3950 14850           Oonah           154                 133                                   
1894 723 200-4117 14826           Oonah           123      10213      144                                   
1894 7232000-4127 14812           Oonah            93      10226      167                                   
1894 724 200-4138 14834           Oonah            93      10263      150                                   
1894 8 1 200-4705 14823           Oonah            46       9967      111                                   
1894 8 2 200-4543 14824           Oonah            46      10036      133                                   
1894 8 3 200-4381 14825           Oonah            46                  94                                   
1894 8 32000-4219 14826           Oonah            93      10200      128                                   
1894 8 4 200-4057 14827           Oonah            46      10196      139                                   
1894 8 42000-3835 15010           Oonah            93      10126      183                                   
1894 8 5 200-3614 15020           Oonah            93      10114      167                                   
1894 8 82000-3614 15020           Oonah            93                 167                                   
1894 8 9 200-3767 14932           Oonah            46      10122      167                                   
1894 8 92000-3920 14845           Oonah           123       9995      167                                   
1894 810 200-4025 14837           Oonah           154       9881      167                                   
1894 8102000-4214 14830           Oonah            46       9975      178                                   
1894 811 200-4090 14833           Oonah           123                  89                                   
1894 813 200-4154 14830           Oonah            93      10005       94                                   
1894 8132000-4219 14826           Oonah            93      10083      122                                   
1894 814 200-4057 14828           Oonah            67      10114      128                                   
1894 8142000-3706 15008           Oonah           123      10175      144                                   
1894 815 200-3554 15020           Oonah            67      10189      156                                   
1894 8172000-3530 15024           Oonah           123      10252      183                                   
1894 818 200-3707 15008           Oonah            93      10292      156                                   
1894 8182000-3910 14858           Oonah            67      10301      150                                   
1894 819 200-4025 14840           Oonah            26      10324      144                                   
1894 821 200-4122 14833           Oonah            46      10201      117                                   
1894 8212000-4220 14826           Oonah            93      10145      156                                   
1894 822 200-4057 14830           Oonah           123      10104      167                                   
1894 8222000-3725 15010           Oonah           123                 167                                   
1894 823 200-3610 15022           Oonah            67      10070      167                                   
1894 8252000-3656 15008           Oonah            93       9974      200                                   
1894 826 200-3840 14947           Oonah            46       9897      206                                   
1894 8262000-4025 14887           Oonah            93       9846      178                                   
1894 827 200-4219 14826           Oonah            93       9807      156                                   
1894 828 200-4413 14765           Oonah            67       9987      100                                   
1894 9 32000-3614 15022           Oonah            67      10112      178                                   
1894 9 4 200-3767 14966           Oonah            46      10091      189                                   
1894 9 42000-3920 14910           Oonah           123      10065      150                                   
1894 9 5 200-4057 14840           Oonah           154      10062      133                                   
1894 9 6 200-4138 14828           Oonah            46      10123      139                                   
1894 9 62000-4219 14816           Oonah           123      10026      156                                   
1894 9 7 200-4117 14828           Oonah           154       9952      194                                   
1894 9 82000-3855 14958           Oonah           190       9818      172                                   
1894 9 9 200-3430 15009           Oonah           123       9811      172                                   
1894 9112000-3614 15022           Oonah           123      10149      194                                   
1894 912 200-3614 15022           Oonah            67      10133      194                                   
1894 9122000-3910 14850           Oonah           154      10103      167                                   
1894 913 200-4025 14836           Oonah           154      10094      144                                   
1894 914 200-4090 14832           Oonah            67      10199      144                                   
1894 915 200-4154 14827           Oonah            46      10244      144                                   
1894 9152000-4219 14823           Oonah            46      10250      133                                   
1894 916 200-4057 14821           Oonah            26      10261      156                                   
1894 9162000-3706 15009           Oonah            46      10233      144                                   
1894 917 200-3550 15024           Oonah            26      10214      167                                   
1894 9202000-3614 15022           Oonah            46      10096      194                                   
1894 921 200-3766 14939           Oonah            46      10083      194                                   
1894 9212000-3918 14856           Oonah            46      10081      178                                   
1894 922 200-4025 14845           Oonah            67      10052      194                                   
1894 924 200-4090 14839           Oonah            46      10012      111                                   
1894 925 200-4154 14832           Oonah            93      10038      167                                   
1894 9252000-4219 14826           Oonah            67      10077      133                                   
1894 926 200-4057 14830           Oonah            26      10071      144                                   
1894 9262000-3835 14926           Oonah            93      10108      150                                   
1894 927 200-3614 15022           Oonah            67      10156      156                                   
1894 9292000-3614 15022           Oonah            46      10207      194                                   
1894 930 200-3614 15022           Oonah            67      10235      189                                   
189412312000-3614 15022           Oonah            93      10091      222                                   
1895 1 1 200-3735 14955           Oonah            46      10131      233                                   
1895 1 12000-4138 14832           Oonah            67      10135      211                                   
1895 1 2 200-4245 14814           Oonah           123      10133      228                                   
1895 1 3 200-4218 14818           Oonah            46      10093      244                                   
1895 1 4 200-4191 14823           Oonah            93      10002      222                                   
1895 1 5 200-4165 14827           Oonah           123       9916      211                                   
1895 1 52000-4138 14832           Oonah           123      10014      183                                   
1895 1 6 200-4000 14850           Oonah            93      10057      183                                   
1895 1192000-3735 14959           Oonah            93      10164      233                                   
1895 120 200-3910 14902           Oonah            67      10208      222                                   
1895 121 200-3948 14884           Oonah            46      10251      172                                   
1895 122 200-3987 14867           Oonah            46      10192      200                                   
1895 123 200-4025 14849           Oonah           123      10083      211                                   
1895 124 200-3614 14954           Oonah           154                                                       
1895 1252000-3509 15059           Oonah           154      10025      228                                   
1895 126 200-3614 15022           Oonah           123      10089      194                                   
1895 1262000-3940 14920           Oonah           123                 189                                   
1895 127 200-4025 14850           Oonah           154      10134      189                                   
1895 1282000-4138 14832           Oonah            67      10105      189                                   
1895 129 200-4025 14836           Oonah                    10093      194                                   
1895 130 200-3614 15022           Oonah                    10132      200                                   
1895 2 1 200-3334 15127           Oonah           226      10102      222                                   
1895 2 12000-3614 15022           Oonah           190      10062      211                                   
1895 2 2 200-3730 15012           Oonah           154      10097      211                                   
1895 2 22000-4025 14850           Oonah           154      10116      194                                   
1895 2 3 200-4219 14826           Oonah            93      10137      200                                   
1895 2 5 200-4219 14826           Oonah                    10050      194                                   
1895 2 52000-4219 14826           Oonah            67      10161      200                                   
1895 2 6 200-4025 14850           Oonah            93      10185      206                                   
1895 2 62000-3730 15012           Oonah            93      10186      222                                   
1895 2 7 200-3509 15059           Oonah           123      10169      233                                   
1895 2 92000-3614 15022           Oonah           123      10076      233                                   
1895 210 200-3735 14957           Oonah           123      10117      233                                   
1895 2102000-4057 14832           Oonah            67      10176      222                                   
1895 211 200-4219 14826           Oonah            46      10194      222                                   
1895 2122000-4219 14828           Oonah            93      10134      217                                   
1895 213 200-4059 14838           Oonah            93      10181      233                                   
1895 2132000-3735 14959           Oonah            93      10169      244                                   
1895 214 200-3614 15020           Oonah            67      10200      256                                   
1895 2162000-3730 15012           Oonah            46      10083      239                                   
1895 217 200-3836 14940           Oonah            93      10046      222                                   
1895 2172000-4138 14828           Oonah            46       9953      228                                   
1895 218 200-4313 14757           Oonah                     9952      206                                   
1895 2192000-4138 14828           Oonah            93       9953      189                                   
1895 220 200-4025 14834           Oonah           123       9994      178                                   
1895 2202000-3705 15012           Oonah           154      10126      178                                   
1895 221 200-3530 15056           Oonah            46      10146      211                                   
1895 2222000-3509 15059           Oonah            46      10209      239                                   
1895 223 200-3614 15022           Oonah            67      10192      244                                   
1895 2232000-4002 15022           Oonah            67      10092      239                                   
1895 224 200-4138 15022           Oonah            46                 222                                   
1895 228 200-3614 15022           Oonah            67      10091      222                                   
1895 4302000-3509 15059           Oonah           123      10127      222                                   
1895 5 1 200-3614 15020           Oonah           123      10181      206                                   
1895 5 12000-4025 14840           Oonah            67      10231      194                                   
1895 5 2 200-4114 14828           Oonah            46      10254      200                                   
1895 5 3 200-4166 14827           Oonah            67      10209      172                                   
1895 5 32000-4219 14826           Oonah            46      10200      167                                   
1895 5 4 200-4057 14828           Oonah            26                 172                                   
1895 5 42000-3730 15012           Oonah            46      10118      189                                   
1895 5 5 200-3614 15022           Oonah                    10132      178                                   
1895 5 72000-3620 15026           Oonah           123      10197      211                                   
1895 5 8 200-3735 14959           Oonah            93                 200                                   
1895 5 82000-4025 14840           Oonah           154      10094      183                                   
1895 5 9 200-4139 14832           Oonah            93      10101      189                                   
1895 510 200-4166 14830           Oonah                    10094      150                                   
1895 511 200-4192 14828           Oonah            67      10058      167                                   
1895 5112000-4219 14826           Oonah                    10161      156                                   
1895 512 200-4057 14832           Oonah                    10192      167                                   
1895 5122000-3735 14908           Oonah                    10199      189                                   
1895 513 200-3622 14983           Oonah            46      10183      194                                   
1895 5202000-3509 15059           Oonah           190      10227      167                                   
1895 521 200-3614 15022           Oonah           123                                                       
1895 5212000-3835 14850           Oonah            93                                                       
1895 522 200-4057 14831           Oonah            67                 178                                   
1895 523 200-4138 14829           Oonah            93      10232      133                                   
1895 5232000-4219 14828           Oonah           123      10136      144                                   
1895 524 200-4057 14831           Oonah                    10091      167                                   
1895 5242000-3735 14959           Oonah           190      10145      144                                   
1895 525 200-3614 15020           Oonah           154                                                       
1895 5282000-3509 15081           Oonah           123      10067      200                                   
1895 529 200-3614 15142           Oonah             0      10100      211                                   
1895 530 200-3719 15203           Oonah            67      10074      189                                   
1895 531 200-3824 15264           Oonah           123       9910      144                                   
1895 5312000-4245 14814           Oonah           123       9936      111                                   
1895 6 1 200-4117 14826           Oonah           123      10001      139                                   
1895 6 12000-3735 14959           Oonah            93      10039      156                                   
1895 6 2 200-3614 15022           Oonah           123      10047      200                                   
1895 6 42000-3509 15059           Oonah           123      10243      194                                   
1895 6 5 200-3614 15022           Oonah            93      10268      194                                   
1895 6 52000-4007 14840           Oonah           154      10205      189                                   
1895 6 6 200-4117 14828           Oonah           123      10187      200                                   
1895 6 7 200-4168 14825           Oonah           154      10045      144                                   
1895 6 72000-4219 14823           Oonah            93      10075      167                                   
1895 6 8 200-4057 14821           Oonah            93      10136      156                                   
1895 6 82000-3735 14955           Oonah           123      10031      183                                   
1895 6 9 200-3614 15022           Oonah           123       9966      183                                   
1895 6112000-3509 15056           Oonah           123      10134      183                                   
1895 612 200-3614 15022           Oonah            93      10150      189                                   
1895 6122000-3956 14840           Oonah           154      10173      172                                   
1895 613 200-4057 14826           Oonah            93      10239      167                                   
1895 614 200-4138 14826           Oonah            67      10243      128                                   
1895 6152000-4219 14826           Oonah            67      10234      128                                   
1895 616 200-4057 14830           Oonah            67      10255      133                                   
1895 6162000-3735 14959           Oonah            93      10241      156                                   
1895 617 200-3614 15022           Oonah            93      10249      144                                   
1895 6212000-3719 15018           Oonah            67      10067      211                                   
1895 622 200-3825 14937           Oonah            26      10050      194                                   
1895 6222000-3930 14856           Oonah           154      10055      172                                   
1895 623 200-4057 14830           Oonah           123      10077      144                                   
1895 626 200-3950 14873           Oonah                     9980      133                                   
1895 629 200-3842 14916           Oonah            67      10139      106                                   
1895 6292000-3735 14959           Oonah            93      10078      122                                   
1895 630 200-3614 15022           Oonah           123      10040      144                                   
1895 9 22000-3620 15048           Oonah           190       9843      211                                   
1895 9 3 200-3730 14984           Oonah           154       9864      194                                   
1895 9 32000-3840 14920           Oonah           190       9851      178                                   
1895 9 4 200-3950 14856           Oonah           190       9837      161                                   
1895 9 5 200-4084 14841           Oonah           123       9857      150                                   
1895 9 62000-4219 14826           Oonah           123       9937      144                                   
1895 9 7 200-4057 14831           Oonah           123       9992      150                                   
1895 9 72000-3735 14959           Oonah            93      10056      194                                   
1895 9 8 200-3614 15022           Oonah            93      10023      183                                   
1895 9102000-3509 15059           Oonah            46      10135      194                                   
1895 911 200-3729 14957           Oonah            46      10173      200                                   
1895 9112000-3950 14856           Oonah            67      10112      233                                   
1895 912 200-4057 14835           Oonah            93      10069      194                                   
1895 9132000-4219 14826           Oonah            93      10074      172                                   
1895 914 200-4025 14838           Oonah            67                 156                                   
1895 9142000-3819 14930           Oonah                     9950      189                                   
1895 915 200-3614 15022           Oonah           123       9966      206                                   
1895 9172000-3614 15020           Oonah            46       9955      189                                   
1895 918 200-3819 14931           Oonah            46       9958      183                                   
1895 9182000-4025 14842           Oonah            67      10022      172                                   
1895 919 200-4117 14830           Oonah            46      10037      167                                   
1895 921 200-4214 14819           Oonah           190                  78                                   
1895 9212000-4312 14809           Oonah           190      10078      117                                   
1895 922 200-4219 14828           Oonah           190      10083      122                                   
1895 9222000-3930 14854           Oonah           154      10021      172                                   
1895 923 200-3735 14956           Oonah           154      10023      150                                   
1895 9262000-3509 15059           Oonah            93      10066      161                                   
1895 927 200-3614 15022           Oonah           123      10112      156                                   
1895 9272000-3819 14910           Oonah            67      10149      167                                   
1895 928 200-4025 14850           Oonah            46      10163      156                                   
1895 930 200-4230 14790           Oonah            46      10147      144                                   
189510 12000-4219 14826           Oonah           154      10069      183                                   
189510 2 200-4054 14830           Oonah           190      10039      172                                   
189510 22000-3910 14855           Oonah            93      10069      167                                   
189510 3 200-3735 14959           Oonah            67      10138      167                                   
189510 82000-3614 15022           Oonah            46       9945      206                                   
189510 9 200-3493 15085           Oonah            93       9994      211                                   
18951031 200-3372 15148           Oonah            46      10010      167                                   
