1896 4141500-3535 13212           Ophir            67      10287      156                                   
1896 415 700-3535 13212           Ophir            26      10279      161                                   
1896 4151500-3535 13212           Ophir            67      10186      172                                   
1896 4151900-3535 13212           Ophir            46      10270      156                                   
1896 416 300-3535 13212           Ophir            67      10228      183                                   
1896 416 700-3535 13212           Ophir            67      10209      200                                   
1896 4161600-3535 12457           Ophir            93      10186      172                                   
1896 4161900-3535 13212           Ophir            67      10185      178                                   
1896 417 400-3535 12457           Ophir            26      10196      172                                   
1896 417 800-3535 12457           Ophir            26      10178      183                                   
1896 4171600-3535 11788           Ophir            93      10160      167                                   
1896 4172000-3535 12457           Ophir            93      10141      178                                   
1896 418 400-3466 11788           Ophir           123      10158      178                                   
1896 418 800-3398 11788           Ophir           123      10186      167                                   
1896 4181600-3329 11340           Ophir           123      10223      144                                   
1896 4182000-3329 11788           Ophir           123      10240      144                                   
1896 419 400-3329 11340           Ophir            67      10264      200                                   
1896 419 800-3329 11340           Ophir            67      10261      200                                   
1896 4191700-2932 10915           Ophir            67      10273      167                                   
1896 4192000-3329 11340           Ophir            67      10262      172                                   
1896 420 500-2932 10915           Ophir            67      10228      233                                   
1896 420 900-2932 10915           Ophir            67      10215      233                                   
1896 4201700-2520 10540           Ophir            67      10161      194                                   
1896 4202100-2932 10915           Ophir            67      10194      194                                   
1896 421 500-2520 10540           Ophir            67      10165      250                                   
1896 421 900-2520 10540           Ophir            67      10140      339                                   
1896 4211700-2056 10058           Ophir            93      10115      250                                   
1896 4212100-2520 10540           Ophir            67      10146      222                                   
1896 422 500-2056 10058           Ophir            93      10123      261                                   
1896 422 900-2056 10058           Ophir            93      10104      278                                   
1896 4221800-1645  9729           Ophir            67      10063      267                                   
1896 4222200-1645  9729           Ophir            67      10092      250                                   
1896 423 500-1645  9729           Ophir            67                                                       
1896 423 600-1645  9729           Ophir           123      10053      283                                   
1896 4231000-1543  9647           Ophir           154      10041      294                                   
1896 4231800-1441  9564           Ophir            26      10072      267                                   
1896 4232200-1340  9482           Ophir            46      10057      250                                   
1896 424 600-1238  9400           Ophir            46      10066      278                                   
1896 4241000-1132  9309           Ophir            26      10043      289                                   
1896 4241800-1027  9219           Ophir             0      10073      272                                   
1896 4242200 -921  9128           Ophir            46      10060      267                                   
1896 425 600 -816  9038           Ophir            26      10065      272                                   
1896 4251000 -700  8961           Ophir            67      10046      283                                   
1896 4251800 -584  8885           Ophir            46      10063      283                                   
1896 4252200 -468  8808           Ophir             0      10057      278                                   
1896 426 600 -352  8732           Ophir            46      10058      289                                   
1896 4261000 -226  8625           Ophir            46      10042      289                                   
1896 4261800 -101  8518           Ophir            46      10053      278                                   
1896 4262200   25  8411           Ophir            46      10047      278                                   
1896 427 600   25  8411           Ophir            67      10066      239                                   
1896 4271000  157  8323           Ophir            46      10050      256                                   
1896 4272300  288  8236           Ophir            46      10035      267                                   
1896 428 700  420  8148           Ophir            46      10053      300                                   
1896 4291900  685  8022           Ophir                                                                     
1896 4292300  714  7825           Ophir            93      10010      300                                   
1896 430 700  742  7627           Ophir            93      10033      306                                   
1896 4301100  770  7429           Ophir            67      10016      306                                   
1896 4302300  799  7232           Ophir            46      10042      294                                   
1896 5 1 700  827  7034           Ophir                    10055      294                                   
1896 5 11100  827  7034           Ophir            46      10037      300                                   
1896 5 11900  866  6835           Ophir                               289                                   
1896 5 2   0  905  6636           Ophir                    10049      289                                   
1896 5 2 800  944  6437           Ophir                    10061      300                                   
1896 5 21200  944  6437           Ophir            26      10048      300                                   
1896 5 22000  999  6241           Ophir                               289                                   
1896 5 3   0 1055  6044           Ophir             0      10058      283                                   
1896 5 3 800 1110  5848           Ophir            10      10059      294                                   
1896 5 31200 1110  5848           Ophir            26      10048      300                                   
1896 5 32000 1124  5650           Ophir            46                 289                                   
1896 5 4   0 1138  5451           Ophir            46      10037      289                                   
1896 5 4 800 1152  5253           Ophir            46      10048      300                                   
1896 5 41300 1179  5079           Ophir            46      10022      300                                   
1896 5 42100 1207  4904           Ophir            67      10013      294                                   
1896 5 5 100 1234  4730           Ophir            26      10028      283                                   
1896 5 5 900 1234  4730           Ophir            67      10035      300                                   
1896 5 51300 1234  4730           Ophir            67      10010      311                                   
1896 6292100 1217  4700           Ophir            10       9976      311                                   
1896 630 100 1217  4700           Ophir            67      10000      289                                   
1896 630 900 1217  4700           Ophir            93       9995      322                                   
1896 6301300 1217  4700           Ophir            93       9967      350                                   
1896 6302100 1217  4700           Ophir            10       9976      311                                   
1896 7 1   0 1136  5252           Ophir            26       9980      306                                   
1896 7 1 800 1136  5252           Ophir           123      10011      283                                   
1896 7 11200 1136  5252           Ophir           154      10007      267                                   
1896 7 12000 1056  5830           Ophir            93      10063      272                                   
1896 7 2   0 1056  5830           Ophir           154      10028      261                                   
1896 7 2 800 1056  5830           Ophir           123      10039      317                                   
1896 7 21200 1056  5830           Ophir            93      10040      306                                   
1896 7 22000  954  6419           Ophir            93      10062      272                                   
1896 7 3   0  954  6419           Ophir            67      10059      272                                   
1896 7 3 800  954  6419           Ophir            93      10054      306                                   
1896 7 31200  954  6419           Ophir            93      10044      306                                   
1896 7 32000  841  6615           Ophir            67      10056      289                                   
1896 7 32300  841  6810           Ophir            67      10047      283                                   
1896 7 4 700  841  7006           Ophir            67      10046      328                                   
1896 7 41100  841  7006           Ophir            67      10033      328                                   
1896 7 41900  749  7547           Ophir            67      10022      289                                   
1896 7 42300  749  7547           Ophir            46      10050      283                                   
1896 7 5 700  749  7547           Ophir            46      10056      311                                   
1896 7 51100  749  7547           Ophir            46      10045      294                                   
1896 7 51900  718  7681           Ophir            67      10062      272                                   
1896 7 52300  687  7816           Ophir            46      10053      267                                   
1896 7 6 700  656  7950           Ophir            67      10042      328                                   
1896 7 61100  625  8084           Ophir            67      10038      311                                   
1896 7 61900  594  8219           Ophir            67      10062      272                                   
1891 7 62300  356  6940           Ophir            67                 272                                   
1891 7 7 700  356  7150           Ophir            67                 283                                   
1896 7 62300  356  7360           Ophir            67      10051      272                                   
1896 7 7 700  356  7570           Ophir            67      10059      283                                   
1896 7 71100  260  7780           Ophir            93      10048      289                                   
1896 7 71900  164  7990           Ophir                                                                     
1896 7 72300   69  8200           Ophir            67      10049      283                                   
1896 7 8 600  -27  8410           Ophir            67      10065      289                                   
1896 7 81000 -292  8620           Ophir                    10059      267                                   
1896 7 92200 -558  8830           Ophir            26      10038      272                                   
1896 710 600 -823  9040           Ophir            67      10022      272                                   
1896 7101000 -956  9138           Ophir            93      10048      256                                   
1896 7102200-1090  9237           Ophir            93      10063      250                                   
1896 711 600-1223  9335           Ophir           123      10090      256                                   
1896 7112200-1421  9486           Ophir                    10097      239                                   
1896 712 600-1620  9637           Ophir                    10117      244                                   
1896 7121000-1719  9716           Ophir            67      10111      244                                   
1896 7121700-1817  9795           Ophir            67      10167      211                                   
1896 7122100-1916  9875           Ophir            67      10135      222                                   
1896 713 500-2015  9954           Ophir            93      10146      222                                   
1896 713 900-2114 10033           Ophir           123      10142      228                                   
1896 7142100-2804 10611           Ophir            46      10154      189                                   
1896 715 500-2870 10714           Ophir            67      10163      156                                   
1896 715 900-2935 10816           Ophir           154      10171      150                                   
1896 7151700-3001 10919           Ophir           154      10203      144                                   
1896 7152100-3066 11021           Ophir           154      10200      144                                   
1896 716 500-3132 11124           Ophir           123      10227      150                                   
1896 716 900-3226 11124           Ophir            93      10229      144                                   
1896 7161600-3321 11295           Ophir            46      10246      144                                   
1896 7162000-3415 11466           Ophir            46      10250      144                                   
1896 717 400-3510 11637           Ophir            26      10261      144                                   
1896 717 800-3514 11741           Ophir            46      10246      139                                   
1896 7171600-3518 11845           Ophir            26      10229      139                                   
1896 7172000-3522 11949           Ophir           123      10201      144                                   
1896 718 400-3526 12053           Ophir           123      10177      144                                   
1896 718 800-3562 12221           Ophir            67      10151      144                                   
1896 7181600-3598 12390           Ophir                                                                     
1896 7182000-3634 12558           Ophir           123      10109      156                                   
1896 719 400-3670 12727           Ophir           123      10063      150                                   
1896 719 700-3706 12896           Ophir            93      10053      150                                   
1896 7191900-3742 13064           Ophir            67      10040      128                                   
1896 720 300-3778 13232           Ophir           123      10060      194                                   
1893 119 500 1158  5130           Ophir            67      10106      256                                   
1893 121 400 1002  6303           Ophir            93      10112      256                                   
1895 212 900 1242  4324           Ophir           154      10086      256                                   
1895 213 900 1211  4847           Ophir            67      10103      256                                   
1895 214 800 1126  5419           Ophir            46      10088      244                                   
1895 215 800 1033  5958           Ophir            46      10062      256                                   
1895 216 800  947  6523           Ophir            26      10046      272                                   
1895 217 700  856  7105           Ophir            10      10049      272                                   
1895 218 700  747  7627           Ophir            26      10044      300                                   
1895 219 700  574  7867           Ophir            67      10046      267                                   
1895 220 700  401  8106           Ophir            93      10041      294                                   
1895 221 600  -22  8408           Ophir            67      10055      289                                   
1895 222 600 -434  8708           Ophir            26      10048      272                                   
1895 223 600 -910  9052           Ophir            46      10057      283                                   
1895 224 600-1344  9423           Ophir            67      10083      278                                   
1895 225 500-1816  9751           Ophir            93      10106      256                                   
1895 226 500-2225 10135           Ophir            93      10126      228                                   
1895 227 500-2619 10520           Ophir           123      10149      211                                   
1895 228 500-2954 10914           Ophir           123      10170      200                                   
1895 3 1 400-3341 11354           Ophir            67      10160      200                                   
1895 3 2 400-3505 11822           Ophir            46      10109      211                                   
1895 3 3 400-3529 12524           Ophir            46                 306                                   
1895 3 4 300-3554 13226           Ophir            46      10109      294                                   
1895 6171700-2154 10248           Ophir           123      10124      156                                   
1895 618 500-2354 10412           Ophir            93      10101      200                                   
1895 6181700-2554 10575           Ophir            67      10104      150                                   
1895 619 500-2754 10739           Ophir            46      10109      194                                   
1895 6191700-2940 10937           Ophir           123      10087      128                                   
1895 620 500-3126 11136           Ophir            67      10084      156                                   
1895 6201600-3290 11346           Ophir            46      10146      117                                   
1895 621 400-3455 11557           Ophir            93      10113      139                                   
1895 6211600-3487 11868           Ophir            67      10138      133                                   
1895 622 400-3519 12180           Ophir            26      10142      156                                   
1895 6221600-3533 12445           Ophir           154      10124      139                                   
1895 623 400-3547 12710           Ophir            93      10133      128                                   
1895 6231500-3548 13013           Ophir                    10069      150                                   
1895 624 300-3550 13317           Ophir           123      10095      156                                   
1895 6241900-3551 13621           Ophir           226      10065      128                                   
1895 6242300-3553 13924           Ophir           190      10069      128                                   
1895 625 300-3554 14227           Ophir                                                                     
1895 6 32100 1250  4251           Ophir             0       9984      306                                   
1895 6 4 900 1217  4545           Ophir            26       9992      317                                   
1895 6 42100 1183  4839           Ophir            67      10023      272                                   
1895 6 5 900 1150  5133           Ophir            10       9996      294                                   
1895 6 52000 1103  5433           Ophir            67      10022      294                                   
1895 6 6 800 1056  5734           Ophir            93      10018      300                                   
1895 6 62000 1003  6030           Ophir            67      10024      283                                   
1895 6 7 800  951  6326           Ophir            46      10044      261                                   
1895 6 72000  898  6618           Ophir             0      10027      261                                   
1895 6 8 700  845  6910           Ophir            67      10019      289                                   
1895 6 81900  802  7175           Ophir            26      10016      289                                   
1895 6 9 700  759  7441           Ophir            46      10014      300                                   
1895 6 91900  726  7595           Ophir            46      10009      289                                   
1895 610 700  693  7749           Ophir            26      10008      294                                   
1895 6101900  564  7904           Ophir            67      10009      283                                   
1895 611 700  435  8058           Ophir            67      10007      294                                   
1895 6111900  230  8239           Ophir            46      10020      278                                   
1895 612 600   26  8421           Ophir           123      10002      283                                   
1895 6121800 -159  8578           Ophir            10      10021      272                                   
1895 613 600 -344  8736           Ophir            10      10014      294                                   
1895 6131800 -572  8895           Ophir            46      10034      278                                   
1895 614 600 -800  9054           Ophir            46      10009      306                                   
1895 6141800-1005  9262           Ophir            46      10041      261                                   
1895 615 600-1210  9470           Ophir            46      10025      278                                   
1895 6151800-1414  9599           Ophir           154      10038      228                                   
1895 616 600-1618  9728           Ophir             0      10029      267                                   
1895 6161700-1839  9886           Ophir            93      10086      194                                   
1895 617 500-2060 10045           Ophir           190      10066      222                                   
189510292200   90  8420           Ophir            67      10037      278                                   
18951030 600   90  8420           Ophir            93      10047      294                                   
189510301000   90  8420           Ophir            93      10039      283                                   
189510301800   90  8420           Ophir            26      10060      278                                   
189510302200   90  8420           Ophir            26      10051      272                                   
18951031 600 -450  8800           Ophir             0      10062      289                                   
189510311000 -544  8800           Ophir            26      10057      261                                   
189510311800 -637  8884           Ophir            10      10080      261                                   
189510312200 -731  8968           Ophir            67      10060      261                                   
189511 1 600 -825  9052           Ophir           123      10078      256                                   
189511 11000 -927  9125           Ophir            67      10067      267                                   
189511 11800-1028  9198           Ophir            67      10105      261                                   
189511 12200-1130  9272           Ophir            46      10089      256                                   
189511 2 600-1232  9345           Ophir            67      10098      267                                   
189511 21000-1331  9444           Ophir            67      10089      261                                   
189511 21800-1431  9542           Ophir            67      10113      261                                   
189511 22200-1530  9641           Ophir            67      10104      239                                   
189511 3 600-1630  9740           Ophir            93      10113      250                                   
189511 3 900-1730  9808           Ophir            93      10111      239                                   
189511 31700-1830  9877           Ophir            93      10121      228                                   
189511 32100-1929  9945           Ophir            93      10114      228                                   
189511 4 500-2029 10014           Ophir            67      10140      239                                   
189511 4 900-2131 10098           Ophir            67      10136      228                                   
189511 41700-2233 10181           Ophir            67      10159      217                                   
189511 42100-2335 10265           Ophir            67      10157      211                                   
189511 5 500-2437 10349           Ophir            67      10183      222                                   
189511 5 900-2539 10433           Ophir            67      10188      194                                   
189511 51700-2641 10516           Ophir            67      10199      194                                   
189511 6 500-2837 10753           Ophir            67      10201      211                                   
189511 7 400-3835 11280           Ophir            93      10215      178                                   
189511 8 400-3510 11784           Ophir            46      10180      189                                   
189511 81600-3520 11952           Ophir                    10159      150                                   
189511 9 400-3520 12120           Ophir            67      10135      178                                   
18951110 400-3590 12720           Ophir           123      10192      161                                   
18951111 300-3660 13258           Ophir           154      10166      156                                   
189511121500-4800 13882           Ophir            93                                                       
189511121900-4694 13976           Ophir           154      10164      128                                   
18951113 300-4588 14070           Ophir           123                                                       
18951113 700-4481 14164           Ophir           123      10203      144                                   
189511131400-4375 14258           Ophir            46      10247      139                                   
18951114 200-4269 14352           Ophir            46      10222      178                                   
18951114 600-4163 14445           Ophir            46      10220      189                                   
189511141400-4056 14539           Ophir             0      10223      144                                   
189511141800-3950 14633           Ophir            46       9900      128                                   
18951115 200-3844 14727           Ophir            46      10212      256                                   
18951115 600-3738 14821           Ophir            67                                                       
189511151400-3631 14915           Ophir             0      10151      183                                   
189511151800-3525 15009           Ophir             0      10193      172                                   
18951116 200-3419 15102           Ophir            46      10162      211                                   
18951116 600-3313 15196           Ophir            46      10133      217                                   
189510212100 1227  4516           Ophir            46      10039      278                                   
18951022 900 1227  4516           Ophir            26      10044      306                                   
189510222100 1159  5114           Ophir            46      10047      267                                   
18951023 100 1227  4516           Ophir            26      10043      272                                   
18951023 900 1159  5114           Ophir             0      10057      267                                   
189510231300 1159  5114           Ophir            10      10044      267                                   
189510232100 1159  5114           Ophir            46      10047      267                                   
18951024 100 1159  5114           Ophir            10      10045      261                                   
18951024 800 1053  5717           Ophir            67      10034      322                                   
189510241200 1053  5717           Ophir            93      10028      322                                   
189510242000  944  6255           Ophir            93      10030      283                                   
18951025   0 1053  5717           Ophir            93      10025      278                                   
18951025 800  944  6255           Ophir            93      10017      322                                   
189510251200  944  6255           Ophir           123      10001      317                                   
189510252000  944  6255           Ophir           123      10031      278                                   
18951026   0  944  6255           Ophir           123      10021      278                                   
18951026 700  950  6920           Ophir           123      10035      317                                   
189510261100  950  6920           Ophir            67      10018      317                                   
189510261900  950  6920           Ophir            67      10044      283                                   
189510262300  950  6920           Ophir            26      10038      278                                   
18951027 700  814  7560           Ophir            46      10051      278                                   
189510271100  814  7560           Ophir            10      10048      278                                   
189510271900  814  7560           Ophir            26      10045      272                                   
189510272300  814  7560           Ophir            46      10031      278                                   
18951028 700  695  7984           Ophir            26      10020      300                                   
189510281100  695  7984           Ophir            26      10014      294                                   
189510281900  430  8050           Ophir            46      10032      267                                   
189510282300  430  7560           Ophir            67      10028      272                                   
18951029 700  430  8050           Ophir            67      10044      278                                   
189510291100  430  8050           Ophir            46      10022      283                                   
189510291900  430  8050           Ophir            67      10047      278                                   
