1893 6 1 300-3751 14456           Orbost          190      10071      167                                   
1893 6 2 300-3751 14456           Orbost           93      10178      133                                   
1893 6 3 300-3751 14456           Orbost           93      10208      133                                   
1893 6 4 200-3751 14456           Orbost           26      10272      133                                   
1893 6 5 200-3751 14456           Orbost           26      10262      133                                   
1893 6 6 200-3751 14456           Orbost           26      10254      139                                   
1893 6 7 200-3751 14456           Orbost           26      10247      122                                   
1893 6 8 200-3751 14456           Orbost            0      10238      117                                   
1893 6 9 200-3751 14456           Orbost            0      10198      111                                   
1893 610 200-3751 14456           Orbost            0      10165      111                                   
1893 611 200-3751 14456           Orbost           67      10159      122                                   
1893 612 200-3751 14456           Orbost            0      10154      156                                   
1893 613 200-3819 14437           Orbost           67      10064      150                                   
1893 614 200-3831 14520           Orbost           93      10020      156                                   
1893 615 400-3906 14614           Orbost           67      10024      156                                   
1893 616 200-3912 14560           Orbost           67      10005      167                                   
1893 616 300-3918 14506           Orbost           67      10005      167                                   
1893 617 400-3747 14832           Orbost           67      10024      144                                   
1893 618 400-3747 14832           Orbost           67      10024      144                                   
1893 619 300-3747 14832           Orbost            0      10059      139                                   
1893 620 300-3747 14832           Orbost           26      10094      128                                   
1893 621 300-3747 14832           Orbost            0      10112      122                                   
1893 622 300-3747 14832           Orbost            0      10095      122                                   
1893 623 300-3747 14832           Orbost          123      10061      122                                   
1893 624 300-3747 14832           Orbost           67      10125      122                                   
1893 625 300-3747 14832           Orbost            0      10196      122                                   
1893 626 400-3747 14832           Orbost           67      10144      111                                   
1893 627 400-3747 14832           Orbost            0      10035      117                                   
1893 628 400-3800 14831           Orbost           93      10000      128                                   
1893 629 600-3853 14831           Orbost          190      10109      128                                   
1893 630 400-3906 14831           Orbost          268      10142      133                                   
1893 8 1 300-3781 14496           Orbost           93      10197      122                                   
1893 8 2 400-3789 14508           Orbost            0      10063      117                                   
1893 8 3 400-3798 14520           Orbost           67      10151      117                                   
1893 8 4 400-3806 14532           Orbost           93      10097      111                                   
1893 8 5 500-3815 14544           Orbost           67      10064      111                                   
1893 8 6 400-3823 14556           Orbost           67      10130      117                                   
1893 8 7 200-3832 14568           Orbost                                                                    
1893 8 8 200-3840 14579           Orbost           93      10203      128                                   
1893 8 9 300-3849 14591           Orbost           26      10263      133                                   
1893 810 400-3857 14603           Orbost           26      10313      139                                   
1893 811 300-3866 14615           Orbost           26      10333      161                                   
1893 811 400-3874 14627           Orbost                   10333      161                                   
1893 812 400-3883 14639           Orbost           67      10261      167                                   
1893 813 300-3891 14651           Orbost                   10226      156                                   
1893 814 300-3863 14683           Orbost           26      10168      178                                   
1893 815 400-3835 14715           Orbost          123      10026      156                                   
1893 816 600-3807 14747           Orbost          123      10203      128                                   
1893 817 300-3779 14779           Orbost           26      10269      133                                   
1893 818 300-3751 14811           Orbost           26      10265      156                                   
1893 819 400-3723 14843           Orbost           26      10174      156                                   
1893 820 400-3695 14875           Orbost           26      10152      183                                   
1893 821 400-3667 14907           Orbost           67      10093      172                                   
1893 822 400-3639 14939           Orbost           26      10074      144                                   
1893 823 300-3611 14971           Orbost           93      10052      172                                   
1893 824 300-3583 15003           Orbost           93      10085      178                                   
1893 825 300-3555 15035           Orbost           93      10093      167                                   
1893 826 300-3527 15067           Orbost           67      10084      156                                   
1893 827 300-3499 15099           Orbost          123      10153      167                                   
1893 828 300-3471 15131           Orbost           93      10124      139                                   
1893 829 300-3443 15163           Orbost           26      10088      150                                   
1893 830 500-3415 15195           Orbost          190      10020      150                                   
1893 831 400-3387 15227           Orbost          190      10021      144                                   
1895 9 1 300-3748 14832           Orbost           93      10157      133                                   
1895 9 2 300-3747 14831           Orbost           67      10096      156                                   
1895 9 3 300-3747 14831           Orbost           67      10021      161                                   
1895 9 4 300-3747 14831           Orbost           10       9967      183                                   
1895 9 5 300-3747 14831           Orbost           67      10054      167                                   
1895 9 6 300-3747 14831           Orbost           67      10054      167                                   
1895 9 7 300-3747 14831           Orbost           10       9979      133                                   
1895 9 8 300-3756 14826           Orbost          123       9988      117                                   
1895 9 9 300-3890 14818           Orbost           67      10061      156                                   
1895 910 300-3839 14825           Orbost           10      10094      156                                   
1895 911 300-3902 14629           Orbost           93       9969      161                                   
1895 911 400-3902 14628           Orbost                                                                    
1895 912 400-3902 14627           Orbost          190       9969      178                                   
1895 913 400-3920 14627           Orbost           93       9961      167                                   
1895 914 300-3879 14626           Orbost           93      10007      172                                   
1895 915 300-3839 14825           Orbost          190      10007      172                                   
1895 916 300-3910 14622           Orbost           93      10123      167                                   
1895 917 300-3910 14622           Orbost          190      10056      167                                   
1895 918 400-3832 14520           Orbost           67      10144      156                                   
1895 919 300-3750 14455           Orbost           10      10169      183                                   
1895 920 300-3751 14456           Orbost          123      10089      200                                   
1895 921 500-3751 14456           Orbost          123      10020      211                                   
1895 922 300-3751 14456           Orbost          123      10045      222                                   
1895 923 500-3751 14456           Orbost           67      10047      211                                   
1895 924 300-3751 14456           Orbost           67      10020      167                                   
1895 925 300-3751 14456           Orbost           93      10024      167                                   
1895 926 300-3751 14456           Orbost           67      10139      161                                   
1895 927 300-3751 14456           Orbost           10      10189      167                                   
1895 928 300-3751 14456           Orbost           10      10176      161                                   
1895 929 400-3751 14456           Orbost           93      10096      222                                   
1895 930 200-3751 14456           Orbost          190       9994      222                                   
