189212 11900 -827  7157           Orijaba          67      10086      267                                   
189212 2 700 -827  7157           Orijaba          67      10084      283                                   
189212 22000 -919  6614           Orijaba          67      10104      267                                   
189212 3 800 -919  6614           Orijaba          67      10106      272                                   
189212 32000-1021  6017           Orijaba          67      10104      267                                   
189212 4 800-1021  6017           Orijaba          67      10104      267                                   
189212 42000-1127  5414           Orijaba          67      10109      261                                   
189212 5 800-1127  5414           Orijaba          67      10108      267                                   
189212 52100-1174  5083           Orijaba          67      10119      278                                   
189212 6 900-1221  4753           Orijaba          67      10118      289                                   
189212 62100-1330  4496           Orijaba          93      10085      283                                   
189212 7 900-1440  4240           Orijaba          67      10104      278                                   
189212 8 900 1970  3924           Orijaba          93      10121      294                                   
189212261100 -523  7827           Orijaba                             267                                   
1893 2 9 700  216  8246           Orijaba          26      10106      283                                   
1893 210 600 -230  8620           Orijaba          46      10107      300                                   
1893 211 600 -618  9000           Orijaba          67      10103      289                                   
1893 212 600-1038  9329           Orijaba          46      10089      294                                   
1893 213 600-1446  9700           Orijaba          93      10071      272                                   
1893 214 500-1847 10030           Orijaba          93      10094      267                                   
1893 215 500-2252 10450           Orijaba          67      10109      250                                   
1893 216 500-2719 10800           Orijaba          46      10109      250                                   
1893 217 500-3134 11220           Orijaba          93      10147      244                                   
1893 219 400-3521 12222           Orijaba           0      10247      211                                   
1893 220 300-3528 12926           Orijaba          46      10267      211                                   
1893 221 300-3531 13629           Orijaba          26                 222                                   
1893 222 300-3641 13858           Orijaba         123      10248      211                                   
1893 223 200-3751 14437           Orijaba          46      10213      228                                   
1893 224 200-3861 14648           Orijaba          26      10166      311                                   
1893 225 200-3971 14859           Orijaba         123      10102      300                                   
1893 226 200-4081 15070           Orijaba         154      10165      228                                   
1893 227 200-4191 15281           Orijaba          67      10290      294                                   
