1894 3 1 100-4423 16336           Orlando          26      10228      172                                   
1894 3 2 900-4534 16596           Orlando         190      10158      156                                   
1894 3 3 100-4645 16857           Orlando          93      10093      183                                   
1894 3 4   0-4410 17258           Orlando          26      10110      172                                   
1894 3 5 800-4402 17264           Orlando          10      10107      189                                   
1894 3 6   0-4393 17270           Orlando          26      10144      167                                   
1894 3 7   0-4385 17277           Orlando          10      10196      161                                   
1894 3 8   0-4377 17283           Orlando          26      10183      178                                   
1894 3 9   0-4368 17289           Orlando          26      10192      183                                   
1894 310   0-4360 17295           Orlando          10      10121      161                                   
1894 311   0-4352 17301           Orlando          26      10111      183                                   
1894 312   0-4344 17308           Orlando          10      10226      178                                   
1894 313   0-4335 17314           Orlando          10      10232      167                                   
1894 314   0-4327 17320           Orlando          46      10175      183                                   
1894 315   0-4285 17297           Orlando          26      10224      211                                   
1894 316   0-4243 17274           Orlando          67      10114      200                                   
1894 3161600-4201 17251           Orlando          46      10071      194                                   
1894 318 100-4159 17228           Orlando          26      10076      156                                   
1894 319 100-4116 17205           Orlando          26      10126      161                                   
1894 320 100-4074 17182           Orlando          26      10179      167                                   
1894 321 100-4032 17159           Orlando          10      10188      167                                   
1894 322 100-3990 17136           Orlando          26      10172      183                                   
1894 323 100-3948 17113           Orlando          10      10159      194                                   
1894 324 100-3828 16628           Orlando          10      10187      183                                   
1894 325 100-3713 16220           Orlando          93      10114      211                                   
1894 326 900-3617 15846           Orlando          46      10082      233                                   
1894 327 200-3453 15452           Orlando          10      10125      250                                   
1894 328 200-3289 15058           Orlando          26      10174      233                                   
1894 329 200-3125 14664           Orlando          10      10191      206                                   
1894 330 200-2961 14270           Orlando                  10175      211                                   
1894 331 300-2797 13876           Orlando          46      10213      217                                   
1894 1 1 200-3822 14435           Orlando          10      10108      211                                   
1894 1 2 200-3822 14435           Orlando          26      10093      239                                   
1894 1 3 200-3822 14435           Orlando          10      10079      289                                   
1894 1 41000-3851 14331           Orlando          46      10149      150                                   
1894 1 5 300-3820 14144           Orlando          46      10151      178                                   
1894 1 6 300-3755 13857           Orlando          46      10187      200                                   
1894 1 7 300-3525 13616           Orlando          46      10185      178                                   
1894 1 8 300-3505 13615           Orlando          10      10163      211                                   
1894 1 9 300-3485 13613           Orlando          10      10121      217                                   
1894 110 300-3466 13612           Orlando           0      10065      228                                   
1894 111 300-3446 13611           Orlando          26      10024      189                                   
1894 112 300-3730 13743           Orlando         154       9896      206                                   
1894 113 300-3954 14031           Orlando          67       9936      156                                   
1894 114 200-4212 14315           Orlando          46       9998      167                                   
1894 115 200-4342 14656           Orlando          46      10110      167                                   
1894 116 200-4342 14656           Orlando          10      10177      172                                   
1894 117 200-4342 14656           Orlando          46      10105      200                                   
1894 118 200-4342 14656           Orlando          10      10228      167                                   
1894 119 200-4342 14656           Orlando          26      10084      222                                   
1894 120 200-4342 14656           Orlando          46      10137      206                                   
1894 121 200-4342 14656           Orlando          46      10137      211                                   
1894 122 200-4342 14656           Orlando          46      10128      222                                   
1894 123 200-4342 14656           Orlando          26      10161      167                                   
1894 124 200-4342 14656           Orlando                  10175      183                                   
1894 125 200-4342 14656           Orlando          26                                                       
1894 126 200-4342 14656           Orlando          26      10169      178                                   
1894 127 200-4342 14656           Orlando          26      10253      178                                   
1894 128 200-4342 14656           Orlando          46      10191      189                                   
1894 129 200-4342 14656           Orlando          10      10196      200                                   
1894 130 200-4342 14656           Orlando          26      10116      233                                   
1894 131 200-4342 14656           Orlando          26       9945      250                                   
1892 7312100-3978 17210           Orlando           0      10326       89                                   
1892 8 12000-3756 17315           Orlando           0      10319       78                                   
1892 8 22000-3534 17420           Orlando          10      10313      122                                   
1892 8 32000-3312 17525           Orlando          93      10288      156                                   
1892 8 42000-3090 17630           Orlando          67      10215      178                                   
1892 8 5 400-2906 17631           Orlando          93      10155      183                                   
1892 8 51600-2723 17632           Orlando          67      10135      178                                   
1892 8 52000-2649 17654           Orlando         123      10120      183                                   
1892 8 6   0-2575 17676           Orlando         190      10114      194                                   
1892 8 6 400-2501 17698           Orlando         123      10087      189                                   
1892 8 61600-2427 17720           Orlando         123      10069      194                                   
1892 8 62000-2289 17729           Orlando          46      10099      211                                   
1892 8 7   0-2150 17737           Orlando          26      10114      217                                   
1892 8 72000-2012 17746           Orlando          46      10132      244                                   
1892 8 82000-1988 17755           Orlando                  10119      261                                   
1892 8 92000-1964 17764           Orlando          10                 256                                   
1892 8102000-1940 17773           Orlando                  10104      250                                   
1892 8112000-1916 17782           Orlando                  10122      261                                   
1892 8122000-1893 17792           Orlando                  10107      233                                   
1892 8132000-1869 17801           Orlando          10      10165      228                                   
1892 8142000-1845 17810           Orlando          10      10173      239                                   
1892 8152000-1821 17819           Orlando          10      10136      239                                   
1892 8162000-2010 17421           Orlando          46      10142      244                                   
1892 8172100-2122 16946           Orlando          26      10165      233                                   
1892 8181700-2217 16714           Orlando          26      10117      244                                   
1892 8182100-2217 16714           Orlando          26      10130      244                                   
1892 8192100-2223 16669           Orlando          26      10083      228                                   
1892 8202100-2228 16624           Orlando          10      10079      211                                   
1892 8212100-2234 16580           Orlando                  10110      206                                   
1892 8222100-2240 16535           Orlando          10      10118      217                                   
1892 8232100-2418 16126           Orlando          46      10166      222                                   
