189312 21800-1521  9501           Ormuz            67      10157      244                                   
189312 3 200-1561  9574           Ormuz            67      10152      250                                   
189312 3 600-1601  9647           Ormuz            67      10141      261                                   
189312 31000-1641  9720           Ormuz            67      10132      267                                   
189312 31300-1714  9780           Ormuz            67      10150      250                                   
189312 31700-1788  9840           Ormuz            67      10159      244                                   
189312 32100-1861  9899           Ormuz            67      10157      244                                   
189312 4 100-1935  9959           Ormuz            67      10173      247                                   
189312 4 500-2008 10019           Ormuz            67      10141      256                                   
189312 4 900-2048 10100           Ormuz            67      10173      261                                   
189312 41300-2132 10150           Ormuz            67      10182      233                                   
189312 41700-2217 10200           Ormuz            67      10184      228                                   
189312 42100-2301 10250           Ormuz            67      10182      217                                   
189312 5 100-2386 10300           Ormuz            67      10178      222                                   
189312 5 500-2470 10350           Ormuz            67      10194      233                                   
189312 5 900-2447 10437           Ormuz            93      10192      231                                   
189312 51300-2528 10500           Ormuz            93      10203      219                                   
189312 51700-2608 10564           Ormuz            93      10199      211                                   
189312 52100-2689 10627           Ormuz            93      10186      211                                   
189312 6 100-2769 10691           Ormuz            93      10189      219                                   
189312 6 500-2850 10754           Ormuz            93      10178      222                                   
189312 6 900-2842 10834           Ormuz            93      10169      211                                   
189312 61300-2922 10917           Ormuz            93      10161      200                                   
189312 61700-3001 11000           Ormuz            93      10158      194                                   
189312 62100-3081 11084           Ormuz            93      10142      189                                   
189312 7 100-3160 11167           Ormuz            93      10126      206                                   
189312 7 400-3240 11250           Ormuz            93      10113      231                                   
189312 7 800-3240 11250           Ormuz            93      10110      233                                   
189312 71200-3240 11250           Ormuz            93      10096      211                                   
189312 71600-3240 11250           Ormuz            93      10085      206                                   
189312 72000-3240 11250           Ormuz            93      10084      194                                   
189312122300-3831 14093           Ormuz            46      10159      150                                   
18931213 300-3825 14119           Ormuz            46      10145      194                                   
18931213 700-3819 14145           Ormuz            67      10138      189                                   
189312131100-3813 14171           Ormuz            67      10132      172                                   
189312131200-3808 14197           Ormuz                    10121      172                                   
189312131500-3802 14223           Ormuz            46      10107      172                                   
189312131900-3796 14249           Ormuz            46      10123      167                                   
189312132200-3790 14275           Ormuz            46      10119      183                                   
18931214 200-3785 14300           Ormuz                                                                     
18931214 600-3779 14326           Ormuz            10                 283                                   
189312141000-3773 14352           Ormuz            10      10095      250                                   
189312141400-3767 14378           Ormuz            10      10094      211                                   
189312141800-3762 14404           Ormuz            26      10090      183                                   
189312142200-3756 14430           Ormuz            26      10088      156                                   
18931215 200-3750 14456           Ormuz            10      10086      178                                   
18931215 600-3750 14456           Ormuz            10      10073      150                                   
189312151000-3750 14456           Ormuz            10      10080      156                                   
189312151400-3750 14456           Ormuz            10      10072      144                                   
189312151800-3750 14456           Ormuz            46      10085      133                                   
189312152200-3750 14456           Ormuz            46      10060      183                                   
18931216 200-3750 14456           Ormuz            46      10085      189                                   
18931216 600-3751 14535           Ormuz            93      10082      167                                   
189312161000-3751 14614           Ormuz            93      10099      156                                   
189312161400-3752 14693           Ormuz            93      10107      161                                   
189312161800-3753 14772           Ormuz            67      10086      156                                   
189312162200-3753 14851           Ormuz            10      10106      161                                   
18931217 200-3754 14930           Ormuz            10      10068      194                                   
18931217 600-3755 15009           Ormuz            67      10046      217                                   
189312171000-3755 15088           Ormuz            93      10041      222                                   
189312171800-3756 15167           Ormuz            46      10044      222                                   
1894 112   0-3511 12622           Ormuz                                                                     
1894 2 51000 3525  2745           Ormuz            46                 156                                   
1894 3282000 1111  6242           Ormuz            67      10143      261                                   
1894 329   0 1111  6242           Ormuz            26      10129      256                                   
1894 329 400 1111  6242           Ormuz                    10156      261                                   
1894 329 800 1111  6242           Ormuz            46      10148      300                                   
1894 3291600 1111  6242           Ormuz            46      10144      261                                   
1894 3292000 1015  6242           Ormuz            46      10146      278                                   
1894 330   0 1111  6242           Ormuz                    10130      261                                   
1894 330 400 1111  6242           Ormuz            46      10159      267                                   
1894 330 800 1015  6242           Ormuz            67                 278                                   
1894 3301200 1015  6242           Ormuz                    10136      278                                   
1894 3301600 1015  6242           Ormuz                    10161      267                                   
1894 3302000  914  6539           Ormuz                    10139      283                                   
1894 331   0 1015  6242           Ormuz            26                 272                                   
1894 331 400 1015  6242           Ormuz            26                 278                                   
1894 331 800  914  6539           Ormuz            26      10153      283                                   
1894 3311200  914  6539           Ormuz                    10127      289                                   
1894 3311600  914  6539           Ormuz                               283                                   
1894 3311900  815  7414           Ormuz                    10118      278                                   
1894 4 1   0  914  6539           Ormuz                    10121      278                                   
1894 4 1 400  914  6539           Ormuz            26      10144      283                                   
1894 4 1 700  815  7414           Ormuz            26      10130      294                                   
1894 4 11100  815  7414           Ormuz                    10108      294                                   
1894 4 11500  815  7414           Ormuz                               278                                   
1894 4 11900  659  7948           Ormuz            26      10125      256                                   
1894 4 12300  815  7414           Ormuz            26      10099      283                                   
1894 4 2 300  815  7414           Ormuz            26                                                       
1894 4 2 700  659  7948           Ormuz            26      10123      294                                   
1894 4 21100  659  7948           Ormuz            26      10117      283                                   
1894 4 21500  659  7948           Ormuz            26      10120      278                                   
1894 413 400-3540 11759           Ormuz            67      10116      228                                   
1895 7222200 2756  3398           Ormuz           123                                                       
1895 7231000 2252  3705           Ormuz                                                                     
1895 8 21700-2159 10258           Ormuz                                                                     
1895 8 3 500-2159 10258           Ormuz                                                                     
1895 812 900 1748  4012           Ormuz            26      10019      339                                   
1895 8122100 1244  4319           Ormuz            26      10011      306                                   
1895 813 900 1244  4319           Ormuz             0      10031      342                                   
1895 8132100 1242  4919           Ormuz            26      10012      306                                   
1895 814 900 1242  4919           Ormuz            67      10017      322                                   
1895 8142000 1223  5535           Ormuz           123      10030      261                                   
1895 815 800 1223  5535           Ormuz           154      10047      272                                   
1895 8152000 1051  6133           Ormuz            67      10085      278                                   
1895 816 800 1051  6133           Ormuz            67      10073      294                                   
1895 8162000  927  6729           Ormuz            46      10084      283                                   
1895 817 800  927  6729           Ormuz            46      10082      294                                   
1895 8171900  805  7323           Ormuz            26      10089      283                                   
1895 818 700  805  7223           Ormuz            46      10081      294                                   
1895 8181900  805  7223           Ormuz            67      10084      278                                   
1895 819 700  657  7906           Ormuz            67      10065      289                                   
1895 8191900  655  7951           Ormuz            67      10061      278                                   
1895 820 700  527  8026           Ormuz            67      10070      278                                   
1895 8201800  116  8355           Ormuz            67      10087      283                                   
1895 821 600  116  8355           Ormuz            93      10080      294                                   
1895 8211800 -257  8708           Ormuz            93      10101      272                                   
1895 822 600 -257  8708           Ormuz            67      10079      300                                   
1895 8221800 -640  8957           Ormuz            93      10092      283                                   
1895 823 600 -640  8957           Ormuz            93      10091      283                                   
1895 8231800-1010  9257           Ormuz           123      10100      272                                   
1895 824 600-1010  9257           Ormuz           123      10086      272                                   
1895 8241800-1347  9546           Ormuz           123      10105      267                                   
1895 825 600-1347  9546           Ormuz            93      10102      278                                   
1895 8251700-1740  9912           Ormuz            67      10128      250                                   
1895 826 500-1740  9912           Ormuz            46      10135      267                                   
1895 8261700-1740  9912           Ormuz            46      10158      231                                   
1895 827 500-2159 10258           Ormuz            67      10170      233                                   
1895 8271700-2159 10258           Ormuz            26      10172      200                                   
1895 828 500-2614 10650           Ormuz            67      10150      217                                   
1895 8281700-2614 10650           Ormuz           123      10148      189                                   
1895 829 500-3028 11040           Ormuz            46      10153      211                                   
1895 8291700-3028 11040           Ormuz            26      10100      172                                   
1895 830 400-3441 11510           Ormuz           123       9969      178                                   
1895 8301600-3502 11759           Ormuz           123      10002      122                                   
1895 831 400-3505 11833           Ormuz           123       9982      200                                   
1895 8311600-3505 11833           Ormuz           154       9995      178                                   
1895 9 1 400-3527 12535           Ormuz           123       9982      183                                   
1895 9 11600-3537 12535           Ormuz            46      10014      156                                   
1895 9 2 300-3548 13233           Ormuz            46       9985      167                                   
1895 9 21500-3548 13233           Ormuz           190      10040      139                                   
1895 9 3 300-3450 13830           Ormuz           123      10095      156                                   
1895 9 31500-3631 13938           Ormuz           123      10043      156                                   
1895 9 4 300-3812 14047           Ormuz           154      10106      161                                   
1895 9 41500-3812 14047           Ormuz           190       9904      144                                   
1895 9 5 200-3751 14456           Ormuz           123      10035      161                                   
1895 9 51400-3750 14455           Ormuz            26      10098      128                                   
1895 9 6 200-3810 14455           Ormuz            67      10061      167                                   
1895 9 61400-3810 14455           Ormuz            67      10081      139                                   
1895 9 7 200-3741 14950           Ormuz            26      10104      144                                   
1895 9 71400-3741 14950           Ormuz            26      10137      178                                   
1895 9 8 200-3353 15119           Ormuz            26      10087      217                                   
1895 9 81400-3351 15112           Ormuz             0      10077      211                                   
