1894 5151500-3928 14065           Oronsay                  10134      144                                   
1894 5151900-3930 14093           Oronsay          46      10148      139                                   
1894 5152300-3931 14121           Oronsay          67      10147      144                                   
1894 516 300-3933 14149           Oronsay          46      10147      144                                   
1894 516 700-3935 14177           Oronsay          93      10130      144                                   
1894 5161100-3936 14205           Oronsay          46      10133      150                                   
1894 5161500-3938 14232           Oronsay          26      10123      150                                   
1894 5161800-3940 14260           Oronsay                  10130      144                                   
1894 5162200-3941 14288           Oronsay          67      10144      144                                   
1894 517 200-3943 14316           Oronsay          46      10143      150                                   
1894 517 600-3945 14344           Oronsay          26      10119      150                                   
1894 5171000-3946 14372           Oronsay          26      10119      150                                   
1894 5171400-3948 14399           Oronsay                                                                   
1894 5171800-3950 14427           Oronsay          26      10127      144                                   
1894 5172200-3951 14455           Oronsay          26      10134      144                                   
1894 518 200-3953 14483           Oronsay          26      10134      144                                   
1894 518 600-3955 14511           Oronsay          10      10130      167                                   
1894 5 6 500-4480  4549           Oronsay          67      10009      111                                   
1894 5 6 500-4480 10549           Oronsay         123      10033      111                                   
1894 5 6 900-4480 10549           Oronsay         123      10122      100                                   
1894 5 61300-4480 10549           Oronsay         154      10106      100                                   
1894 5 61700-4480 10549           Oronsay         226       9942      128                                   
1894 5 62100-4480 10549           Oronsay          67      10126      100                                   
1894 5 7 100-4417 10789           Oronsay          67      10108       99                                   
1894 5 7 500-4354 11029           Oronsay          93      10064      100                                   
1894 5 7 900-4354 11100           Oronsay         190       9997      117                                   
1894 5 71300-4354 11171           Oronsay         226       9969      122                                   
1894 5 71700-4354 11241           Oronsay         154       9935      100                                   
1894 5 72000-4355 11312           Oronsay          93       9906      133                                   
1894 5 8   0-4355 11383           Oronsay          10       9904      128                                   
1894 5 8 400-4355 11454           Oronsay          26       9905      103                                   
1894 5 8 800-4354 11518           Oronsay          10       9905      100                                   
1894 5 81200-4352 11583           Oronsay          67       9895      100                                   
1894 5 81600-4351 11647           Oronsay         190       9948      128                                   
1894 5 82000-4350 11711           Oronsay         190       9931      106                                   
1894 5 9   0-4348 11776           Oronsay         190                                                       
1894 5 9 400-4347 11840           Oronsay         190       9919      117                                   
1894 5 9 800-4342 11997           Oronsay         226       9898      119                                   
1894 5 91200-4336 12154           Oronsay         190       9915      119                                   
1894 5 91600-4331 12311           Oronsay         123      10076       89                                   
1894 5 92000-4331 12311           Oronsay         154       9979      122                                   
1894 510   0-4331 12311           Oronsay          67       9993      100                                   
1894 510 400-4331 12311           Oronsay         123      10003      100                                   
1894 510 800-4331 12311           Oronsay         123      10021       94                                   
1894 5101200-4331 12311           Oronsay         123      10048       94                                   
1894 4251900-4019  6838           Oronsay          46                                                       
1894 4252300-4023  6869           Oronsay          67      10060      147                                   
1894 426 300-4027  6900           Oronsay          67      10063      150                                   
1894 426 700-4031  6931           Oronsay          46      10068      139                                   
1894 4261100-4035  6962           Oronsay          26      10064      142                                   
1894 4261500-4039  6993           Oronsay          10      10078      142                                   
1894 4261900-4043  7023           Oronsay          46      10109      136                                   
1894 4262300-4047  7054           Oronsay          67      10125      144                                   
1894 427 300-4051  7085           Oronsay          26      10152      144                                   
1894 427 700-4055  7116           Oronsay          26      10164      150                                   
1894 4271100-4064  7153           Oronsay           0      10171      150                                   
1894 4271500-4073  7190           Oronsay          10      10175      147                                   
1894 4271900-4082  7226           Oronsay          46      10179      144                                   
1894 4272300-4092  7263           Oronsay          67      10162      144                                   
1894 428 300-4101  7300           Oronsay          67      10141      150                                   
1894 428 700-4110  7337           Oronsay          67      10135      144                                   
1894 4281100-4116  7401           Oronsay          93      10109      142                                   
1894 4281500-4123  7466           Oronsay         123      10095      142                                   
1894 4281900-4129  7531           Oronsay         154      10092      144                                   
1894 4282300-4135  7595           Oronsay          67      10107      133                                   
1894 429 300-4142  7659           Oronsay          10      10134      133                                   
1894 429 700-4148  7724           Oronsay          10      10143      139                                   
1894 4291100-4159  7772           Oronsay          26      10149      128                                   
1894 4291500-4171  7821           Oronsay          26      10160      122                                   
1894 4291900-4182  7869           Oronsay          46      10163      122                                   
1894 4292300-4194  7918           Oronsay          46      10153      122                                   
1894 430 300-4205  7967           Oronsay          46      10154      140                                   
1894 430 700-4217  8015           Oronsay          67      10148      133                                   
1894 4301100-4228  8063           Oronsay          93      10139      131                                   
1894 4301500-4240  8112           Oronsay         154      10142      133                                   
1894 4301900-4251  8160           Oronsay         154      10135      133                                   
1894 4202100-4312  5218           Oronsay          93      10185       78                                   
1894 421   0-4314  5297           Oronsay          93      10150       67                                   
1894 421 400-4315  5376           Oronsay         123      10166       72                                   
1894 421 800-4317  5455           Oronsay          93      10180       72                                   
1894 4211200-4318  5534           Oronsay          67      10186       72                                   
1894 4211600-4320  5613           Oronsay          67      10190       72                                   
1894 4212000-4321  5691           Oronsay          67      10239      100                                   
1894 422   0-4323  5770           Oronsay          93      10178       83                                   
1894 422 400-4324  5849           Oronsay         123      10183       92                                   
1894 422 800-4326  5928           Oronsay         123      10201       89                                   
1894 4221200-4297  5995           Oronsay          93      10210       89                                   
1894 4221600-4269  6062           Oronsay          93      10235      100                                   
1894 4222000-4240  6128           Oronsay         190      10187      122                                   
1894 423   0-4212  6195           Oronsay          93      10248      100                                   
1894 423 400-4183  6262           Oronsay         154      10248      100                                   
1894 423 800-4155  6329           Oronsay         154      10254      106                                   
1894 4231200-4132  6349           Oronsay         154      10223      108                                   
1894 4231600-4109  6369           Oronsay         190      10212      111                                   
1894 4232000-4085  6388           Oronsay         190      10019      150                                   
1894 424   0-4062  6408           Oronsay         226                 125                                   
1894 424 400-4039  6428           Oronsay         226      10113      133                                   
1894 424 800-4016  6448           Oronsay         226      10078      139                                   
1894 4241200-4025  6480           Oronsay         226      10048      139                                   
1894 4241600-4034  6512           Oronsay         190      10016      144                                   
1894 4242000-4043  6544           Oronsay          93                 147                                   
1894 425   0-4052  6576           Oronsay         190      10017      144                                   
1894 425 400-4061  6608           Oronsay         154      10028      139                                   
1894 425 800-4070  6640           Oronsay         123      10045      136                                   
1894 4251200-4079  6672           Oronsay          67      10058      142                                   
1894 4251600-4088  6704           Oronsay          46      10068      142                                   
1894 4152200 4323  3236           Oronsay          46      10063      122                                   
1894 416 200 1441  3236           Oronsay          67      10001      144                                   
1894 416 600-1441  3236           Oronsay          67       9907      144                                   
1894 4161000-4323  3236           Oronsay          67       9941      125                                   
1894 4161400-1440  3236           Oronsay                  10014      147                                   
1894 4161800 1442  3236           Oronsay          46      10023      136                                   
1894 417 200 4325  3619           Oronsay                             133                                   
1895 522 300-4022 12948           Oronsay          67      10215      150                                   
1895 522 700-4009 13026           Oronsay                                                                   
1895 5221100-3996 13105           Oronsay          46      10215      144                                   
1895 5221900-3984 13183           Oronsay                  10199      139                                   
1895 5222300-3971 13262           Oronsay                                                                   
1895 523 300-3958 13340           Oronsay                  10185      144                                   
1895 523 700-3948 13411           Oronsay                                                                   
1895 5231100-3938 13482           Oronsay          67      10172      139                                   
1895 5231900-3928 13553           Oronsay                                                                   
1895 5232300-3918 13624           Oronsay          93      10159      133                                   
1895 524 300-3908 13695           Oronsay          93      10171      122                                   
1895 524 700-3898 13766           Oronsay                                                                   
1895 5241100-3888 13837           Oronsay          67                                                       
1895 5241900-3878 13908           Oronsay                             128                                   
1895 5242300-3868 13979           Oronsay          26      10270      133                                   
1895 525 300-3858 14050           Oronsay          10      10285      144                                   
1895 525 700-3858 14106           Oronsay                                                                   
1895 5251100-3858 14162           Oronsay                                                                   
1895 5251900-3859 14218           Oronsay          67      10247      150                                   
1895 5252200-3859 14274           Oronsay          93      10243      150                                   
1895 526 200-3859 14330           Oronsay                                                                   
1895 526 600-3859 14386           Oronsay          67      10219      156                                   
1895 5261000-3859 14442           Oronsay                                                                   
1895 517 500-4180 10835           Oronsay          46      10258      122                                   
1895 517 900-4154 10893           Oronsay                                                                   
1895 5171300-4127 10950           Oronsay          26                                                       
1895 5172100-4101 11008           Oronsay                  10255      117                                   
1895 518 100-4074 11065           Oronsay          46                 122                                   
1895 518 500-4048 11123           Oronsay          26      10249      128                                   
1895 518 900-4046 11204           Oronsay          46                                                       
1895 5181200-4044 11285           Oronsay          67      10248      133                                   
1895 5182000-4042 11367           Oronsay          93      10236      122                                   
1895 519   0-4040 11448           Oronsay                             128                                   
1895 519 400-4038 11529           Oronsay                                                                   
1895 519 800-4038 11615           Oronsay                                                                   
1895 5191200-4038 11701           Oronsay                  10242      128                                   
1895 5192000-4038 11786           Oronsay          67      10242      128                                   
1895 520   0-4038 11872           Oronsay                                                                   
1895 520 400-4038 11958           Oronsay                  10248      133                                   
1895 5201200-4041 12082           Oronsay                  10250      139                                   
1895 5202000-4043 12207           Oronsay                                                                   
1895 521   0-4046 12331           Oronsay          67                                                       
1895 521 400-4049 12456           Oronsay                             144                                   
1895 521 800-4052 12580           Oronsay                                                                   
1895 5211200-4054 12705           Oronsay                             139                                   
1895 5211900-4057 12829           Oronsay         123                                                       
1895 5212300-4060 12954           Oronsay          67      10220      139                                   
1895 5111800-4018  8830           Oronsay                  10182      144                                   
1895 512 600-4018  8830           Oronsay          67      10207      156                                   
1895 5121000-4018  8830           Oronsay          93      10197      156                                   
1895 5121400-4018  8830           Oronsay                  10195      144                                   
1895 5122200-4034  9038           Oronsay         154      10169      139                                   
1895 513 600-4050  9246           Oronsay          26      10173      156                                   
1895 5131000-4050  9246           Oronsay          26      10181      150                                   
1895 5131400-4050  9246           Oronsay          26      10183      139                                   
1895 5131800-4056  9633           Oronsay          46      10183      139                                   
1895 5132200-4056  9633           Oronsay          67      10173      139                                   
1895 514 200-4056  9633           Oronsay          67      10173      139                                   
1895 514 600-4056  9633           Oronsay          93      10166      139                                   
1895 5141000-4056  9633           Oronsay          93      10159      139                                   
1895 5141400-4056  9633           Oronsay          93      10159      139                                   
1895 5142100-4097  9797           Oronsay          67      10162      122                                   
1895 515 100-4139  9960           Oronsay          67      10177      117                                   
1895 515 500-4180 10124           Oronsay          67      10184      117                                   
1895 515 900-4180 10124           Oronsay          67      10201      117                                   
1895 5151700-4114 10514           Oronsay          46                                                       
1895 5152100-4114 10514           Oronsay          46      10246      111                                   
1895 516 100-4114 10514           Oronsay          46      10252      111                                   
1895 516 500-4114 10514           Oronsay          46      10258      117                                   
1895 516 900-4114 10514           Oronsay          46      10257      122                                   
1895 5162100-4114 10514           Oronsay          46      10261      117                                   
1895 517 100-4114 10514           Oronsay          46      10265      117                                   
1895 5 7 700-4020  7000           Oronsay          67      10206      139                                   
1895 5 71100-4020  7000           Oronsay          67      10195      144                                   
1895 5 71500-4020  7000           Oronsay          93      10194      150                                   
1895 5 71900-4020  7000           Oronsay                                                                   
1895 5 72300-4020  7000           Oronsay          67      10180      156                                   
1895 5 8 300-4020  7000           Oronsay                  10180      156                                   
1895 5 8 700-4022  7332           Oronsay                  10179      161                                   
1895 5 81100-4022  7332           Oronsay          67      10173      156                                   
1895 5 81500-4022  7332           Oronsay          67      10174      150                                   
1895 5 81900-4021  7545           Oronsay          67                 150                                   
1895 5 82300-4020  7758           Oronsay          67      10160      156                                   
1895 5 9 300-4020  7758           Oronsay          67      10160      156                                   
1895 5 9 700-4024  7853           Oronsay                                                                   
1895 5 91500-4028  7948           Oronsay                                                                   
1895 5 92300-4032  8043           Oronsay                                                                   
1895 510 300-4036  8138           Oronsay          93                                                       
1895 510 700-4040  8233           Oronsay                  10113      156                                   
1895 5101000-4044  8328           Oronsay         123                                                       
1895 5101400-4048  8423           Oronsay          93      10109      139                                   
1895 5102200-4052  8518           Oronsay                  10137      128                                   
1895 511 200-4056  8613           Oronsay                                                                   
1895 512 200-4060  8708           Oronsay          46      10223      122                                   
1895 5 12000-4363  5348           Oronsay         309       9852       72                                   
1895 5 2 800-4355  5348           Oronsay          67       9881       83                                   
1895 5 21200-4346  5348           Oronsay         226       9774       94                                   
1895 5 21600-4338  5348           Oronsay         226       9747       94                                   
1895 5 22000-4329  5396           Oronsay         123      10072       50                                   
1895 5 3   0-4321  5444           Oronsay         268       9952       61                                   
1895 5 3 400-4321  5492           Oronsay         190      10009       61                                   
1895 5 3 800-4321  5540           Oronsay         154      10050       56                                   
1895 5 31200-4321  5622           Oronsay         190      10057       56                                   
1895 5 31600-4321  5705           Oronsay         123      10068       50                                   
1895 5 32000-4326  5787           Oronsay         268      10003       56                                   
1895 5 4   0-4330  5870           Oronsay          93      10064       56                                   
1895 5 4 400-4335  5952           Oronsay         154      10034       56                                   
1895 5 4 800-4340  6035           Oronsay         268       9974       72                                   
1895 5 41200-4320  6070           Oronsay         268       9913       67                                   
1895 5 41600-4300  6105           Oronsay         309       9965       61                                   
1895 5 42000-4280  6140           Oronsay         123      10206       94                                   
1895 5 5   0-4260  6176           Oronsay         226      10036       56                                   
1895 5 5 400-4240  6211           Oronsay         190      10057       72                                   
1895 5 5 800-4220  6246           Oronsay         190      10074       72                                   
1895 5 51200-4190  6311           Oronsay         154      10105       89                                   
1895 5 51600-4160  6376           Oronsay         123      10146       83                                   
1895 5 52000-4130  6441           Oronsay          67      10238      139                                   
1895 5 6   0-4100  6506           Oronsay          93      10229      106                                   
1895 5 6 400-4070  6571           Oronsay          67      10248      117                                   
1895 5 6 800-4040  6636           Oronsay          46      10261      117                                   
1895 5 61200-4010  6636           Oronsay          46      10254      117                                   
1895 5 61600-3980  6636           Oronsay          46      10253      122                                   
1895 5 7   0-3950  6636           Oronsay          67      10226      139                                   
1895 5 7 400-3920  6636           Oronsay          67      10215      139                                   
