1895 9282100-3829 10928           Orontes          67      10134      128                                   
1895 929 100-3829 10928           Orontes          67                                                       
1895 929 500-3829 10928           Orontes          67      10125      131                                   
1895 929 900-3829 10928           Orontes          67      10162      133                                   
1895 9291300-3829 10928           Orontes          67      10178      134                                   
1895 9291700-3829 10928           Orontes          93      10144      139                                   
1895 9292000-3916 11255           Orontes          93      10172      133                                   
1895 930   0-3916 11255           Orontes          93      10170      136                                   
1895 930 400-3916 11255           Orontes          93      10170      138                                   
1895 930 800-3916 11255           Orontes          93      10158      142                                   
1895 9301200-3916 11255           Orontes          93      10160      144                                   
1895 9301600-3939 11351           Orontes                                                                   
1895 9302000-3961 11447           Orontes          93      10134      134                                   
189510 1   0-3984 11543           Orontes          67      10140      133                                   
189510 1 400-4007 11639           Orontes          67      10140      128                                   
189510 1 800-4007 11639           Orontes                  10111      146                                   
189510 11200-4007 11639           Orontes         123      10113      149                                   
189510 11600-4008 11741           Orontes         154                                                       
189510 12000-4008 11843           Orontes         190       9999      144                                   
189510 2   0-4009 11945           Orontes         190      10015      141                                   
189510 2 400-4010 12047           Orontes         123      10027      139                                   
189510 2 800-4009 12114           Orontes         123                                                       
189510 21200-4008 12180           Orontes         123      10073      150                                   
189510 21600-4006 12247           Orontes                                                                   
189510 22000-4005 12314           Orontes         154      10072      140                                   
189510 3   0-4004 12380           Orontes         123      10087      133                                   
189510 3 400-4003 12447           Orontes         123      10090      141                                   
189510 3 800-4002 12514           Orontes         123      10088      149                                   
189510 31200-4001 12580           Orontes         123      10093      150                                   
189510 31500-4027 12826           Orontes          67      10091      128                                   
189510 31900-4027 12826           Orontes         123      10027      139                                   
189510 32000-4027 12826           Orontes         123      10033      136                                   
189510 32300-4027 12826           Orontes         123      10033      136                                   
189510 4 300-4027 12826           Orontes          67      10034      133                                   
189510 4 700-4027 12826           Orontes          46      10050      117                                   
189510 41100-4027 12826           Orontes          46      10083      134                                   
189510 41500-4032 13007           Orontes         123      10108      139                                   
189510 41900-4027 12826           Orontes          67      10074      128                                   
189510 42300-4027 12826           Orontes          67      10102      117                                   
189510 5 300-4032 13007           Orontes          67      10104      122                                   
189510 5 700-4032 13007           Orontes          93      10128      133                                   
189510 51100-4032 13007           Orontes         123      10126      133                                   
189510 51500-4001 13447           Orontes         268       9904      133                                   
189510 51900-4032 13007           Orontes         123      10097      128                                   
189510 52300-4001 13447           Orontes         123      10084      128                                   
189510 6 300-4001 13447           Orontes         190      10047      131                                   
189510 6 700-4001 13447           Orontes         226       9994      133                                   
189510 61100-4001 13447           Orontes         268       9957      141                                   
189510 61500-3931 13980           Orontes          67      10013      128                                   
189510 61900-4001 13447           Orontes         268       9896      133                                   
189510 62300-4001 13447           Orontes         226       9940      127                                   
189510 7 300-3931 13980           Orontes         154       9987      123                                   
189510 7 700-3931 13980           Orontes         154       9980      130                                   
189510 71100-3931 13980           Orontes         123      10028      130                                   
189510 71400-3844 14354           Orontes         268      10039      145                                   
189510 71800-3844 14354           Orontes         123      10005      122                                   
189510 72200-3844 14354           Orontes         123      10030      131                                   
189510 8 200-3844 14354           Orontes         123      10029      142                                   
189510 8 600-3844 14354           Orontes         190      10002      150                                   
189510 81000-3844 14354           Orontes         226      10032      155                                   
1895 9181900-4015  7306           Orontes         123      10118      131                                   
1895 9182300-4015  7306           Orontes         123      10133      137                                   
1895 919 300-4015  7306           Orontes         123      10122      139                                   
1895 919 700-4015  7306           Orontes         123      10116      134                                   
1895 9191100-4015  7306           Orontes         123      10106      133                                   
1895 9191500-4015  7306           Orontes         123      10113      133                                   
1895 9191900-4018  7750           Orontes         123      10165      122                                   
1895 9192300-4018  7750           Orontes         154      10108      124                                   
1895 920 300-4018  7750           Orontes         154      10129      126                                   
1895 920 700-4018  7750           Orontes         154      10138      122                                   
1895 9201100-4018  7750           Orontes         154      10149      128                                   
1895 9201500-4018  7750           Orontes         123      10161      128                                   
1895 9201900-4001  8208           Orontes         123      10107      135                                   
1895 9202300-4001  8208           Orontes          93      10123      118                                   
1895 921 300-4001  8208           Orontes          93      10162      114                                   
1895 921 700-4001  8208           Orontes         123      10158      122                                   
1895 9211100-4001  8208           Orontes         123      10124      133                                   
1895 9211500-4001  8208           Orontes         123      10119      139                                   
1895 9211800-4009  8754           Orontes         190      10032      144                                   
1895 9212200-4009  8754           Orontes         123      10086      133                                   
1895 922 200-4009  8754           Orontes         154      10092      133                                   
1895 922 600-4009  8754           Orontes         154       9982      139                                   
1895 9221000-4009  8754           Orontes         154      10062      146                                   
1895 9221400-4009  8754           Orontes         190      10061      149                                   
1895 9221800-4032  8877           Orontes         154      10118      122                                   
1895 9222200-4055  8999           Orontes         190      10000      142                                   
1895 923 200-4079  9122           Orontes         190       9998      139                                   
1895 923 600-4102  9245           Orontes         190       9991      144                                   
1895 9231000-4125  9368           Orontes         190      10045      139                                   
1895 9231400-4148  9490           Orontes         154      10097      133                                   
1895 9231800-4105  9726           Orontes          67      10217      105                                   
1895 9232200-4105  9726           Orontes         154      10125      139                                   
1895 924 200-4105  9726           Orontes         123      10155      131                                   
1895 924 600-4105  9726           Orontes         123      10173      107                                   
1895 9241000-4105  9726           Orontes         123      10187      117                                   
1895 9241400-4105  9726           Orontes          67      10207      117                                   
1895 9241800-4105  9726           Orontes          67      10217      105                                   
1895 9242200-4105  9726           Orontes          93      10234      100                                   
1895 925 100-4079  9891           Orontes          93      10255       91                                   
1895 925 500-4054 10057           Orontes          93      10268      102                                   
1895 925 900-4046 10101           Orontes          67      10263      142                                   
1895 9251300-4039 10144           Orontes          93      10271      140                                   
1895 9251700-4031 10188           Orontes         123      10281      103                                   
1895 9252100-4023 10232           Orontes          93      10281       99                                   
1895 926 100-4016 10275           Orontes          93      10300       94                                   
1895 926 500-4008 10319           Orontes          93      10294       97                                   
1895 926 900-3994 10367           Orontes          93      10280      103                                   
1895 9261300-3980 10416           Orontes          93      10266      139                                   
1895 9261700-3965 10464           Orontes          93      10270      101                                   
1895 9262100-3951 10513           Orontes          93      10257      103                                   
1895 927 100-3937 10561           Orontes          93      10253       94                                   
1895 927 500-3923 10610           Orontes          93      10240      100                                   
1895 927 900-3910 10642           Orontes          93      10217      111                                   
1895 9271300-3897 10674           Orontes          93      10208      111                                   
1895 9271700-3883 10706           Orontes          93      10186      113                                   
1895 9272100-3870 10739           Orontes          93      10166      106                                   
1895 928 100-3857 10771           Orontes          93      10149      111                                   
1895 928 500-3844 10803           Orontes          93      10138      116                                   
1895 928 900-3831 10835           Orontes          67      10137      128                                   
1895 9281300-3818 10867           Orontes          67      10138      133                                   
1895 9281700-3804 10899           Orontes          67      10128      128                                   
