1894 4 51000 5917  2808           Orotava          67      10105      244                                   
1894 4 61000 5492  3114           Orotava                  10133      233                                   
1894 4 71000 5067  3420           Orotava          67                                                       
1894 4 81000 4642  3726           Orotava                                                                   
1894 4 9 900 4217  4023           Orotava          46      10130      328                                   
1894 410 900 3792  4349           Orotava          67      10113      322                                   
1894 412 800 2942  5520           Orotava          67      10105      267                                   
1894 413 800 2517  6043           Orotava          67      10103      278                                   
1894 414 800 2092  6680           Orotava          67                 283                                   
1894 415 700 1667  7126           Orotava          26      10115      300                                   
1894 416 700 1242  7632           Orotava          26      10114      311                                   
1894 417 700  817  7890           Orotava          46      10081      300                                   
1894 418 700  392  8148           Orotava          67      10075      289                                   
1894 419 600  -33  8540           Orotava          46                 294                                   
1894 420 600 -458  8924           Orotava          46      10094      256                                   
1894 421 600 -936  9316           Orotava          67      10102      278                                   
1894 422 600-1338  9620           Orotava          93      10119      283                                   
1894 423 500-1740  9952           Orotava          67      10131      267                                   
1894 424 500-2108 10324           Orotava          67      10139      228                                   
1894 425 500-2612 10721           Orotava          93      10182      211                                   
1894 426 500-3026 11048           Orotava          93      10280      189                                   
1894 427 400-3435 11511           Orotava          46      10230      189                                   
1894 428 400-3580 12040           Orotava          46      10194      211                                   
1894 5 2 300-3822 14115           Orotava          67      10208      178                                   
1894 5 3 200-3830 14426           Orotava         123      10205      156                                   
1894 5 4 200-3839 14738           Orotava          67      10206      189                                   
1894 5 5 200-3490 15117           Orotava          67      10213      211                                   
