     516   0 1094  4883           Oroya            46      10078      283                                   
1893 2102200 2529  3521           Oroya            46      10212      211                                   
1893 211 200 2529  3521           Oroya            46      10212      211                                   
1893 211 600 2529  3521           Oroya            67      10219      211                                   
1893 2111000 2529  3521           Oroya            67      10216      228                                   
1893 2111400 2529  3521           Oroya            67      10203      228                                   
1893 2111800 2529  3521           Oroya            67      10206      228                                   
1893 2112200 2529  3521           Oroya            26      10210      222                                   
1893 212 200 2529  3521           Oroya            26      10192      228                                   
1893 212 600 2529  3521           Oroya            46      10192      228                                   
1893 212 900 2036  3817           Oroya            46      10180      261                                   
1893 2121300 2036  3817           Oroya            46      10151      278                                   
1893 2121700 2036  3817           Oroya            46      10151      272                                   
1893 2122100 2036  3817           Oroya            10      10145      272                                   
1893 213 100 2036  3817           Oroya            10      10137      278                                   
1893 213 500 2036  3817           Oroya            10      10154      278                                   
1893 213 900 1537  4132           Oroya            10      10153      289                                   
1893 2131300 1537  4132           Oroya            10      10135      294                                   
1893 2131700 1537  4132           Oroya            10      10136      289                                   
1893 2132100 1537  4132           Oroya             0      10140      283                                   
1893 214 100 1537  4132           Oroya            10      10134      278                                   
1893 214 500 1537  4132           Oroya            10      10155      278                                   
1893 214 900 1222  4530           Oroya            46      10165      289                                   
1893 2141300 1222  4530           Oroya            46      10137      294                                   
1893 2141700 1222  4530           Oroya            46      10140      278                                   
1893 2142100 1222  4530           Oroya            67      10141      272                                   
1893 215 900 1220  5053           Oroya            67      10175      289                                   
1893 216 800 1100  5618           Oroya           123                                                       
1893 217 800 1014  6132           Oroya           123                                                       
1893 218 700  918  6750           Oroya            93                                                       
1893 220 900  714  4880           Oroya            10      10133      311                                   
1893 2241800 -793  9287           Oroya            10      10127      306                                   
1893 225   0 -971  9378           Oroya            10      10128      306                                   
1893 225 600-1148  9470           Oroya            10      10124      311                                   
1893 2251800-1325  9562           Oroya            10      10129      306                                   
1893 226   0-1503  9653           Oroya            10      10130      306                                   
1893 226 600-1680  9745           Oroya            10      10119      294                                   
1893 2261700-1797  9874           Oroya            10      10137      272                                   
1893 2262300-1913 10002           Oroya            10      10137      272                                   
1893 227 500-2030 10131           Oroya            10      10139      267                                   
1893 2271700-2166 10265           Oroya            10      10162      256                                   
1893 2272300-2302 10400           Oroya            10      10163      256                                   
1893 228 500-2438 10534           Oroya            46      10180      256                                   
1893 2281700-2576 10667           Oroya            67      10192      256                                   
1893 2282300-2714 10801           Oroya            67      10193      256                                   
1893 3 1 500-2852 10934           Oroya            67      10202      244                                   
1893 3 11700-2852 11066           Oroya            93      10213      222                                   
1893 3 12300-2852 11198           Oroya            93      10213      222                                   
1893 3 2 400-2852 11330           Oroya           123      10240      222                                   
1893 3 4 400-3511 12353           Oroya            67      10238      222                                   
1893 3 41600-3518 12584           Oroya            67      10213      211                                   
1893 3 42100-3525 12814           Oroya            67      10213      211                                   
1893 3 5 300-3532 13045           Oroya            46      10221      206                                   
1893 3 51500-3527 13277           Oroya            67      10208      206                                   
1893 3 52100-3523 13510           Oroya            67      10208      206                                   
1893 3 6 300-3518 13742           Oroya            26      10198      222                                   
1893 6182100 1540  4143           Oroya            67      10039      350                                   
1893 619 900 1540  4143           Oroya            26      10049      350                                   
1893 6192100 1224  4529           Oroya            67      10030      333                                   
1893 620 900 1224  4529           Oroya            93      10035      344                                   
1893 6202100 1239  5110           Oroya            67      10037      289                                   
1893 621 900 1239  5110           Oroya            26      10048      344                                   
1893 6212000 1231  5653           Oroya           154      10084      289                                   
1893 622 800 1231  5653           Oroya           154      10077      289                                   
1893 6222000 1180  5940           Oroya            93      10082      300                                   
1893 623 800 1180  6227           Oroya           123      10081      306                                   
1893 6231900  926  6840           Oroya            67      10106      311                                   
1893 624 700  926  6840           Oroya            93      10088      322                                   
1893 6241900  800  7342           Oroya            67      10106      311                                   
1893 625 700  800  7342           Oroya            67      10113      311                                   
1893 6251900  751  7635           Oroya            67      10113      311                                   
1893 626 700  703  7928           Oroya            46      10108      300                                   
1893 6261900  554  8027           Oroya            67      10116      289                                   
1893 627 700  406  8127           Oroya            46      10105      311                                   
1893 6271800  201  8315           Oroya            46      10114      300                                   
1893 628 600   -4  8504           Oroya            26      10102      289                                   
1893 6281800 -214  8666           Oroya            93      10094      294                                   
1893 629 600 -425  8829           Oroya            93      10087      300                                   
1893 6291800 -629  9019           Oroya            93      10108      294                                   
1893 630 600 -834  9210           Oroya            67      10094      300                                   
1893 6301800-1254  9535           Oroya            67      10119      283                                   
1893 7 1 600-1254  9535           Oroya            67      10113      278                                   
1893 7 11700-1713  9950           Oroya            67      10129      278                                   
1893 7 2 500-1713  9905           Oroya            93      10162      278                                   
1893 7 21700-1919 10073           Oroya            93      10185      267                                   
1893 7 3 500-2125 10241           Oroya            67      10195      256                                   
1893 7 31700-2331 10409           Oroya            46      10194      228                                   
1894 224 200 3079  3225           Oroya            67      10136      128                                   
1894 224 600 2998  3233           Oroya            67      10143      139                                   
1894 2241000 2916  3241           Oroya            67      10130      156                                   
1894 2241400 2834  3312           Oroya            67      10116      156                                   
1894 2241800 2753  3384           Oroya            67      10103      189                                   
1894 2242200 2671  3455           Oroya            67      10095      189                                   
1894 225 200 2589  3527           Oroya            93      10093      178                                   
1894 225 600 2508  3598           Oroya            93      10104      211                                   
1894 2251000 2426  3670           Oroya            67      10099      239                                   
1894 2251400 2343  3710           Oroya            67      10091      244                                   
1894 2251700 2260  3751           Oroya            67      10089      250                                   
1894 2252100 2177  3791           Oroya            26      10089      250                                   
1894 226 100 2095  3832           Oroya            26      10077      233                                   
1894 226 500 2012  3872           Oroya            67      10107      278                                   
1894 226 900 1929  3913           Oroya            67      10087      294                                   
1894 2261300 1849  3963           Oroya            67      10068      300                                   
1894 2261700 1769  4013           Oroya            26      10066      289                                   
1894 2262100 1689  4063           Oroya            67      10069      294                                   
1894 227 100 1610  4113           Oroya             0      10071      256                                   
1894 227 500 1530  4163           Oroya            26      10087      278                                   
1894 227 900 1450  4213           Oroya           123      10055      289                                   
1894 2271300 1410  4287           Oroya           123      10029      300                                   
1894 2271700 1371  4362           Oroya           123      10040      294                                   
1894 2272100 1331  4436           Oroya            93      10065      283                                   
1894 228 100 1292  4511           Oroya           123      10073      256                                   
1894 228 500 1252  4585           Oroya            93      10104      272                                   
1894 228 900 1213  4660           Oroya            67      10100      294                                   
1894 2281300 1173  4734           Oroya            93      10062      278                                   
1894 2281700 1134  4809           Oroya            67      10071      283                                   
1894 2282100 1240  4863           Oroya            67      10114      289                                   
1894 2282100 1055  4958           Oroya            46      10078      283                                   
1894 3 1 100 1230  4957           Oroya            67      10069      256                                   
1894 3 1 500 1220  5052           Oroya            67      10086      278                                   
1894 3 1 900 1210  5146           Oroya            93      10091      289                                   
1894 3 11300 1200  5240           Oroya            93      10096      278                                   
1894 3 11600 1190  5335           Oroya            67      10103      294                                   
1894 3 12000 1180  5429           Oroya            67      10124      289                                   
1894 3 2   0 1170  5523           Oroya            93      10108      267                                   
1894 3 2 400 1160  5618           Oroya            46      10132      283                                   
1894 3 2 800 1150  5712           Oroya            67      10126      300                                   
1894 3 21200 1133  5801           Oroya            46      10111      289                                   
1894 3 21600 1117  5890           Oroya            67      10117      289                                   
1894 3 22000 1100  5979           Oroya            26      10136      300                                   
1894 3 3   0 1083  6069           Oroya            67      10114      267                                   
1894 3 3 400 1067  6158           Oroya            67      10144      289                                   
1894 3 3 800 1050  6247           Oroya            67      10142      300                                   
1894 3 31200 1027  6343           Oroya            67      10112      300                                   
1894 3 31600 1003  6439           Oroya            26      10128      306                                   
1894 3 32000  980  6534           Oroya            67      10107      311                                   
1894 3 4   0  957  6630           Oroya            46      10120      267                                   
1894 3 4 400  933  6726           Oroya            46      10143      294                                   
1894 3 4 700  910  6822           Oroya            67      10126      311                                   
1894 3 41100  883  6996           Oroya            93      10098      300                                   
1894 3 41500  856  7170           Oroya            67      10106      311                                   
1894 3 41900  829  7344           Oroya            26      10093      311                                   
1894 3 42300  803  7344           Oroya            46      10081      300                                   
1894 3 5 300  776  7344           Oroya            46      10107      306                                   
1894 3 5 700  749  7344           Oroya            67      10092      311                                   
1894 3 51100  722  7344           Oroya            67      10069      311                                   
1894 3 51500  695  7344           Oroya            46      10085      317                                   
1894 3 51900  654  7941           Oroya            67      10111      322                                   
1894 3 52300  654  7941           Oroya             0      10072      311                                   
1894 3 6 300  654  7941           Oroya             0      10097      306                                   
1894 3 6 700  654  7941           Oroya            46      10077      322                                   
1894 3 61100  654  7941           Oroya            26      10090      322                                   
1894 3 61500  654  7941           Oroya            46      10107      322                                   
1894 3 61900  654  7986           Oroya            67      10104      322                                   
1894 3 62300  654  8032           Oroya            10      10093      289                                   
1894 3 7 300  654  8077           Oroya            10      10113      306                                   
1894 3 7 700  410  8123           Oroya            10      10110      322                                   
1894 3 71100  410  8123           Oroya            67      10085      289                                   
1894 3 71500  410  8123           Oroya            93      10110      283                                   
1894 3 71900  410  8123           Oroya            67      10118      294                                   
1894 3 72300  410  8123           Oroya            67      10096      267                                   
1894 3 8 300  410  8123           Oroya            67      10120      283                                   
1894 3 8 600  -40  8500           Oroya            67      10115      289                                   
1894 3 81000  -40  8500           Oroya            67      10090      278                                   
1894 3 81400  -40  8500           Oroya            67      10109      289                                   
1894 3 81800  -40  8500           Oroya            46      10115      289                                   
1894 3 82200  -40  8500           Oroya            67      10095      289                                   
1894 3 9 200  -40  8500           Oroya            67      10100      300                                   
1894 3 9 600 -425  8843           Oroya            93      10107      300                                   
1894 3 91000 -425  8908           Oroya            67      10101      278                                   
1894 3 91400 -425  8973           Oroya            67      10116      289                                   
1894 3 91800 -425  9038           Oroya            93      10100      300                                   
1894 3 92200 -425  9103           Oroya            46      10104      278                                   
1894 310 200 -425  9168           Oroya            67      10098      294                                   
1894 310 600 -425  9233           Oroya            10      10093      306                                   
1894 3101000 -425  9233           Oroya            67      10080      300                                   
1894 3101400 -425  9233           Oroya            93      10099      306                                   
1894 3101800 -425  9233           Oroya            93      10100      300                                   
1894 3102200-1178  9401           Oroya            93      10089      278                                   
1894 311 200-1248  9474           Oroya            93      10110      294                                   
1894 311 600-1317  9548           Oroya           123      10114      311                                   
1894 3111000-1386  9622           Oroya           123      10107      300                                   
1894 3111400-1456  9695           Oroya           123      10127      300                                   
1894 3111700-1525  9769           Oroya           123      10129      289                                   
1894 3112100-1594  9843           Oroya           123      10120      267                                   
1894 312 100-1664  9916           Oroya           123      10141      283                                   
1894 312 500-1733  9990           Oroya           123      10138      300                                   
1894 312 900-1800 10033           Oroya           123      10146      278                                   
1894 3121300-1866 10076           Oroya           123      10152      283                                   
1894 3121700-1933 10119           Oroya           123      10157      278                                   
1894 3122100-2000 10163           Oroya           123      10164      256                                   
1894 313 100-2066 10206           Oroya           123      10192      272                                   
1894 313 500-2133 10249           Oroya           154      10171      278                                   
1894 313 900-2198 10312           Oroya           154      10180      267                                   
1894 3131300-2263 10375           Oroya           123      10195      261                                   
1894 3131700-2328 10437           Oroya           123      10196      261                                   
1894 3132100-2393 10500           Oroya           154      10197      233                                   
1894 314 100-2458 10563           Oroya           154      10205      250                                   
1894 314 500-2523 10626           Oroya           154      10198      256                                   
1894 314 900-2589 10681           Oroya           123      10192      256                                   
1894 3141300-2655 10737           Oroya            93      10194      244                                   
1894 3141700-2721 10792           Oroya            93      10186      256                                   
1894 3142100-2788 10848           Oroya            93      10187      211                                   
1894 315 100-2854 10903           Oroya            93      10223      239                                   
1894 315 500-2920 10959           Oroya            93      10179      244                                   
1894 315 900-2986 11014           Oroya           123      10183      244                                   
1894 3151300-3052 11070           Oroya           123      10189      250                                   
1894 3151600-3227 11249           Oroya           123      10244      211                                   
1894 3151700-3118 11125           Oroya           123      10187      244                                   
1894 3152000-3261 11313           Oroya           123      10196      200                                   
1894 316   0-3294 11376           Oroya           123      10215      228                                   
1894 316 400-3328 11440           Oroya            67      10221      233                                   
1894 316 800-3362 11503           Oroya            67      10225      211                                   
1894 3161200-3395 11567           Oroya           123      10244      222                                   
1894 3161600-3429 11630           Oroya            93      10294      167                                   
1894 3162000-3463 11694           Oroya           123      10264      189                                   
1894 317   0-3496 11757           Oroya            93      10279      200                                   
1894 317 400-3530 11821           Oroya            93      10284      233                                   
1894 317 800-3528 11927           Oroya           123      10291      211                                   
1894 3171200-3526 12033           Oroya            93      10296      200                                   
1894 3171600-3524 12138           Oroya           154      10284      194                                   
1894 3172000-3522 12244           Oroya            93      10293      178                                   
1894 318   0-3520 12350           Oroya            93      10305      189                                   
1894 318 400-3518 12456           Oroya           123      10308      211                                   
1894 318 800-3520 12566           Oroya           123      10296      200                                   
1894 3181200-3521 12676           Oroya           154      10297      194                                   
1894 3181500-3523 12786           Oroya           190      10204      189                                   
1894 3181900-3525 12896           Oroya           154      10275      167                                   
1894 3182300-3526 13006           Oroya           154      10282      183                                   
1894 319 300-3528 13116           Oroya           154      10262      206                                   
1894 319 700-3526 13218           Oroya           154      10256      200                                   
1894 3191100-3525 13321           Oroya           190      10231      189                                   
1894 3191500-3523 13423           Oroya            26      10112      211                                   
1894 3191900-3521 13525           Oroya           190      10185      178                                   
1894 3192300-3520 13628           Oroya           154      10170      189                                   
1894 320 300-3518 13730           Oroya           123      10139      211                                   
1894 320 700-3450 13832           Oroya            67      10117      200                                   
1894 3201100-3382 13935           Oroya            26      10111      211                                   
1894 3201500-3742 13773           Oroya            46      10094      250                                   
1894 3201500-3314 14037           Oroya                    10110      211                                   
1894 3201900-3743 13849           Oroya            26      10096      200                                   
1894 3202300-3744 13924           Oroya            26      10119      183                                   
1894 321 300-3745 14000           Oroya            46      10116      200                                   
1894 321 700-3746 14076           Oroya            46      10101      189                                   
1894 3211100-3747 14151           Oroya            46      10117      194                                   
1894 3211500-3748 14227           Oroya            46      10097      233                                   
1894 3211800-3749 14303           Oroya            46      10118      189                                   
1894 3212200-3750 14378           Oroya            67      10146      206                                   
1894 322 200-3751 14454           Oroya            67      10143      239                                   
1894 322 600-3766 14501           Oroya            67      10144      239                                   
1894 3221000-3781 14547           Oroya            46      10145      228                                   
1894 3221400-3795 14594           Oroya             0      10124      233                                   
1894 3221800-3810 14641           Oroya             0      10117      200                                   
1894 3222200-3825 14687           Oroya             0      10111      194                                   
1894 323 200-3840 14734           Oroya            46      10083      200                                   
1894 323 600-3772 14797           Oroya            67      10083      200                                   
1894 3231000-3704 14860           Oroya            67      10092      222                                   
1894 3231400-3636 14923           Oroya            67      10084      222                                   
1894 3231800-3568 14986           Oroya            93      10075      233                                   
1894 3232200-3500 15049           Oroya            67      10077      239                                   
1894 324 200-3432 15112           Oroya            67      10079      244                                   
1894 324 600-3432 15112           Oroya            67      10064      233                                   
1894 6291400 2623  3220           Oroya            10      10101      339                                   
1894 6291800 2623  3266           Oroya            26      10105      333                                   
1894 6292200 2623  3312           Oroya            67      10091      294                                   
1894 630 200 2623  3357           Oroya            67      10070      278                                   
1894 630 600 2623  3403           Oroya            67      10090      300                                   
1894 6301000 2623  3449           Oroya            67      10087      322                                   
1894 6301400 2623  3449           Oroya            67      10071      317                                   
1894 6301800 2623  3449           Oroya            46      10078      311                                   
1894 6302200 2623  3449           Oroya            46      10068      311                                   
1894 7 1 200 2623  3449           Oroya            26      10072      289                                   
1894 7 1 600 2623  3449           Oroya            26      10098      333                                   
1894 7 1 900 2127  3752           Oroya            26      10105      356                                   
1894 7 11300 2045  3812           Oroya             0      10086      367                                   
1894 7 11700 1963  3871           Oroya            26      10078      350                                   
1894 7 12100 1881  3931           Oroya            26      10071      344                                   
1894 7 2 100 1800  3991           Oroya            26      10064      344                                   
1894 7 2 500 1718  4050           Oroya            26      10080      367                                   
1894 7 2 900 1636  4110           Oroya            26      10071      378                                   
1894 7 21300 1568  4165           Oroya            26      10059      389                                   
1894 7 21700 1500  4219           Oroya            26      10057      378                                   
1894 7 22100 1432  4274           Oroya            26      10060      361                                   
1894 7 3 100 1365  4329           Oroya            46      10034      350                                   
1894 7 3 500 1297  4383           Oroya            46      10056      339                                   
1894 7 3 900 1229  4438           Oroya            67      10039      339                                   
1894 7 31300 1161  4493           Oroya            67      10011      344                                   
1894 7 31700 1093  4547           Oroya            46      10029      333                                   
1894 7 32100 1025  4602           Oroya            46      10029      333                                   
1894 7 4 100  958  4657           Oroya            46      10022      333                                   
1894 7 4 500  890  4711           Oroya            46      10042      333                                   
1894 7 4 900  822  4766           Oroya            46      10043      350                                   
1894 7 41300 1314  5142           Oroya                    10026      339                                   
1894 7 41700 1298  5239           Oroya                    10031      289                                   
1894 7 42000 1283  5337           Oroya            93      10040      272                                   
1894 7 5   0 1268  5435           Oroya           123      10027      289                                   
1894 7 5 400 1252  5532           Oroya           154      10045      300                                   
1894 7 5 800 1237  5630           Oroya           190      10046      294                                   
1894 7 51200 1222  5728           Oroya           190      10043      294                                   
1894 7 51600 1206  5825           Oroya           190      10064      289                                   
1894 7 52000 1191  5923           Oroya           154      10065      283                                   
1894 7 6   0 1176  6021           Oroya           154      10058      283                                   
1894 7 6 400 1160  6118           Oroya           123      10090      294                                   
1894 7 6 800 1145  6216           Oroya           123      10081      306                                   
1894 7 61200 1124  6306           Oroya            93      10073      311                                   
1894 7 61600 1103  6396           Oroya            93      10102      300                                   
1894 7 62000 1081  6485           Oroya            67      10089      300                                   
1894 7 7   0 1060  6575           Oroya            67      10075      300                                   
1894 7 7 400 1039  6665           Oroya            67      10098      306                                   
1894 7 7 700 1018  6755           Oroya            67      10091      322                                   
1894 7 71100  989  6851           Oroya            67      10080      328                                   
1894 7 71500  960  6947           Oroya            67      10096      311                                   
1894 7 71900  930  7042           Oroya            67      10100      267                                   
1894 7 72300  901  7138           Oroya            67      10079      311                                   
1894 7 8 300  872  7234           Oroya            67      10104      306                                   
1894 7 8 700  843  7330           Oroya            46      10100      306                                   
1894 7 81100  822  7418           Oroya            46      10081      300                                   
1894 7 81500  800  7506           Oroya            26      10104      300                                   
1894 7 81900  779  7593           Oroya            26      10103      289                                   
1894 7 82300  758  7681           Oroya            26      10085      278                                   
1894 7 9 300  736  7769           Oroya            26      10101      278                                   
1894 7 9 700  715  7857           Oroya            26      10102      294                                   
1894 7 91100  708  7923           Oroya            46      10113      311                                   
1894 7 91500  656  7950           Oroya            46      10109      311                                   
1894 7 91900  604  7976           Oroya            46      10106      306                                   
1894 7 92300  552  8003           Oroya            26      10098      294                                   
1894 710 300  501  8029           Oroya            26      10108      294                                   
1894 710 700  449  8056           Oroya            67      10100      306                                   
1894 7101100  379  8130           Oroya            67      10088      311                                   
1894 7101500  310  8204           Oroya            67      10113      306                                   
1894 7101800  241  8278           Oroya            46      10106      306                                   
1894 7102200  171  8352           Oroya            46      10096      306                                   
1894 711 200  101  8426           Oroya            26      10116      306                                   
1894 711 600   32  8500           Oroya            26      10112      311                                   
1894 7111000  -31  8557           Oroya            26      10104      317                                   
1894 7111400  -95  8615           Oroya            10      10126      306                                   
1894 7111800 -158  8672           Oroya            26      10122      289                                   
1894 7112200 -221  8729           Oroya            46      10102      289                                   
1894 712 200 -285  8787           Oroya            26      10130      306                                   
1894 712 600 -348  8844           Oroya            26      10121      317                                   
1894 7121000 -415  8893           Oroya            46      10107      322                                   
1894 7121400 -482  8943           Oroya            67      10124      300                                   
1894 7121800 -548  8992           Oroya            67      10121      300                                   
1894 7122200 -615  9042           Oroya            93      10097      300                                   
1894 713 200 -682  9091           Oroya           123      10128      300                                   
1894 713 600 -749  9141           Oroya           123      10123      311                                   
1894 7131000 -824  9193           Oroya           123      10112      317                                   
1894 7131400 -899  9246           Oroya            93      10138      300                                   
1894 7131800 -974  9298           Oroya            67      10146      294                                   
1894 7132200-1050  9351           Oroya            67      10120      289                                   
1894 714 200-1125  9403           Oroya            67      10135      283                                   
1894 714 600-1200  9456           Oroya            93      10123      278                                   
1894 7141000-1313  9490           Oroya           154      10122      283                                   
1894 7141400-1377  9552           Oroya           123      10147      278                                   
1894 7141800-1440  9614           Oroya           123      10146      283                                   
1894 7142200-1503  9676           Oroya           123                 278                                   
1894 715 200-1567  9738           Oroya            67      10162      272                                   
1894 715 500-1630  9800           Oroya            67      10157      283                                   
1894 715 900-1693  9862           Oroya            67      10151      283                                   
1894 7151300-1757  9924           Oroya            67      10171      267                                   
1894 7151700-1820  9986           Oroya            46      10178      267                                   
1894 7152100-1883 10048           Oroya            67      10159      261                                   
1894 716 100-1947 10110           Oroya            46      10182      250                                   
1894 716 500-2010 10172           Oroya            46      10194      256                                   
1894 716 900-2079 10235           Oroya            67      10168      256                                   
1894 7161300-2148 10297           Oroya            46      10177      244                                   
1894 7161700-2217 10359           Oroya            67      10174      244                                   
1894 7162100-2287 10421           Oroya            67      10158      244                                   
1894 717 100-2356 10483           Oroya            67      10173      239                                   
1894 717 500-2425 10545           Oroya           123      10155      244                                   
1894 717 900-2494 10606           Oroya           154      10152      244                                   
1894 7171300-2563 10667           Oroya           190      10172      233                                   
1894 7171700-2632 10728           Oroya           226      10180      228                                   
1894 7172100-2702 10790           Oroya           154      10190      228                                   
1894 718 100-2771 10851           Oroya           154      10219      222                                   
1894 718 500-2840 10912           Oroya           154      10223      222                                   
1894 718 900-2909 10983           Oroya           154      10246      228                                   
1894 7181300-2978 11054           Oroya           123      10248      217                                   
1894 7181700-3545 11146           Oroya            46                                                       
1894 7181700-3046 11125           Oroya           123      10252      194                                   
1894 7182100-3115 11197           Oroya           123      10246      194                                   
1894 719   0-3184 11268           Oroya            93      10276      183                                   
1894 719 400-3253 11339           Oroya            46      10281      194                                   
1894 719 800-3542 11255           Oroya            46      10277      194                                   
1894 7191200-3540 11364           Oroya            46      10293      178                                   
1894 7191600-3537 11473           Oroya            46      10287      172                                   
1894 7192000-3535 11582           Oroya            67      10282      167                                   
1894 720   0-3532 11691           Oroya            67      10296      161                                   
1894 720 400-3530 11800           Oroya            67      10287      172                                   
1894 720 800-3527 11909           Oroya            67      10279      183                                   
1894 7201200-3525 12018           Oroya            67      10288      167                                   
1894 7201600-3522 12127           Oroya            46      10282      161                                   
1894 7202000-3520 12236           Oroya            67      10269      161                                   
1894 721   0-3517 12345           Oroya            67      10273      156                                   
1894 721 400-3515 12454           Oroya            67      10269      161                                   
1894 721 800-3517 12568           Oroya            67      10255      161                                   
1894 7211200-3519 12682           Oroya            67      10256      156                                   
1894 7211500-3521 12796           Oroya            93      10257      150                                   
1894 7211900-3523 12911           Oroya            67      10251      144                                   
1894 7212300-3525 13025           Oroya            46      10255      144                                   
1894 722 300-3527 13139           Oroya            46      10257      172                                   
1894 722 700-3515 13252           Oroya            46      10261      189                                   
1894 7221100-3504 13365           Oroya            46      10270      156                                   
1894 7221500-3492 13477           Oroya            46      10270      150                                   
1894 7221900-3481 13590           Oroya                    10270      150                                   
1894 7222300-3469 13703           Oroya                    10287      150                                   
1894 723 300-3458 13816           Oroya                    10284      150                                   
1894 723 700-3447 13929           Oroya                    10284      150                                   
