18921213 300 1163  8065           Oruba            93      10387      267                                   
18921214 200  582  8402           Oruba            67                 272                                   
18921214 200   51  8403           Oruba            67      10101      272                                   
18921215 200 -544  8742           Oruba            67      10119      267                                   
18921216 200 -755  9122           Oruba            46      10118      278                                   
18921217 200-1270  9442           Oruba            46      10125      267                                   
18921218 100-1616  9812           Oruba            67      10153      250                                   
18921219 100-2031 10228           Oruba            67      10151      233                                   
18921220 100-2452 10645           Oruba            46      10160      217                                   
18921221 100-2906 10943           Oruba                    10160      217                                   
18921222   0-3322 11354           Oruba            67                 211                                   
18921223   0-3417 11812           Oruba            46      10111      211                                   
189212242300-3610 13216           Oruba            93      10183      178                                   
189212252300-3707 13620           Oruba           154      10206      167                                   
189212262300-3515 14024           Oruba           123      10188      161                                   
189212262300-3804 14024           Oruba           123                 161                                   
189212272200-3809 14294           Oruba           123      10181      156                                   
189212282200-3813 14564           Oruba             0      10149      167                                   
189212292200-3818 14834           Oruba                    10105      167                                   
189212302200-3823 15104           Oruba            67      10048      189                                   
1893 1152200-3824 14979           Oruba            26      10146      189                                   
1893 1162200-3825 14820           Oruba            93      10051      211                                   
1893 1172200-3826 14661           Oruba            67      10062      183                                   
1893 1182200-3827 14502           Oruba            46      10043      194                                   
1893 1192200-3828 14342           Oruba                    10108      211                                   
1893 1202300-3829 14183           Oruba           123      10130      200                                   
1893 1212300-3830 14024           Oruba            67      10118      194                                   
1893 1222300-3755 13823           Oruba            67      10180      183                                   
1893 1232300-3680 13622           Oruba            67      10240      200                                   
1893 1242300-3605 13421           Oruba             0      10202      206                                   
1893 1252300-3530 13220           Oruba            46      10184      183                                   
1893 127   0-3524 12452           Oruba            67      10184      183                                   
1893 129   0-3317 11350           Oruba            93      10144      194                                   
1893 130 100-2842 10855           Oruba            93      10134      206                                   
1893 131 100-2403 10442           Oruba            93      10137      211                                   
1893 2 1 100-1934 10043           Oruba            93      10114      233                                   
1893 2 2 200-1560  9652           Oruba            93      10112      233                                   
1893 2 3 200-1036  9308           Oruba            93      10087      267                                   
1893 2 4 200 -640  8933           Oruba            26      10084      278                                   
1893 2 5 200 -141  8583           Oruba            67      10112      267                                   
1893 2 6 300  358  8233           Oruba            93      10119      267                                   
1893 2 7 300  857  7883           Oruba            67      10097      267                                   
189312261100  561  7987           Oruba            46      10070      283                                   
189312261500  500  8036           Oruba             0      10094      278                                   
189312261900  438  8084           Oruba                                                                     
189312262300  376  8133           Oruba            93      10072      267                                   
18931227 300  315  8182           Oruba                               256                                   
18931227 700  253  8231           Oruba            46      10093      261                                   
189312271000  191  8280           Oruba            26      10067      278                                   
189312271400  130  8329           Oruba            67      10079      267                                   
189312271800   68  8377           Oruba                                                                     
189312272200    6  8426           Oruba            67      10068      272                                   
18931228 200  -55  8475           Oruba                               256                                   
18931228 600 -117  8524           Oruba            26      10089      267                                   
189312281000 -179  8589           Oruba            26      10068      272                                   
189312281400 -240  8654           Oruba            26      10091      272                                   
189312281800 -302  8719           Oruba                                                                     
189312282200 -364  8785           Oruba            67      10069      267                                   
18931229 200 -425  8850           Oruba            67      10103      267                                   
18931229 600 -487  8915           Oruba            67      10085      272                                   
189312291000 -549  8981           Oruba             0      10057      278                                   
189312291400 -610  9046           Oruba            26      10085      272                                   
189312292200 -672  9112           Oruba            46      10073      267                                   
18931230 200 -734  9177           Oruba            67      10102      272                                   
18931230 600 -795  9243           Oruba            67      10085      278                                   
189312301000 -857  9309           Oruba            67      10060      267                                   
189312301400 -919  9374           Oruba            93      10087      267                                   
189312301700-1034  9946           Oruba            93      10087      267                                   
18931231 900-1165  9946           Oruba            67      10070      272                                   
189312311300-1295  9946           Oruba            93      10088      267                                   
189312311700-1426  9946           Oruba           154                 244                                   
189312312100-1557  9946           Oruba           123      10091      256                                   
1894 1 1 100-1687  9946           Oruba           123      10142      256                                   
1894 1 1 500-1818  9946           Oruba           123      10091      267                                   
1894 1 1 900-1949  9946           Oruba           123                                                       
1894 1 11300-2079  9946           Oruba           154      10128      256                                   
1894 1 11700-2210 10042           Oruba           154      10115      233                                   
1894 1 12100-2210 10137           Oruba           190      10097      239                                   
1894 1 2 100-2210 10233           Oruba           190      10111      239                                   
1894 1 2 500-2210 10329           Oruba           190                 239                                   
1894 1 2 900-2210 10425           Oruba           190      10097      239                                   
1894 1 21300-2210 10520           Oruba           190                 233                                   
1894 1 21700-2548 10616           Oruba           190                 228                                   
1894 1 22100-2548 10616           Oruba           154      10108      228                                   
1894 1 3 100-2548 10616           Oruba           154      10107      233                                   
1894 1 3 500-2548 10616           Oruba           190      10100      239                                   
1894 1 3 900-2548 10616           Oruba           154      10099      244                                   
1894 1 31300-2548 10616           Oruba           190      10120      239                                   
1894 1 31700-2920 10720           Oruba           123                 233                                   
1894 1 32100-2920 10823           Oruba           190      10104      228                                   
1894 1 4 100-2920 10927           Oruba                               244                                   
1894 1 4 500-2920 11030           Oruba           190      10103      239                                   
1894 1 4 900-2920 11134           Oruba           154      10092      244                                   
1894 1 41300-2920 11237           Oruba           154      10113      239                                   
1894 1 42000-3325 11341           Oruba           123      10124      233                                   
1894 1 5   0-3325 11341           Oruba                                                                     
1894 1 5 400-3325 11341           Oruba            93      10149      222                                   
1894 112 200-3970 14660           Oruba            46       9968      189                                   
1894 4121800-1209  9439           Oruba                                                                     
1894 5 2 400-1519 12012           Oruba            67      10084      300                                   
1894 5 21800 -442  8930           Oruba            93                                                       
1894 5 41800-1276  9491           Oruba            67      10104      272                                   
1894 5 42200 -916  9249           Oruba                                                                     
1894 5 5 600-1342  9542           Oruba            93      10086      283                                   
1894 5 51000-1408  9593           Oruba            93      10077      278                                   
1894 5 51400-1474  9645           Oruba            93      10101      272                                   
1894 5 51800-1541  9696           Oruba           123                                                       
1894 5 52200-1607  9747           Oruba            93                 267                                   
1894 5 6 100-1673  9799           Oruba            93      10123      267                                   
1894 5 6 500-1739  9850           Oruba           123      10123      272                                   
1894 5 6 900-1806  9911           Oruba           123      10124      267                                   
1894 5 61300-1872  9971           Oruba           123                                                       
1894 5 61700-1938 10032           Oruba            46      10173      239                                   
1894 5 62100-2005 10093           Oruba            93                                                       
1894 5 7 100-2071 10153           Oruba            93                                                       
1894 5 7 500-2137 10214           Oruba            93      10162      256                                   
1894 5 7 900-2203 10281           Oruba            67                 250                                   
1894 5 71300-2269 10349           Oruba            67                                                       
1894 5 71700-2336 10416           Oruba            10      10176      217                                   
1894 5 72100-2402 10484           Oruba            46                 233                                   
1894 5 8 100-2468 10551           Oruba             0      10182      244                                   
1894 5 8 500-2534 10619           Oruba            26                 244                                   
1894 5 8 900-2601 10688           Oruba            10      10168      239                                   
1894 5 81300-2667 10758           Oruba            10                 233                                   
1894 5 81700-2733 10827           Oruba            67                 178                                   
1894 5 82100-2799 10896           Oruba                    10164      211                                   
1894 5 9 100-2866 10966           Oruba            67      10172      222                                   
1894 5 9 500-2932 11035           Oruba            93      10150      239                                   
1894 5 9 900-2998 11104           Oruba            67      10157      217                                   
1894 5 91300-3064 11174           Oruba            67                 200                                   
1894 5 92100-3131 11243           Oruba                    10162      194                                   
1894 918 300-3510 14034           Oruba                    10147      183                                   
1894 919 200-3661 14439           Oruba                               183                                   
1894 920 200-3813 14844           Oruba                                                                     
1894 921 200-3965 15249           Oruba                    10120      189                                   
18941231 800-3325 11341           Oruba            67      10084      272                                   
189412312100 1261  4629           Oruba            67      10125      244                                   
1895 1 1 900 1226  4869           Oruba            93      10132      261                                   
1895 1 12100 1191  5109           Oruba            67                 250                                   
1895 1 2 800 1156  5350           Oruba            67      10123      256                                   
1895 1 3 800 1121  5590           Oruba            67      10129      261                                   
1895 1 32000-3325 11341           Oruba                                                                     
1895 1 32000 1068  5830           Oruba            93      10135      261                                   
1895 1 4   0-3325 11341           Oruba                                                                     
1895 1 4 400-3325 11341           Oruba                                                                     
1895 1 4 800 1016  6070           Oruba            93      10124      267                                   
1895 1 42000  970  6311           Oruba            93      10106      272                                   
1895 1 5 800  924  6551           Oruba            67                                                       
1895 1 7 700  736  7621           Oruba            46                 311                                   
1895 1 71900  634  7755           Oruba            26      10114      261                                   
1895 1 8 700  532  7889           Oruba            46      10085      272                                   
1895 1 81900  431  8024           Oruba            10                 267                                   
1895 1 9 700  329  8158           Oruba            26      10096      267                                   
1895 1 91800  117  8348           Oruba            26      10098      272                                   
1895 110 600  -94  8538           Oruba            26      10093      283                                   
1895 1101800 -306  8728           Oruba            67      10086      261                                   
1895 111 600 -518  8919           Oruba            46      10083      283                                   
1895 1111800 -731  9078           Oruba            93      10087      261                                   
1895 112 600 -945  9237           Oruba            46      10065      278                                   
1895 1121800-1150  9397           Oruba            93      10121      250                                   
1895 113 600-1355  9556           Oruba            93      10098      267                                   
1895 1131800-1560  9742           Oruba            93      10134      239                                   
1895 114 500-1765  9928           Oruba            93      10126      256                                   
1895 1141700-1970 10114           Oruba           123      10128      228                                   
1895 115 500-2175 10300           Oruba            67      10131      239                                   
1895 1151700-2338 10452           Oruba            93                                                       
1895 116 500-2540 10640           Oruba           123      10118      228                                   
1895 1161700-2742 10827           Oruba                                                                     
1895 117 500-2944 11015           Oruba            67      10115      228                                   
1895 1171600-3440 11470           Oruba            67                                                       
1895 118 400-3440 11420           Oruba            46      10095      228                                   
1895 1181600-3495 11617           Oruba           226      10110      206                                   
1895 119 400-3550 11814           Oruba           123      10102      233                                   
1895 1191600-3529 12112           Oruba            93                                                       
1895 120 400-3529 12410           Oruba           123      10159      211                                   
1895 1201500-3530 12765           Oruba            67                 189                                   
1895 121 300-3532 13120           Oruba            46      10172      178                                   
1895 1211500-3531 13270           Oruba            67                                                       
1895 122 300-3530 13420           Oruba            26      10117      222                                   
1895 1221500-3637 13725           Oruba            67                                                       
1895 123 300-3744 14030           Oruba            26      10062      222                                   
1895 1231400-3753 14260           Oruba            46                                                       
1895 124 200-3762 14490           Oruba            67       9970      267                                   
1895 1241400-3771 14490           Oruba            67      10133      183                                   
1895 125 200-3780 14490           Oruba            93      10059      178                                   
1895 1251400-3810 14672           Oruba                               183                                   
1895 126 200-3840 14855           Oruba            67      10158      178                                   
1895 127 200-3840 14855           Oruba            67      10124      178                                   
1895 4302200 3429  2620           Oruba            93      10109      183                                   
1895 5 11000 3328  2740           Oruba            67                 189                                   
1895 5 12200 3227  2860           Oruba            46      10158      183                                   
1895 5 21000 3126  2980           Oruba            93      10128      200                                   
1895 5 22200 2994  3099           Oruba            93      10170      222                                   
1895 5 31000 2863  3219           Oruba            26      10180      178                                   
1895 5 32200 2731  3339           Oruba            93      10114      244                                   
1895 5 41000 2600  3459           Oruba           123      10146      244                                   
1895 5 42200 2365  3654           Oruba            67      10094      267                                   
1895 5 5 900 2130  3850           Oruba            67      10115      272                                   
1895 5 52100 1880  3986           Oruba            46      10087      289                                   
1895 5 6 900 1630  4123           Oruba            26      10097      283                                   
1895 5 62100 1426  4311           Oruba            67      10086      283                                   
1895 5 7 900 1222  4500           Oruba            67      10098      289                                   
1895 5 72100 1246  4773           Oruba            67      10093      278                                   
1895 5 8 900 1270  5046           Oruba            67      10091      289                                   
1895 5 82000 1225  5339           Oruba             0      10096      278                                   
1895 5 9 800 1180  5632           Oruba            26      10105      283                                   
1895 5 92000 1125  5923           Oruba            26      10105      283                                   
1895 510 800 1070  6214           Oruba            26      10114      289                                   
1895 5102000  964  6513           Oruba            46      10093      289                                   
1895 511 700  858  6813           Oruba            46      10099      294                                   
1895 5111900  806  7131           Oruba            67      10084      283                                   
1895 512 700  755  7450           Oruba            67      10092      311                                   
1895 5121900  724  7717           Oruba            67      10077      283                                   
1895 513 700  693  7984           Oruba            67      10069      289                                   
1895 5131900  581  8054           Oruba            93      10083      283                                   
1895 514 700  470  8124           Oruba           123      10064      294                                   
1895 5141800  225  8325           Oruba            67      10100      283                                   
1895 515 600  -20  8526           Oruba            67      10081      294                                   
1895 516 600 -454  8853           Oruba            67      10081      294                                   
1895 517 600 -911  9211           Oruba           123      10089      294                                   
1895 518 600-1340  9510           Oruba            93      10097      278                                   
1895 518 800-1496  9670           Oruba           123      10110      261                                   
1895 519 500-1653  9830           Oruba           123      10123      267                                   
1895 520 500-2050 10151           Oruba            93      10163      244                                   
1895 521 500-2510 10543           Oruba            46      10188      211                                   
1895 522 500-2923 10956           Oruba            26      10187      217                                   
1895 523 400-3356 11426           Oruba            67      10204      217                                   
1895 524 400-3560 11853           Oruba            67      10222      183                                   
1895 525 400-3520 12544           Oruba            67      10257      211                                   
1895 526 300-3524 13548           Oruba            67      10243      194                                   
1895 527 300-3682 13881           Oruba            67      10204      156                                   
1895 528 300-3840 14214           Oruba           123      10057      156                                   
1895 529 200-3825 14457           Oruba            46      10135      172                                   
1895 530 200-3810 14855           Oruba            67      10132      228                                   
1895 531 200-3352 15112           Oruba                    10150      178                                   
1895 916 700  849  7714           Oruba            67                 289                                   
1895 917 700  431  8081           Oruba            67                                                       
1895 918 600   13  8448           Oruba            67      10114      300                                   
1895 919 600 -419  8815           Oruba            67      10117      283                                   
1895 920 600 -826  9140           Oruba            67                 283                                   
1895 921 600-1232  9511           Oruba            67                 267                                   
1895 922 500-1630  9838           Oruba            93                 250                                   
1895 923 500-2035 10194           Oruba            93                                                       
1895 924 500-2440 10550           Oruba            67      10210      200                                   
1895 925 500-2911 10948           Oruba            46                                                       
1895 929 300-3541 12828           Oruba           123      10107      161                                   
1895 9291500-3536 13138           Oruba                                                                     
1895 930 300-3532 13449           Oruba            93      10083      183                                   
1896 1 52300 4076  1273           Oruba           226      10122      183                                   
1896 1 61100 3921  1520           Oruba           123      10186      172                                   
1896 1 62300 3766  1767           Oruba           226      10122      167                                   
1896 1 71100 3611  2014           Oruba           123      10067      161                                   
1896 1 72200 3482  2314           Oruba            93       9928      200                                   
1896 1 81000 3354  2615           Oruba           123       9991      200                                   
1896 1 82200 3236  2918           Oruba           123      10125      200                                   
1896 1 91000 3119  3221           Oruba           226      10084      156                                   
1896 1 92200 2969  3298           Oruba            26      10230      167                                   
1896 1101000 2819  3374           Oruba                    10218      189                                   
1896 1102200 2670  3451           Oruba            67      10219      217                                   
1896 1111000 2520  3528           Oruba            46      10198      211                                   
1896 1112200 2266  3682           Oruba            26      10129      256                                   
1896 112 900 2012  3836           Oruba            67      10141      256                                   
1896 1122100 1761  3996           Oruba            93      10118      261                                   
1896 113 900 1511  4156           Oruba            67      10105      250                                   
1896 1132100 1366  4353           Oruba            93      10154      256                                   
1896 114 900 1222  4551           Oruba            67      10148      267                                   
1896 1142100 1231  4838           Oruba            93      10152      244                                   
1896 115 900 1240  5125           Oruba            67      10155      267                                   
1896 1152000 1147  5447           Oruba            93      10135      261                                   
1896 116 800 1054  5770           Oruba            93      10138      267                                   
1896 1162000 1003  5994           Oruba           123      10117      267                                   
1896 117 800  953  6218           Oruba                    10114      283                                   
1896 1172000  904  6477           Oruba            67      10109      272                                   
1896 118 800  856  6736           Oruba            93      10115      278                                   
1896 1181900  834  7043           Oruba            46      10114      261                                   
1896 119 700  813  7350           Oruba            26      10119      272                                   
1896 1191900  791  7645           Oruba            67      10094      261                                   
1896 120 700  770  7940           Oruba            93      10112      272                                   
1896 121 700  656  7950           Oruba            67                 267                                   
1896 1211900  458  8116           Oruba            26                 267                                   
1896 122 600  260  8282           Oruba            26      10116      267                                   
1896 1221800   62  8449           Oruba            26      10100      278                                   
1896 123 600 -136  8615           Oruba            26                 283                                   
1896 1231800 -435  8786           Oruba            26      10110      261                                   
1896 124 600 -735  8958           Oruba            46                 261                                   
1896 125 600-1034  9322           Oruba            26                 283                                   
1896 5152200 2750  3387           Oruba            67      10105      256                                   
1896 5161000 2500  3550           Oruba           123      10119      244                                   
1896 5162200 2250  3712           Oruba            67                 294                                   
1896 517 900 2000  3875           Oruba            67      10095      289                                   
1896 5172100 1756  4015           Oruba            26      10060      289                                   
1896 518 900 1512  4154           Oruba            26      10067      300                                   
1896 5182100 1367  4387           Oruba            46      10058      289                                   
1896 519 900 1222  4620           Oruba            26      10069      300                                   
1896 5192100 1186  4889           Oruba            67      10091      289                                   
1896 520 900 1150  5158           Oruba            67      10068      283                                   
1896 5202000 1093  5300           Oruba            67      10119      278                                   
1896 521 800 1036  5442           Oruba            67      10092      317                                   
1896 5212000  993  5888           Oruba            26      10096      250                                   
1896 522 800  950  6335           Oruba            26                 294                                   
1896 5222000  895  6629           Oruba            67                 294                                   
1896 523 700  841  6924           Oruba            67      10098      300                                   
1896 5231900  790  7221           Oruba            67                 278                                   
1896 524 700  739  7519           Oruba            26      10105      278                                   
1896 5241900  658  7668           Oruba            67      10121      278                                   
1896 525 700  578  7817           Oruba            67      10120      267                                   
1896 5251900  497  7966           Oruba             0      10114      278                                   
1896 526 700  417  8115           Oruba            46                 283                                   
1896 5261800  199  8289           Oruba            26      10113      283                                   
1896 527 600  -19  8462           Oruba            26      10114      294                                   
1896 5271800 -232  8636           Oruba            93      10116      283                                   
1896 528 600 -446  8810           Oruba            67      10102      289                                   
1896 5281800 -673  8980           Oruba            67      10115      278                                   
1896 529 600 -900  9150           Oruba           123      10113      289                                   
1896 5291800-1100  9325           Oruba            67      10131      267                                   
1896 530 600-1300  9500           Oruba            67      10113      278                                   
1896 5301800-1400  9400           Oruba            93      10155      250                                   
1896 531 500-1400  9850           Oruba            93      10129      267                                   
1896 5311700-2200 10300           Oruba            67      10179      233                                   
1896 6 1 500-2200 10300           Oruba            93      10161      261                                   
1896 6 11700-2600 10700           Oruba            26      10198      217                                   
1896 6 2 500-2600 10700           Oruba            26      10174      239                                   
1896 6 21700-2825 11100           Oruba            26      10193      194                                   
1896 6 3 500-3050 11100           Oruba            26      10191      222                                   
1896 6 31600-3262 11325           Oruba            46      10218      172                                   
1896 6 4 400-3475 11550           Oruba            46      10199      194                                   
1896 6 41600-3500 11800           Oruba            67      10239      156                                   
1896 6 5 400-3500 11800           Oruba            67      10222      156                                   
1896 6 51600-3500 12500           Oruba            26      10230      150                                   
1896 6 6 400-3500 12500           Oruba            46      10227      189                                   
1896 6 61500-3550 13200           Oruba            93      10242      161                                   
1896 6 7 300-3550 13200           Oruba            67      10559      183                                   
1896 6 71500-3633 13483           Oruba            67      10194      150                                   
1896 6 8 300-3717 13767           Oruba            93      10222      167                                   
1896 6 81500-3800 14050           Oruba            93      10165      150                                   
1896 6 9 300-3800 14050           Oruba            46      10171      156                                   
1896 6 91400-3792 14271           Oruba            67      10140      139                                   
1896 610 200-3785 14492           Oruba            26      10157      156                                   
1896 6101400-3817 14471           Oruba            26      10161      156                                   
1896 611 200-3850 14450           Oruba            26      10163      144                                   
1896 612 200-3882 14429           Oruba            93      10096      167                                   
1896 9222100 1200  5100           Oruba             0      10075      239                                   
1896 923 900 1200  5100           Oruba            10      10084      289                                   
1896 9232000 1100  5700           Oruba             0      10075      239                                   
1896 924 800 1100  5700           Oruba            46      10107      272                                   
1896 9242000 1000  6300           Oruba            46      10100      267                                   
1896 925 800 1000  6300           Oruba            46      10101      261                                   
1896 9251900  900  6900           Oruba             0      10089      256                                   
1896 926 700  900  6900           Oruba            10      10087      267                                   
1896 9261900  800  7500           Oruba            46      10100      267                                   
1896 927 700  800  7500           Oruba            46      10082      294                                   
1896 9271900  728  7725           Oruba            67      10080      267                                   
1896 928 700  656  7950           Oruba            46      10085      272                                   
1896 9281900  400  8100           Oruba            46      10086      267                                   
1896 929 700  400  8100           Oruba            46      10082      289                                   
1896 9291800  192  8500           Oruba            67      10119      267                                   
1896 930 600  -15  8500           Oruba            93      10096      283                                   
1896 9301800 -400  8900           Oruba            67      10102      272                                   
189610 1 600 -400  8900           Oruba            46      10097      278                                   
189610 11800 -900  9200           Oruba            67      10100      267                                   
189610 2 600 -900  9200           Oruba            67      10114      267                                   
189610 21800-1300  9500           Oruba            93      10152      244                                   
189610 3 600-1300  9500           Oruba            93      10142      267                                   
189610 31700-1700  9900           Oruba            93      10180      233                                   
189610 4 500-1700  9900           Oruba            93      10161      244                                   
189610 41700-2100 10200           Oruba            67      10169      211                                   
189610 5 500-2100 10200           Oruba            93      10165      233                                   
189610 51700-2500 10600           Oruba            46      10174      194                                   
189610 6 500-2500 10600           Oruba            67      10171      211                                   
189610 61700-2700 10800           Oruba            67      10152      194                                   
189610 7 500-2900 11000           Oruba            67      10151      211                                   
189610 71600-3300 11400           Oruba            67      10133      178                                   
189610 71700-3100 11200           Oruba            67      10155      194                                   
189610 8 400-3300 11400           Oruba            93      10150      217                                   
189610 81600-3300 11400           Oruba            67      10133      178                                   
189610 9 400-3500 11753           Oruba            46      10118      178                                   
189610 91600-3500 11991           Oruba            67      10166      189                                   
18961010 400-3500 12230           Oruba            67      10096      183                                   
189610101500-3515 12900           Oruba            67      10066      167                                   
18961011 300-3530 12900           Oruba            93      10039      183                                   
189610111500-3525 13600           Oruba            67      10020      156                                   
18961012 300-3545 13600           Oruba            67      10084      178                                   
189610121500-3497 13600           Oruba            67      10172      156                                   
18961013 300-3450 13829           Oruba            46      10236      172                                   
189610131500-3830 14200           Oruba            46      10246      156                                   
18961014 300-3830 14200           Oruba            46      10224      161                                   
189610141500-3850 14200           Oruba            67      10261      144                                   
18961015 200-3751 14456           Oruba            67      10207      261                                   
189610151400-3790 14800           Oruba            46      10191      156                                   
18961016 200-3830 14800           Oruba            46      10190      167                                   
189610161400-3590 14956           Oruba             0      10151      183                                   
18961017 200-3351 15112           Oruba            26      10143      222                                   
189610311400-3754 14960           Oruba            46      10308      144                                   
189611 1 200-3754 14950           Oruba           123      10273      150                                   
189611 11000-3754 14940           Oruba                                                                     
189611 11400-3754 14930           Oruba            46      10308      144                                   
189611 11800-3752 14692           Oruba             0                                                       
189611 2 200-3750 14455           Oruba            46      10299      156                                   
189611 21400-3750 14454           Oruba                                                                     
189611 3 200-3750 14454           Oruba                                                                     
189611 31400-3750 14454           Oruba                                                                     
189611 4 200-3750 14454           Oruba                                                                     
189611 41400-3750 14454           Oruba                                                                     
189611 5 200-3750 14454           Oruba                                                                     
189611 51400-3750 14454           Oruba                                                                     
189611 6 200-3750 14454           Oruba                                                                     
189611 61400-3802 14388           Oruba                    10262      139                                   
189611 71400-3855 14323           Oruba            46      10242      139                                   
189611 8 200-3855 14323           Oruba            93      10186      150                                   
189611 81500-3599 14096           Oruba             0      10223      156                                   
189611 9 300-3344 13870           Oruba            26      10240      161                                   
189611 91500-3448 13830           Oruba             0      10222      156                                   
18961110 300-3448 13830           Oruba            67      10205      178                                   
189611101500-3448 13830           Oruba            46      10121      156                                   
18961111 300-3448 13830           Oruba            46      10165      194                                   
189611111500-3448 13540           Oruba            67      10188      156                                   
18961112 300-3531 13250           Oruba            46      10149      194                                   
189611121500-3540 12900           Oruba            46      10189      156                                   
18961113 400-3550 12550           Oruba            67      10198      183                                   
189611131600-3580 12200           Oruba            67      10168      183                                   
18961114 400-3610 11850           Oruba            93      10158      183                                   
189611141600-3575 11400           Oruba            67      10187      172                                   
189611141600-3640 11500           Oruba            67      10168      183                                   
18961115 400-3350 11400           Oruba            67      10180      200                                   
189611151700-3125 11175           Oruba            67      10183      172                                   
18961116 500-2900 10950           Oruba            93      10180      178                                   
189611161700-2675 10750           Oruba            93      10175      200                                   
18961117 500-2450 10550           Oruba            93      10206      206                                   
189611171700-2225 10375           Oruba            93      10162      172                                   
18961118 500-2000 10200           Oruba            93      10150      239                                   
189611181700-1765 10000           Oruba            93      10167      211                                   
18961119 500-1530  9800           Oruba            93      10144      261                                   
189611191800-1315  9600           Oruba            67      10130      256                                   
18961120 600-1100  9400           Oruba            93      10128      267                                   
189611201800 -872  9215           Oruba            67      10134      267                                   
18961121 600 -645  9030           Oruba            67      10104      283                                   
189611211800 -200  8400           Oruba           123      10085      267                                   
189611211800 -422  8837           Oruba            26      10084      278                                   
18961122 600 -200  8645           Oruba            26      10083      283                                   
189611221800 -200  8700           Oruba           123      10085      267                                   
18961123 600  200  8300           Oruba           123      10090      278                                   
189611231900  400  8150           Oruba            93      10101      278                                   
18961124 700  600  8000           Oruba            93      10082      289                                   
1897 1181900  826  7779           Oruba            26      10120      267                                   
1897 119 700  617  7953           Oruba            26      10119      272                                   
1897 1191900  408  8126           Oruba            26      10115      294                                   
1897 120 600  200  8300           Oruba            10      10116      283                                   
1897 1201800    0  8475           Oruba            26      10130      283                                   
1897 121 600 -200  8650           Oruba            10      10130      283                                   
1897 1211800 -425  8825           Oruba            46      10117      278                                   
1897 122 600 -650  9000           Oruba            26      10124      283                                   
1897 1221800 -875  9175           Oruba            46      10118      283                                   
1897 123 600-1100  9350           Oruba            46      10119      278                                   
1897 1231800-1300  9500           Oruba            46      10130      256                                   
1897 124 600-1500  9650           Oruba            46      10127      278                                   
1897 1241700-1700  9850           Oruba            67      10162      239                                   
1897 125 500-1900 10050           Oruba            46      10138      267                                   
1897 1251700-2550 10600           Oruba            46      10147      239                                   
1897 126 500-2350 10400           Oruba            67      10166      239                                   
1897 127 500-2750 10800           Oruba            46      10156      233                                   
1897 1271700-2950 11000           Oruba            67      10120      217                                   
1897 128 500-3150 11200           Oruba            67      10107      222                                   
1897 128 500-3130 11200           Oruba                                                                     
1897 1281100-1469-16530           Oruba                                                                     
1897 1281600-3325 11400           Oruba            46      10095      200                                   
1897 129 400-3500 11600           Oruba            67      10120      206                                   
1897 1291600-3500 11775           Oruba            46      10117      183                                   
1897 130 400-3500 11950           Oruba            67      10114      200                                   
1897 1301600-3512 12287           Oruba            46      10081      194                                   
1897 131 400-3525 12625           Oruba            46      10115      194                                   
1897 1311500-3537 12962           Oruba            67      10099      211                                   
1897 2 1 300-3550 13300           Oruba            67      10092      211                                   
1897 2 2 300-3562 13637           Oruba            46      10109      233                                   
1897 2 6 200-3750 15000           Oruba            46      10117      194                                   
1897 2 72200-3919 14969           Oruba            46      10123      228                                   
1897 2 81000-3898 14886           Oruba            67      10170      189                                   
1897 2 82200-3878 14804           Oruba            67      10219      156                                   
1897 2 91000-3857 14722           Oruba            67      10230      211                                   
1897 2 92200-3836 14640           Oruba            46      10197      244                                   
1897 2101000-3816 14558           Oruba            67      10183      244                                   
1897 2102200-3795 14475           Oruba             0      10185      233                                   
1897 2111000-3774 14393           Oruba            10      10181      239                                   
1897 2112200-3753 14311           Oruba            46      10186      228                                   
1897 2121100-3733 14229           Oruba             0      10164      278                                   
1897 2122300-3712 14147           Oruba            26      10168      211                                   
1897 2131100-3691 14064           Oruba            26      10173      178                                   
1897 2132300-3671 13982           Oruba            67      10181      172                                   
1897 2141100-3650 13900           Oruba            67      10151      189                                   
1897 2142300-3634 13818           Oruba             0      10124      228                                   
1897 2151100-3618 13736           Oruba            26      10114      228                                   
1897 2152300-3603 13654           Oruba             0      10107      250                                   
1897 2161100-3587 13571           Oruba            10      10079      256                                   
1897 2162300-3571 13489           Oruba            10      10083      267                                   
1897 2171100-3555 13407           Oruba            46      10056      267                                   
1897 2172300-3540 13325           Oruba            46      10060      200                                   
1897 2181100-3524 13243           Oruba            93      10117      161                                   
1897 2182300-3520 12935           Oruba            67      10152      156                                   
1897 2191200-3517 12627           Oruba            26      10188      161                                   
1897 221 900-4209  4522           Oruba           123      10119      144                                   
1897 2211300-4215  4522           Oruba           123      10078      106                                   
1897 2211700-4221  4522           Oruba            93      10104       94                                   
1897 2212100-4227  5105           Oruba            67      10123      100                                   
1897 222 100-4227  5105           Oruba            67      10142       72                                   
1897 222 500-4227  5105           Oruba            67      10164      100                                   
1897 222 900-4227  5105           Oruba            46      10207      106                                   
1897 2221300-3024 11013           Oruba            93      10158      194                                   
1897 2221300-4227  5105           Oruba            46      10191      100                                   
1897 2221700-4227  5105           Oruba            46      10184       83                                   
1897 2222000-4256  5649           Oruba            26      10174       83                                   
1897 223   0-4256  5649           Oruba            46      10153       67                                   
1897 223 100-2625 10600           Oruba            93      10126      228                                   
1897 223 400-4256  5649           Oruba            46      10141      139                                   
1897 223 800-4256  5649           Oruba            46      10135      111                                   
1897 2231200-4256  5649           Oruba            46      10095      111                                   
1897 2231300-2226 10187           Oruba            67      10104      222                                   
1897 2231600-4256  5649           Oruba            67      10056      139                                   
1897 2232000-4315  6250           Oruba            67      10029      144                                   
1897 224   0-4382  6252           Oruba            67       9988      150                                   
1897 224 400-4448  6254           Oruba            26       9950      139                                   
1897 224 800-4515  6256           Oruba            26       9896      122                                   
1897 2241200-4315  6250           Oruba            67       9845      111                                   
1897 2241600-4315  6250           Oruba            93      10102      111                                   
1897 2242000-4315  6397           Oruba           154       9795      111                                   
1897 225   0-4315  6543           Oruba           154       9841       78                                   
1897 225 400-4316  6690           Oruba           154       9911       83                                   
1897 225 700-4316  6837           Oruba           154       9944       89                                   
1897 3 82300-1604-16716           Oruba            67      10018      294                                   
1897 3 92300-1739-16902           Oruba            67      10018      294                                   
1897 3102300-1926-17059           Oruba            93      10021      283                                   
1897 312   0-2122-17314           Oruba            67      10031      272                                   
1897 313   0-2219-17423           Oruba            46      10031      278                                   
1897 314   0-2324-17526           Oruba            46      10023      289                                   
1897 315   0-2423-17646           Oruba            67      10019      272                                   
1897 316   0-2522-17818           Oruba            67      10008      283                                   
1897 317   0-2605-17939           Oruba            46      10018      289                                   
1897 318   0-2619 17945           Oruba            26      10033      278                                   
1897 319   0-2640 17831           Oruba            46      10027      278                                   
1897 320   0-2724 17624           Oruba            67      10014      256                                   
1897 321   0-2713 17408           Oruba            93      10054      239                                   
1897 322 100-2733 17133           Oruba            67      10093      228                                   
1897 323 100-2738 17006           Oruba            46      10120      228                                   
1897 324 100-2801 16841           Oruba            26      10101      244                                   
1897 325 100-2819 16825           Oruba            10      10102      239                                   
1897 326 100-2849 16608           Oruba            93      10121      228                                   
1897 327 100-2952 16308           Oruba            93      10173      222                                   
1897 328 100-3124 16007           Oruba            93      10211      206                                   
1897 329 200-3223 15723           Oruba            67      10222      222                                   
1897 330 200-3318 15435           Oruba            67      10216      222                                   
1897 331 200-3404 15220           Oruba            67      10210      222                                   
1897 522 900-4227  5105           Oruba                                                                     
1897 524 800-4315  6250           Oruba                                                                     
