1892 8152000-3515 17470           Ovalau                   10054      156                                   
1892 8162000-3282 17470           Ovalau                   10051      161                                   
1892 8172000-3049 17532           Ovalau                   10142      172                                   
1892 8182000-2700 17621           Ovalau                   10153      167                                   
1892 8192000-2326 17713           Ovalau                   10121      200                                   
1892 8202000-2013 17750           Ovalau                   10080      233                                   
1892 8212000-2018 17749           Ovalau                   10094      256                                   
1892 8222000-2022 17747           Ovalau                   10093      261                                   
1892 8232000-2027 17746           Ovalau                   10093      261                                   
1892 8242000-2031 17744           Ovalau                   10094      256                                   
1892 8252000-2036 17743           Ovalau                   10096      239                                   
1892 8262000-2431 17714           Ovalau                   10085      222                                   
1892 8272000-2836 17636           Ovalau                   10039      172                                   
1892 8282000-3234 17610           Ovalau                   10033      183                                   
1892 8292000-3600 17590           Ovalau                   10083      167                                   
1892 8302000-3650 17445           Ovalau                   10003      167                                   
1892 8312000-3695 17528           Ovalau                                                                    
1892 9 12000-3740 17611           Ovalau          190                 -12                                   
1892 9 22000-3785 17694           Ovalau          268                                                       
189212202000-3322 15283           Ovalau           67      10206       44                                   
18921222 200-3224 15610           Ovalau           93      10118      222                                   
18921223 100-3126 15937           Ovalau           67      10147      228                                   
18921224 100-2923 16254           Ovalau           93      10186      244                                   
18921225 100-2712 16551           Ovalau                   10212      261                                   
18921226 100-2502 16849           Ovalau                   10200      283                                   
18921227 100-2243 17156           Ovalau                   10184      289                                   
18921228 100-2050 17229           Ovalau                   10157      300                                   
18921229   0-1857 17302           Ovalau                   10132      322                                   
1893 1 5   0-1948 17375           Ovalau                   10117      356                                   
1893 1 6   0-2039 17448           Ovalau                   10149      289                                   
1893 1 7 100-2311 17130           Ovalau                              289                                   
1893 1 8 100-2536 16860           Ovalau                   10105      250                                   
1893 1 9 100-2800 16447           Ovalau                   10124      267                                   
1893 110 100-3030 16136           Ovalau                   10141      278                                   
1893 111 100-3265 15819           Ovalau                   10102      261                                   
1893 112 200-3501 15431           Ovalau                              261                                   
1893 113 200-3704 15040           Ovalau                   10083      217                                   
1893 114 200-3907 14649           Ovalau                                                                    
1893 1141600-4110 14258           Ovalau                   10214      200                                   
1896 7311400-3049 15558           Ovalau           10      10073      178                                   
1896 7311800-3049 15558           Ovalau           46      10035      144                                   
1896 7312200-3049 15558           Ovalau           26      10041      150                                   
1896 8 1 200-3049 15558           Ovalau            0      10050      194                                   
1896 8 1 600-3049 15558           Ovalau           26      10043      217                                   
1896 8 11000-3049 15558           Ovalau           26      10063      178                                   
1896 8 11300-2900 15926           Ovalau           10      10072      178                                   
1896 8 11800-3049 15558           Ovalau           10      10066      161                                   
1896 8 12200-3049 15558           Ovalau           10      10086      183                                   
1896 8 2 100-2900 15926           Ovalau           26      10067      211                                   
1896 8 2 500-2900 15926           Ovalau           26      10059      194                                   
1896 8 2 900-2900 15926           Ovalau           26      10078      183                                   
1896 8 21300-2760 16240           Ovalau           26      10080      167                                   
1896 8 21700-2900 15926           Ovalau           26      10058      200                                   
1896 8 22100-2900 15926           Ovalau           46      10057      189                                   
1896 8 3 100-2706 16240           Ovalau           93      10045      167                                   
1896 8 3 500-2760 16240           Ovalau            0      10048      156                                   
1896 8 3 900-2760 16240           Ovalau            0      10073      167                                   
1896 8 31300-2513 16614           Ovalau            0      10061      167                                   
1896 8 31700-2760 16240           Ovalau           26      10044      178                                   
1896 8 32100-2760 16240           Ovalau           67      10057      200                                   
1896 8 4 100-2513 16614           Ovalau           93      10035      222                                   
1896 8 4 500-2513 16614           Ovalau           26      10009      278                                   
1896 8 4 900-2513 16614           Ovalau           26      10039      200                                   
1896 8 41300-2312 16941           Ovalau           26      10032      189                                   
1896 8 41700-2513 16614           Ovalau           26      10034      189                                   
1896 8 42100-2513 16614           Ovalau           26      10043      211                                   
1896 8 5 100-2312 16941           Ovalau           46      10027      222                                   
1896 8 5 500-2312 16941           Ovalau           93      10019      211                                   
1896 8 5 900-2312 16941           Ovalau           67      10038      194                                   
1896 8 51300-2218 17146           Ovalau           10      10055      211                                   
1896 8 51300-2312 16941           Ovalau           67      10037      200                                   
1896 8 51700-2189 17201           Ovalau           67      10033      200                                   
1896 8 52000-2159 17256           Ovalau           46      10043      222                                   
1896 8 6   0-2129 17311           Ovalau           46      10033      278                                   
1896 8 6 400-2099 17366           Ovalau           10      10032      267                                   
1896 8 6 800-2069 17421           Ovalau           10      10049      222                                   
1896 8 61200-2039 17475           Ovalau            0      10057      233                                   
1896 8 61600-2010 17530           Ovalau           26      10038      222                                   
1896 8 62000-1980 17585           Ovalau           26      10053      233                                   
1896 8 7   0-1950 17640           Ovalau           26      10046      278                                   
1896 8 7 400-1915 17675           Ovalau           26      10041      267                                   
1896 8 7 800-1880 17710           Ovalau           26      10056      233                                   
1896 8 81200-1845 17745           Ovalau            0      10056      233                                   
1896 8 81600-1811 17780           Ovalau           26      10062      194                                   
1896 8 82000-1776 17815           Ovalau           26      10071      222                                   
1896 8 9   0-1741 17850           Ovalau           67      10060      289                                   
1896 8 9 400-1720 17891           Ovalau           67      10040      267                                   
1896 8 9 800-1700 17931           Ovalau           67      10058      256                                   
1896 8101200-1679 17972           Ovalau          123      10032      211                                   
1896 8112000-1659-17987           Ovalau           93      10034      300                                   
1896 812   0-1638-17946           Ovalau           93      10022      311                                   
1896 812 400-1618-17906           Ovalau           93       9995      333                                   
1896 812 800-1597-17865           Ovalau          123      10022      267                                   
1896 8121200-1577-17824           Ovalau           67      10024      256                                   
1896 8121600-1556-17783           Ovalau          123      10022      267                                   
1896 8122000-1536-17743           Ovalau          123      10047      278                                   
1896 813   0-1515-17702           Ovalau          123      10045      289                                   
1896 813 400-1515-17654           Ovalau           67      10048      311                                   
1896 813 800-1515-17605           Ovalau           67      10057      256                                   
1896 8131200-1496-17557           Ovalau           67      10023      256                                   
1896 8131200-1458-17465           Ovalau           46      10005      267                                   
1896 8131600-1477-17509           Ovalau          123      10015      267                                   
1896 8132000-1459-17460           Ovalau          123      10020      278                                   
1896 814   0-1440-17412           Ovalau          123      10011      311                                   
1896 814 400-1440-17412           Ovalau          123       9988      367                                   
1896 814 800-1422-17359           Ovalau          123      10020      278                                   
1896 8141200-1404-17305           Ovalau           46      10004      267                                   
1896 8141600-1385-17252           Ovalau           46      10006      256                                   
1896 8141900-1367-17198           Ovalau           26      10002      278                                   
1896 8142300-1349-17145           Ovalau          123      10004      289                                   
1896 815 700-1390-17166           Ovalau           93       9993      356                                   
1896 8151100-1430-17187           Ovalau           46      10008      267                                   
1896 8151500-1471-17209           Ovalau           67       9988      267                                   
1896 8151900-1511-17230           Ovalau           46      10011      289                                   
1896 816   0-1552-17251           Ovalau           26       9998      289                                   
1896 816 400-1552-17251           Ovalau           26       9981      311                                   
1896 8161200-1552-17251           Ovalau           26      10005      267                                   
1896 8161600-1552-17251           Ovalau           67       9987      233                                   
1896 8162000-1552-17251           Ovalau           67       9991      289                                   
1896 8171200-1694-17327           Ovalau                   10030      222                                   
1896 8172000-1837-17404           Ovalau            0      10028      239                                   
1896 818   0-1876-17418           Ovalau            0      10024      267                                   
1896 818 800-1915-17432           Ovalau            0      10034      244                                   
1896 8181200-1954-17446           Ovalau            0      10031      222                                   
1896 8181600-1992-17460           Ovalau           10       9998      222                                   
1896 8182000-2031-17474           Ovalau           26      10043      256                                   
1896 8191200-2070-17488           Ovalau           26      10051      211                                   
1896 820 800-2109-17502           Ovalau           26      10047      233                                   
1896 8201200-2613-17754           Ovalau           26      10054      211                                   
1896 8201600-2524-17717           Ovalau           46      10054      211                                   
1896 8202000-2436-17679           Ovalau           46      10010      333                                   
1896 821   0-2347-17642           Ovalau           46       9993      367                                   
1896 821 400-2436-17679           Ovalau           67       9989      256                                   
1896 821 800-2524-17717           Ovalau          123      10001      222                                   
1896 8211200-2613-17754           Ovalau          123      10012      267                                   
1896 822 800-2890 17991           Ovalau           67      10112      178                                   
1896 8221200-2690-17823           Ovalau           46      10115      156                                   
1896 8221200-2929 17953           Ovalau           46      10144      150                                   
1896 8221600-2730-17861           Ovalau          123      10052      167                                   
1896 8221600-2969 17916           Ovalau           46      10117      156                                   
1896 8222000-2770-17898           Ovalau          123      10087      222                                   
1896 8222000-3009 17879           Ovalau           46      10115      250                                   
1896 823   0-2810-17935           Ovalau          123      10085      300                                   
1896 823   0-3049 17842           Ovalau           46      10114      278                                   
1896 823 400-2850-17972           Ovalau           67      10075      200                                   
1896 823 400-3097 17930           Ovalau           46      10121      178                                   
1896 824 800-3144-17981           Ovalau           46      10145      156                                   
1896 8241200-3192-17892           Ovalau           46      10146      150                                   
1896 8241600-3240-17804           Ovalau           26      10137      150                                   
1896 8242000-3287-17715           Ovalau           26      10130      211                                   
1896 825   0-3335-17627           Ovalau           26      10122      267                                   
1896 825 400-3383-17538           Ovalau           46      10125      167                                   
1896 825 800-3430-17450           Ovalau           46      10122      144                                   
1896 8251200-3478-17361           Ovalau           46      10121      156                                   
1896 8251600-3526-17273           Ovalau           46      10095      150                                   
1896 8251900-3573-17184           Ovalau           46      10102      172                                   
1896 8252300-3621-17096           Ovalau           46      10071      261                                   
1896 8311200-2913 17849           Ovalau           26      10007      167                                   
1896 8311600-2852 17881           Ovalau           93      10013      167                                   
1896 8312000-2790 17914           Ovalau           46      10029      167                                   
1896 9 1   0-2728 17946           Ovalau           26      10010      178                                   
1896 9 1 400-2666 17978           Ovalau           26       9994      172                                   
1896 9 2 800-2604-17989           Ovalau           26      10009      178                                   
1896 9 21200-2542-17957           Ovalau           26      10011      206                                   
1896 9 21600-2481-17925           Ovalau           26      10000      189                                   
1896 9 22000-2419-17892           Ovalau           46      10011      156                                   
1896 9 3   0-2357-17860           Ovalau           26       9984      217                                   
1896 9 3 400-2327-17802           Ovalau           26       9983      222                                   
1896 9 3 800-2298-17744           Ovalau           26      10008      211                                   
1896 9 31200-2268-17686           Ovalau            0      10039      228                                   
1896 9 31600-2239-17628           Ovalau           26       9999      222                                   
1896 9 32000-2209-17570           Ovalau           26      10031      233                                   
1896 9 4   0-2180-17512           Ovalau            0      10028      250                                   
1896 9 4 400-2150-17454           Ovalau            0      10030      256                                   
1896 9 4 800-2121-17396           Ovalau            0      10036      239                                   
1896 9 41200-2091-17338           Ovalau            0      10062      244                                   
1896 9 41600-2062-17280           Ovalau            0      10038      228                                   
1896 9 41900-2032-17222           Ovalau            0      10043      239                                   
1896 9 42300-2003-17164           Ovalau            0      10043      256                                   
1896 9 5 300-1973-17106           Ovalau           26      10044      267                                   
1896 9 5 700-1944-17048           Ovalau           26      10059      256                                   
1896 9 51100-1914-16990           Ovalau           67      10039      278                                   
1896 9 51500-1885-16932           Ovalau            0      10061      244                                   
1896 9 51900-1855-16874           Ovalau           10      10059      256                                   
1896 9 52300-1826-16816           Ovalau           26      10057      267                                   
1896 9 6 300-1796-16758           Ovalau           67      10035      294                                   
1896 9 6 700-1767-16700           Ovalau           67      10040      283                                   
1896 9 61100-1737-16642           Ovalau           67      10038      278                                   
1896 9131200-1822 17793           Ovalau           67      10054      244                                   
1896 9131600-1866 17729           Ovalau          123      10025      256                                   
1896 9132000-1909 17664           Ovalau           93      10053      256                                   
1896 914   0-1952 17600           Ovalau           67      10031      267                                   
1896 914 400-1995 17535           Ovalau           67      10026      256                                   
1896 914 800-2038 17471           Ovalau           67      10060      256                                   
1896 9141200-2081 17406           Ovalau           67      10055      244                                   
1896 9141600-2125 17342           Ovalau           67      10057      233                                   
1896 9142000-2168 17277           Ovalau           67      10067      261                                   
1896 915 100-2211 17213           Ovalau           67      10058      272                                   
1896 915 500-2248 17150           Ovalau           67      10065      233                                   
1896 915 900-2285 17086           Ovalau           67      10063      244                                   
1896 9151300-2321 17023           Ovalau           67      10093      228                                   
1896 9151700-2358 16960           Ovalau           46      10076      211                                   
1896 9152100-2395 16896           Ovalau           46      10076      256                                   
1896 916 100-2432 16833           Ovalau           26      10074      267                                   
1896 916 500-2468 16763           Ovalau           26      10074      272                                   
1896 916 900-2503 16693           Ovalau           26      10091      250                                   
1896 9161300-2539 16623           Ovalau           26      10091      272                                   
1896 9161700-2575 16554           Ovalau           26      10105      206                                   
1896 9162100-2610 16484           Ovalau           26      10108      211                                   
1896 917 100-2646 16414           Ovalau           26      10120      222                                   
1896 917 500-2681 16338           Ovalau           26      10093      244                                   
1896 917 900-2716 16261           Ovalau           26      10104      222                                   
1896 9171300-2750 16185           Ovalau           26      10113      211                                   
1896 9171700-2785 16109           Ovalau           26      10089      194                                   
1896 9172100-2820 16032           Ovalau           46      10091      222                                   
1896 918 100-2855 15956           Ovalau           67      10072      256                                   
1896 918 500-2890 15880           Ovalau           67      10041      244                                   
1896 918 900-2925 15803           Ovalau           67      10077      233                                   
1896 9181400-2959 15727           Ovalau           67      10043      233                                   
