1894 4101300 4856  -946           Pallas           67      10140     -104                                   
1894 4111300 4758 -1148           Pallas          154      10232     -121                                   
1894 4121300 4530 -1145           Pallas           67       9936     -118                                   
1894 4131300 4434 -1155           Pallas          190      10066     -102                                   
1894 4141300 4422 -1226           Pallas          123       9864     -114                                   
1894 4151300 4380 -1124           Pallas          268      10050     -103                                   
1894 4161300 4140 -1140           Pallas           93      10201     -103                                   
1894 4171300 3849 -1210           Pallas           93      10220      -96                                   
1894 4181300 3621 -1430           Pallas           46      10295      -94                                   
1894 4191300 3434 -1618           Pallas           26      10317      -64                                   
1894 4201300 3390 -1710           Pallas           26      10313      -62                                   
1894 4211300 3142 -1810           Pallas           26      10279      -40                                   
1894 4221300 3050 -1845           Pallas           10      10281      -56                                   
1894 4231300 2937 -1923           Pallas           46      10262      -62                                   
1894 4241300 2828 -2090           Pallas           26                                                       
1894 4251300 2645 -2116           Pallas           46      10225      -79                                   
1894 4261300 2441 -2226           Pallas           46      10224      -49                                   
1894 4271400 2258 -2515           Pallas           46      10242      -36                                   
1894 4281400 2048 -2422           Pallas           67      10243      -54                                   
1894 4291400 1739 -2530           Pallas           67      10212      -48                                   
1894 4301400 1435 -2551           Pallas           46      10181      -31                                   
1894 5 11400 1246 -2510           Pallas           10      10178      -21                                   
1894 5 21400 1037 -2422           Pallas           10      10186      -34                                   
1894 5 31400  828 -2342           Pallas           26      10178      -26                                   
1894 5 41400  610 -2254           Pallas           46      10167      -14                                   
1894 5 51300  414 -2234           Pallas           10      10160      -42                                   
1894 5 61300  345 -2215           Pallas           10      10175      -14                                   
1894 5 71300  311 -2222           Pallas           10                                                       
1894 5 81300  236 -2222           Pallas           10                 -39                                   
1894 5 91400  161 -2340           Pallas           26                 -37                                   
1894 6 91100-4132  1580           Pallas          268       9959     -103                                   
1894 6101100-4231  1956           Pallas          123                -134                                   
1894 6111000-4233  2440           Pallas          154                -142                                   
1894 6121000-4217  2913           Pallas          154                -127                                   
1894 6131000-4144  3122           Pallas          226                -134                                   
1894 6141000-4039  3630           Pallas          309                -136                                   
1894 615 900-3958  4035           Pallas          268                -124                                   
1894 616 900-3855  4500           Pallas          123                -126                                   
1894 617 900-3820  4918           Pallas          268                -136                                   
1894 618 800-3655  5348           Pallas          190                -119                                   
1894 619 800-3653  5870           Pallas          154                -110                                   
1894 620 800-3770  6317           Pallas          309                -116                                   
1894 621 800-3648  6710           Pallas           67                 -95                                   
1894 622 700-3728  7121           Pallas           93                 -96                                   
1894 623 700-3813  7556           Pallas          226                 -95                                   
1894 624 700-3818  7850           Pallas           93                -107                                   
1894 625 600-3845  8332           Pallas          226                -119                                   
1894 626 600-3913  8833           Pallas           93                -103                                   
1894 627 600-3914  9337           Pallas          154                -109                                   
1894 628 500-3931  9850           Pallas          268                -107                                   
1894 629 500-3940 10136           Pallas           67                -123                                   
1894 630 500-3939 10542           Pallas           67                -132                                   
1894 7 1 500-3947 10936           Pallas           46                -129                                   
1894 7 2 400-3938 11345           Pallas           46                -118                                   
1894 7 3 400-3938 11727           Pallas           46                -116                                   
1894 7 4 400-3945 12111           Pallas           46                -108                                   
1894 7 5 400-3848 12534           Pallas          123                -123                                   
1894 7 6 300-3940 13044           Pallas           93                -119                                   
1894 7 7 300-3944 13427           Pallas           26                                                       
1894 7 8 300-3919 13811           Pallas           46                -117                                   
1894 7211000-3182 15252           Pallas           26                                                       
1894 9201400-3231 15273           Pallas           46                 -73                                   
1894 9211000-3279 15294           Pallas           26                 -73                                   
1894 9211400-3328 15315           Pallas           67                 -72                                   
1894 9211800-3377 15336           Pallas           26                 -68                                   
1894 9212200-3426 15358           Pallas           26                 -54                                   
1894 922 200-3475 15379           Pallas           26                                                       
1894 922 600-3524 15400           Pallas           26                 -43                                   
1894 9221000-3572 15421           Pallas           67                 -60                                   
1894 9221400-3621 15442           Pallas           26                                                       
1894 9222200-3670 15464           Pallas           67                 -81                                   
1894 923 200-3719 15485           Pallas           46                 -78                                   
1894 923 600-3768 15506           Pallas           67                 -84                                   
1894 9231000-3817 15527           Pallas           46                 -97                                   
1894 9231400-3865 15548           Pallas           46                                                       
1894 9231800-3914 15570           Pallas           67                 -94                                   
1894 9232200-3963 15591           Pallas           67                                                       
1894 924 200-4012 15612           Pallas           67                                                       
1894 924 600-4057 15633           Pallas           46                 -83                                   
1894 9241000-4101 15654           Pallas           46                 -98                                   
1894 9241800-4146 15676           Pallas           46                -106                                   
1894 9242200-4190 15697           Pallas           26                -105                                   
1894 925 200-4235 15718           Pallas           26                 -78                                   
1894 925 500-4303 15762           Pallas           46                 -93                                   
1894 925 900-4370 15805           Pallas           26                                                       
1894 9251400-4415 15694           Pallas           10                -129                                   
1894 926 100-4438 15849           Pallas           26                -114                                   
1894 926 500-4506 15893           Pallas                             -104                                   
1894 9261000-4436 15742           Pallas           10                -128                                   
1894 9261300-4456 15789           Pallas          190                -132                                   
1894 9261700-4477 15836           Pallas           26                -128                                   
1894 9262100-4497 15884           Pallas           26                -126                                   
1894 927 100-4518 15931           Pallas           46                -132                                   
1894 927 500-4538 15978           Pallas           93                -133                                   
1894 927 900-4559 16026           Pallas           93                -132                                   
1894 9271300-4579 16073           Pallas          123                -134                                   
1894 9271700-4600 16120           Pallas          154                -140                                   
1894 9272100-4620 16168           Pallas          154                -137                                   
1894 928 100-4641 16215           Pallas           67                -118                                   
1894 928 500-4673 16287           Pallas           93                -117                                   
1894 928 900-4706 16360           Pallas          154                -128                                   
1894 9281300-4738 16432           Pallas           67                -128                                   
1894 9281700-4770 16505           Pallas          154                -136                                   
1894 9282100-4803 16577           Pallas           67                -133                                   
1894 929 100-4835 16650           Pallas           46                -121                                   
1894 929 500-4833 16735           Pallas           67                -122                                   
1894 929 900-4832 16820           Pallas           67                -125                                   
1894 9291300-4830 16905           Pallas           67                -132                                   
1894 9291700-4829 16990           Pallas           93                -132                                   
1894 9292100-4827 17075           Pallas           93                -129                                   
1894 930 100-4826 17160           Pallas           93                -127                                   
1894 930 500-4826 17216           Pallas           93                -122                                   
1894 930 800-4826 17272           Pallas           67                -131                                   
1894 9301600-4825 17328           Pallas           67                -137                                   
1894 9302000-4825 17384           Pallas           26                -136                                   
189410 1   0-4825 17440           Pallas           46                -128                                   
189410 1 400-4825 17496           Pallas          154                -139                                   
18941011 300-4446 13826           Pallas           67                -122                                   
18941014 400-4660 12333           Pallas                             -129                                   
18941014 800-4657 12255           Pallas           46                -122                                   
189410141200-4655 12177           Pallas           46                -140                                   
189410142000-4652 12100           Pallas           26                -144                                   
18941015   0-4650 12022           Pallas           26                -143                                   
18941015 400-4647 11944           Pallas           26                -138                                   
18941015 800-4644 11866           Pallas           26                -125                                   
189410151600-4767 12002           Pallas                                                                    
189410152000-4774 11871           Pallas           26                -143                                   
18941016 400-4780 11740           Pallas                                                                    
189410161200-4786 11609           Pallas           46                                                       
189410161600-4793 11478           Pallas           46                                                       
189410162000-4799 11347           Pallas           67                -144                                   
18941017 500-4806 11217           Pallas                             -116                                   
189410171300-4812 11086           Pallas           46                -138                                   
189410171700-4819 10955           Pallas                                                                    
18941018 500-4825 10824           Pallas           67                -123                                   
18941023 600-5940  8425           Pallas                             -134                                   
189411191000 1420  2522           Pallas           67                 -39                                   
189511121000 3114  2440           Pallas           46                 -70                                   
