189212 1 100 -800 16000           Para             67      10097      322                                   
189212 2 100 -800 16000           Para             93      10094      322                                   
189212 3 100 -800 16000           Para             93      10082      294                                   
189212 4 100 -800 16000           Para             26      10092      317                                   
189212 5 100 -800 16000           Para             26      10111      322                                   
189212 51700-3528 11225           Para             67                                                       
189212 52000-3529 11279           Para             67                                                       
189212 6   0-3530 11334           Para             93                 200                                   
189212 6 100 -800 16000           Para             26      10111      322                                   
189212 6 400-3531 11388           Para             67      10119      211                                   
189212 6 800-3532 11442           Para             67      10079      211                                   
189212 61200-3533 11497           Para             93      10096      206                                   
189212 61600-3534 11551           Para             26      10115      194                                   
189212 62000-3535 11605           Para             46                 206                                   
189212 7   0-3536 11660           Para             26      10099      189                                   
189212 7 100 -800 16000           Para             26      10122      294                                   
189212 7 400-3537 11714           Para             46      10114      200                                   
189212 7 800-3538 11768           Para             46      10097      222                                   
189212 71200-3539 11823           Para             46                 206                                   
189212 71600-3540 11877           Para             26      10139      172                                   
189212 72000-3541 11931           Para             93                 189                                   
189212 8   0-3542 11986           Para             67      10131      178                                   
189212 8 100 -800 16000           Para            190      10099      311                                   
189212 8 400-3543 12040           Para             26      10131      200                                   
189212 8 800-3544 12103           Para             26                                                       
189212 81200-3545 12167           Para             26      10134      183                                   
189212 81600-3546 12230           Para             93                 156                                   
189212 82000-3547 12294           Para             26                 144                                   
189212 9   0-3548 12357           Para             46      10138      156                                   
189212 9 100 -800 16000           Para             67      10094      300                                   
189212 9 400-3549 12421           Para                     10135      178                                   
189212 9 800-3550 12473           Para             67      10067      200                                   
189212 91200-3551 12525           Para             67      10074      156                                   
189212 91600-3552 12576           Para            123      10062      150                                   
189212 92000-3553 12628           Para             26                                                       
18921210   0-3554 12680           Para             67      10005      167                                   
18921210 100 -800 16000           Para             26      10095      294                                   
18921210 400-3555 12732           Para            123       9998      167                                   
18921210 700-3556 12784           Para            123                                                       
189212101100-3557 12836           Para            154      10036      144                                   
18921211 100 -800 16000           Para             67      10120      289                                   
18921212 100 -800 16000           Para             26      10123      311                                   
18921213 100 -800 16000           Para             67      10106      333                                   
18921214 100 -800 16000           Para             46      10113      328                                   
18921215 100 -800 16000           Para             46      10113      311                                   
18921216 100 -800 16000           Para             26      10096      311                                   
18921217 100 -800 16000           Para             46      10108      317                                   
18921218 100 -800 16000           Para             46      10115      294                                   
18921219 100 -800 16000           Para             26      10114      306                                   
18921220 100 -800 16000           Para             67      10115      294                                   
18921221 100 -800 16000           Para             46      10111      300                                   
18921222 100 -800 16000           Para             26      10117      306                                   
18921223 100 -800 16000           Para             26      10119      294                                   
18921224 100 -800 16000           Para             10      10116      289                                   
18921225 100 -800 16000           Para             93      10123      289                                   
18921226 100 -800 16000           Para             93      10143      311                                   
18921227 100 -800 16000           Para            123      10115      300                                   
18921228 100 -800 16000           Para             26      10384      294                                   
18921229 100 -800 16000           Para             10      10251      289                                   
18921230 100 -900 16100           Para             46      10096      311                                   
18921231 100 -900 16100           Para             26      10123      289                                   
1893 1 1 100 -900 16100           Para             93      10116      311                                   
1893 1 2 100 -900 16100           Para             67      10116      333                                   
1893 1 3 100 -900 16100           Para             26      10130      311                                   
1893 1 4 100 -900 16100           Para             10      10119      317                                   
1893 1 5 100 -900 16100           Para                     10148      300                                   
1893 1 6 100 -900 16100           Para             26      10147      311                                   
1893 1 7 100 -900 16100           Para             46      10149      294                                   
1893 1 8 100 -900 16100           Para             10      10136      317                                   
1893 1 9 100 -900 16100           Para             26      10138      322                                   
1893 110 100 -900 16100           Para            123      10141      344                                   
1893 111 100 -900 16100           Para            123      10108      322                                   
1893 112 100 -900 16100           Para            154      10145      322                                   
1893 113 100 -900 16100           Para             67      10083      289                                   
1893 114 100 -900 16100           Para             46      10081      322                                   
1893 115 100 -900 16100           Para             67      10082      317                                   
1893 116 100 -900 16100           Para            123                 322                                   
1893 117 100 -900 16100           Para            154                 322                                   
1893 118 100 -900 16100           Para            123      10081      300                                   
1893 119 100 -900 16100           Para             67      10082      294                                   
1893 120 100 -900 16100           Para             26      10082      294                                   
1893 120 400 -830 12519           Para             67      10067      283                                   
1893 120 800 -818 12468           Para             93                 278                                   
1893 1201200 -806 12417           Para             46      10067      261                                   
1893 1201600 -793 12366           Para             26      10075      256                                   
1893 1202000 -781 12316           Para             26      10067      261                                   
1893 121   0 -769 12265           Para             26      10070      267                                   
1893 121 100 -900 16100           Para             26      10087      306                                   
1893 121 400 -757 12214           Para             67      10061      278                                   
1893 121 800 -774 12168           Para                     10046      289                                   
1893 1211200 -791 12122           Para            123      10071      261                                   
1893 1211600 -809 12076           Para             67      10078      256                                   
1893 1212000 -826 12031           Para             67      10053      267                                   
1893 122   0 -843 11985           Para             67      10071      261                                   
1893 122 100 -900 16100           Para             26      10076      333                                   
1893 122 400 -860 11939           Para             46      10061      278                                   
1893 122 800 -855 11902           Para             46      10053      267                                   
1893 1221200 -850 11866           Para                     10054      261                                   
1893 1221600 -845 11829           Para                     10061      256                                   
1893 1222000 -840 11793           Para             26      10047      261                                   
1893 123   0 -835 11756           Para                     10056      289                                   
1893 123 100 -900 16100           Para            123      10066      289                                   
1893 123 400 -830 11720           Para                     10055      294                                   
1893 123 800 -811 11670           Para                     10044      278                                   
1893 1231200 -792 11621           Para             93      10046      267                                   
1893 1231600 -772 11571           Para            123      10071      256                                   
1893 1232000 -753 11521           Para                     10061      256                                   
1893 124   0 -734 11472           Para             46      10080      261                                   
1893 124 100 -900 16100           Para            154      10083      289                                   
1893 124 400 -715 11422           Para                     10085      272                                   
1893 124 800 -696 11372           Para             46      10069      267                                   
1893 1241200 -677 11323           Para             46      10075      256                                   
1893 1241600 -657 11273           Para             26      10081      256                                   
1893 1241700 -635 11175           Para             67      10093      267                                   
1893 1242100 -638 11223           Para             67      10071      256                                   
1893 125 100 -619 11174           Para             26      10084      278                                   
1893 125 100 -900 16100           Para            190      10066      289                                   
1893 125 500 -624 11126           Para             26      10088      294                                   
1893 125 900 -612 11077           Para             93      10060      283                                   
1893 1251300 -601 11027           Para             67      10079      267                                   
1893 1251700 -589 10978           Para             26      10077      261                                   
1893 1252100 -578 10929           Para             67      10071      256                                   
1893 126 100 -566 10879           Para             93      10073      244                                   
1893 126 100 -900 16100           Para             26      10065      294                                   
1893 126 500 -555 10830           Para             67      10078      256                                   
1893 126 900 -555 10830           Para             46      10061      272                                   
1893 1261300 -555 10800           Para             26      10070      261                                   
1893 1261700 -555 10770           Para             26      10077      261                                   
1893 1262100 -555 10740           Para             26      10059      267                                   
1893 127 100 -555 10710           Para             26      10058      294                                   
1893 127 100 -900 16100           Para             26      10110      311                                   
1893 127 500 -555 10680           Para             26      10063      322                                   
1893 1271300 -555 10650           Para             26      10065      289                                   
1893 128 100 -555 10620           Para             67      10076      289                                   
1893 128 100 -900 16100           Para             67      10083      289                                   
1893 1281300 -555 10590           Para             67      10074      278                                   
1893 129 100 -555 10560           Para             46      10068      294                                   
1893 129 100 -900 16100           Para             26      10113      311                                   
1893 1291300 -555 10530           Para             26      10065      272                                   
1893 130 100 -555 10500           Para             26      10057      300                                   
1893 130 100 -900 16100           Para             67      10095      317                                   
1893 1301300 -555 10470           Para             46      10069      267                                   
1893 131 100 -555 10440           Para             46      10068      294                                   
1893 131 100 -900 16100           Para             26      10111      322                                   
1893 1311300 -555 10410           Para             67      10066      267                                   
1893 2 1 100 -555 10380           Para             93      10057      300                                   
1893 2 11300 -555 10350           Para            123      10059      267                                   
1893 2 2 100 -555 10320           Para             67      10062      289                                   
1893 2 21300 -555 10290           Para             93      10068      272                                   
1893 2 3 100 -555 10260           Para             67      10070      283                                   
1893 2 31300 -555 10230           Para            123      10066      267                                   
1893 2 4 100 -555 10200           Para            123      10067      278                                   
1893 2 41300 -555 10170           Para            123      10066      267                                   
1893 2 5 100 -578 10671           Para             93      10080      261                                   
1893 2 5 500 -531 10654           Para            123                 278                                   
1893 2 5 900 -484 10637           Para             93      10065      272                                   
1893 2 51300 -437 10621           Para             93      10083      261                                   
1893 2 51700 -390 10604           Para             46                 256                                   
1893 2 52100 -343 10587           Para             67      10067      256                                   
1893 2 6 100 -296 10571           Para             67      10084      278                                   
1893 2 6 500 -249 10554           Para             46      10048      289                                   
1893 2 6 900 -241 10548           Para             46      10063      283                                   
1893 2 61300 -233 10543           Para             67      10085      267                                   
1893 2 61700 -224 10537           Para             93      10082      244                                   
1893 2 62100 -216 10531           Para             26      10070      261                                   
1893 2 7 100 -208 10526           Para             67      10075      267                                   
1893 2 7 500 -200 10520           Para             46      10083      283                                   
1893 2 7 900 -158 10503           Para             67      10066      261                                   
1893 2 71300 -117 10486           Para             93      10070      256                                   
1893 2 71700  -75 10469           Para                                                                      
1893 2 72100  -34 10453           Para             67      10062      267                                   
1893 2 8 100    7 10436           Para             67      10066      261                                   
1893 2 8 500   49 10419           Para             67      10076      261                                   
1893 2 8 900   81 10368           Para             67      10065      267                                   
1893 2 81300  113 10317           Para             46      10071      272                                   
1893 2 81700  145 10266           Para             46      10079      267                                   
1893 2 82100  178 10216           Para             67      10072      267                                   
1893 2 9 100  210 10165           Para              0      10080      278                                   
1893 2 9 500  242 10114           Para             10      10088      294                                   
1893 2 9 900  274 10063           Para             46      10075      272                                   
1893 2 91300  306 10012           Para             67      10079      267                                   
1893 2 91700  529  9920           Para             46      10086      267                                   
1893 2 91700  338  9961           Para             46      10086      261                                   
1893 2 92100  529  9920           Para             67      10064      256                                   
1893 210 100  529  9920           Para             26      10102      272                                   
1893 210 500  529  9920           Para             46      10089      289                                   
1893 210 900  529  9920           Para             26      10074      278                                   
1893 2101300  529  9920           Para             26      10089      267                                   
1893 2101700  529  9920           Para             67                 256                                   
1893 2102100  529  9920           Para             67      10071      256                                   
1893 211 100  683  9850           Para             67      10103      267                                   
1893 211 500  838  9780           Para             67      10101      283                                   
1893 211 900  838  9780           Para             67      10086      272                                   
1893 2111300  838  9780           Para             93      10104      261                                   
1893 2111700  838  9780           Para             67      10105      256                                   
1893 2112100  838  9780           Para             67      10085      256                                   
1893 212 100  838  9780           Para             46      10104      261                                   
1893 212 600 1128  9521           Para             67      10102      283                                   
1893 2121000 1128  9521           Para             46      10084      267                                   
1893 2121400 1128  9521           Para             67      10105      261                                   
1893 2121800 1128  9521           Para             67      10106      256                                   
1893 2122200 1128  9521           Para             46      10093      256                                   
1893 213 200 1128  9521           Para             46      10104      267                                   
1893 213 600 1415  9334           Para             67      10106      283                                   
1893 2131000 1415  9334           Para             46      10089      261                                   
1893 2131400 1415  9334           Para             67      10097      256                                   
1893 2131800 1415  9334           Para                     10124      256                                   
1893 2132200 1415  9334           Para             46      10087      256                                   
1893 214 200 1415  9334           Para             46      10103      283                                   
1893 214 600 1660  9132           Para              0      10116      289                                   
1893 2141000 1905  9132           Para             46      10106      256                                   
1893 2141400 2150  9132           Para             46      10115      256                                   
1893 2141800 1918  8928           Para             67      10135      228                                   
1893 2142200 1918  8928           Para             46      10087      250                                   
1893 215 200 1918  8928           Para             46      10127      256                                   
1893 215 600 1918  8928           Para             10      10126      261                                   
1893 2151000 1918  8928           Para             67      10098      244                                   
1893 2151400 1918  8928           Para             67      10129      239                                   
1893 2151800 1918  8928           Para                                                                      
1893 2152200 1918  8928           Para             46      10142      244                                   
1893 216 200 1918  8928           Para             46      10143      256                                   
1893 216 600 2105  8805           Para             93      10163      244                                   
1893 6 1 100-1300 16600           Para             93                                                       
1893 6 2 100-1200 16500           Para             46      10086      300                                   
1893 6 3 100-1200 16500           Para             67      10076      300                                   
1893 6 4 100-1200 16500           Para             46      10067      289                                   
1893 6 5 100-1200 16500           Para             67      10076      300                                   
1893 6 6 100-1200 16500           Para             67      10044      289                                   
1893 6 7 100-1200 16600           Para             46      10059      278                                   
1893 6 8 100-1100 16300           Para             26      10050      289                                   
1893 6 9 100-1000 16200           Para             26      10045      294                                   
1893 610 100-1000 16000           Para             10      10040      289                                   
1893 611 100-1000 16000           Para             10      10048      300                                   
1893 612 100-1000 16000           Para             10      10082      300                                   
1893 613 100-1000 16000           Para             26      10081      306                                   
1893 614 100-1000 16000           Para             26      10071      322                                   
1893 615 100 -900 15900           Para             26      10074      306                                   
1893 616 100 -900 15900           Para             46      10081      322                                   
1893 617 100 -900 15900           Para             10      10082      256                                   
1893 618 100 -900 15900           Para             10      10070      306                                   
1893 619 100 -900 15900           Para             10      10082      317                                   
1893 620 100 -900 15900           Para             10      10075      294                                   
1893 621 100 -900 15900           Para             10      10078      322                                   
1893 622 100 -900 15900           Para             10      10090      267                                   
1893 623 100 -900 15900           Para              0      10094      322                                   
1893 624 100 -900 15900           Para             10      10100      289                                   
1893 625 100 -900 15900           Para             10      10087      267                                   
1893 626 100 -900 15900           Para             10      10079      333                                   
1893 627 100 -900 15900           Para             26      10078      322                                   
1893 628 100 -900 15900           Para             46      10073      311                                   
1893 629 100 -900 15900           Para             46      10053      311                                   
1893 630 100 -900 15900           Para             26      10066      289                                   
1893 819 200-3457 15324           Para            268                                                       
1893 820 200-3611 15477           Para            190                                                       
1893 821 200-3627 15631           Para             67                                                       
1893 822 100-3837 15751           Para            268                                                       
1893 823 100-4052 15855           Para            190                                                       
1893 824 100-4356 16070           Para            268                                                       
1893 825 100-4739 16360           Para            268                                                       
1893 826 100-4739 16650           Para            268                                                       
1893 827 100-4748 16940           Para            268                                                       
1893 828   0-4649 17340           Para            190                                                       
1893 829   0-4589 17740           Para            190                                                       
1893 831   0-4530-17857           Para            123                                                       
1893 9 1   0-4470-17454           Para                                                                      
1893 9 1 100 4411 16639           Para            268      10231      -10                                   
1893 9 2 100-4329 16407           Para            123                                                       
1893 9 3 100 4340 16218           Para             93                                                       
1893 9 4 100-4335 16015           Para            123                                                       
1893 9 5 200-4318 15640           Para            190                                                       
1893 9 6 200-4330 15356           Para            123                                                       
1893 9 7 200-4250 14958           Para            123                                                       
1893 9 8 200-4120 14814           Para            123                                                       
1893 9 9 200-4055 14624           Para            190                                                       
1893 910 300-4039 14226           Para            268                                                       
1893 911 300-4013 13742           Para            190                                                       
1893 912 300-4080 13545           Para            190                                                       
1893 913 300-4080 13145           Para            190                                                       
1893 914 300-4080 12834           Para            123                                                       
1893 915 400-3940 12620           Para            123                                                       
1893 916 400-4070 12144           Para            190                                                       
1893 917 400-3933 11927           Para            123                                                       
1893 918 400-3956 11548           Para            268                                                       
1893 919 500-3959 11148           Para            268                                                       
1893 920 500-4015 10720           Para            190                                                       
1893 921 500-3941 10612           Para             93                                                       
1893 922 500-4011 10431           Para             93                                                       
1893 923 500-4041 10215           Para            123                                                       
1893 924 500-4123  9922           Para            123                                                       
1893 925 600-4256  9627           Para            226                                                       
1893 926 600-4259  9551           Para             93                                                       
1893 927 600-4401  9212           Para            123                                                       
1893 928 600-4352  9015           Para            190                                                       
1893 929 600-4311  9022           Para            123                                                       
1893 930 600-4144  9100           Para            123                                                       
189310 11800-4042 -9230           Para             67                                                       
189310 21800-4060 -9220           Para             67                                                       
189310 31800-3833 -9016           Para            123                                                       
189310 41800-3749 -8757           Para            190                                                       
189310 51800-3750 -8615           Para             46                                                       
189310 61800-3439 -8540           Para            154                                                       
189310 71800-3246 -8537           Para            123                                                       
189310 81800-3288 -8618           Para             46                                                       
189310 91800-3330 -8530           Para             93                                                       
189310101800-3344 -8330           Para             93                                                       
189310111700-3356 -8103           Para             93                                                       
189310121700-3490 -7900           Para            123                                                       
189310131700-3690 -7600           Para            190                                                       
189310141700-3490 -7337           Para            268                                                       
189312 1 200 -226 15252           Para             26      10053      300                                   
189312 1 600 -226 15252           Para             26      10034      294                                   
189312 11000 -294 15274           Para             26      10053      278                                   
189312 11400 -362 15296           Para             26      10069      267                                   
189312 11800 -430 15318           Para             46      10037      278                                   
189312 12200 -498 15340           Para                                                                      
189312 2 200 -566 15363           Para                     10043      300                                   
189312 2 600 -634 15385           Para             26      10028      294                                   
189312 21400 -925 15407           Para                     10055      278                                   
189312 22200-1216 15429           Para             26      10051      283                                   
189312 4 200-1507 15451           Para             67      10045      289                                   
189312 4 600-1798 15473           Para             93      10041      283                                   
189312 41000-2089 15495           Para            123      10059      267                                   
189312 41400-2380 15517           Para            123      10062      256                                   
189312 41800-2671 15539           Para            123      10047      261                                   
189312 5 600-2962 15562           Para             93      10065      267                                   
189312221700-2013 -7049           Para                                                                      
189312231700-2020 -7249           Para             46                                                       
189312241700-2037 -7450           Para             67                                                       
189312251700-2050 -7725           Para            123                                                       
189312261700-2114 -7810           Para            123                                                       
189312271800-2140 -8256           Para            190                                                       
189312281800-2223 -8627           Para            190                                                       
189312291800-2224 -8990           Para            154                                                       
189312301800-2245 -9130           Para            154                                                       
189312311800-2305 -9270           Para            154                                                       
1894 1 1 100 -900 16000           Para             26      10022      294                                   
1894 1 1 500-2333  9757           Para            190                                                       
1894 1 2 100 -900 16000           Para             10      10024      322                                   
1894 1 2 500-2345 10033           Para            123                                                       
1894 1 3 100 -900 16000           Para             10      10021      300                                   
1894 1 3 500-2357 10310           Para            123                                                       
1894 1 4 100 -900 16000           Para             10      10022      294                                   
1894 1 4 500-2460 10520           Para             93                                                       
1894 1 5 100 -900 16000           Para             10      10016      306                                   
1894 1 5 500-2413 10721           Para             93                                                       
1894 1 6 100 -900 16000           Para             26      10016      306                                   
1894 1 6 500-2426 10922           Para             93                                                       
1894 1 7 100 -900 16000           Para              0      10031      278                                   
1894 1 7 500-2433 11105           Para             93                                                       
1894 1 8 100 -900 16000           Para             10      10025      317                                   
1894 1 8 400-2444 11430           Para             93                                                       
1894 1 9 100 -900 16000           Para              0      10046      311                                   
1894 1 9 400-2441 11725           Para            123                                                       
1894 110 100 -900 16000           Para             10      10043      306                                   
1894 110 400-2446 12020           Para            123                                                       
1894 111 100 -900 16000           Para             10      10041      322                                   
1894 111 400-2452 12315           Para            123                                                       
1894 112 100 -900 16000           Para             46      10019      311                                   
1894 112 400-2454 12615           Para            123                                                       
1894 113 100 -900 16000           Para             26      10032      294                                   
1894 113 300-2520 12830           Para            123                                                       
1894 114 100 -900 16000           Para             26      10032      294                                   
1894 114 300-2580 13052           Para            123                                                       
1894 115 100 -900 16000           Para             67      10022      294                                   
1894 115 300-2510 13297           Para                                                                      
1894 116 100 -900 16000           Para             26      10019      289                                   
1894 116 300-2451 13542           Para             93                                                       
1894 117 100 -900 16000           Para             10      10033      306                                   
1894 117 300-2442 13713           Para             67                                                       
1894 118 100 -900 16000           Para             46      10031      300                                   
1894 118 300-2433 13900           Para             67                                                       
1894 119 100 -900 16000           Para             26      10029      311                                   
1894 119 300-2431 14040           Para             93                                                       
1894 120 100 -900 16000           Para             10      10045      317                                   
1894 120 300-2423 14246           Para            123                                                       
1894 121 100 -900 16000           Para             10      10049      311                                   
1894 121 200-2418 14527           Para            123                                                       
1894 122 100 -900 16000           Para             10      10040      306                                   
1894 122 200-2413 14836           Para            123                                                       
1894 123 100 -900 16000           Para             10      10049      294                                   
1894 123 200-2422 15145           Para            190                                                       
1894 124 100 -900 16000           Para             26      10021      300                                   
1894 124 200-2432 15450           Para            190                                                       
1894 125 100 -900 16000           Para             67      10010      322                                   
1894 125 200-2430 15649           Para            123                                                       
1894 126 100 -900 16000           Para             67      10013      306                                   
1894 126 100-2424 16020           Para            123                                                       
1894 127 100 -900 16000           Para             67      10016      311                                   
1894 127 100-2425 16275           Para            123                                                       
1894 128 100 -900 16000           Para             46      10039      311                                   
1894 128 100-2426 16530           Para            123                                                       
1894 129 100 -900 16000           Para             26      10042      317                                   
1894 129 100-2425 16815           Para            123                                                       
1894 130 100 -900 16000           Para             46      10017      322                                   
1894 130 100-2430 17015           Para             67                                                       
1894 131 100 -900 16000           Para             67      10044      322                                   
1894 131 100-2435 17215           Para             67                                                       
1894 2 1   0-2444 17715           Para            123                                                       
1894 2 2   0-2513 17815           Para            268                                                       
1894 2 4   0-2527 17915           Para            190                                                       
1894 2 5   0-2549 17617           Para            268                                                       
1894 2 6   0-2592 17318           Para            190                                                       
1894 2 7 100-2636 17020           Para            123                                                       
1894 2 8 100-2731 16840           Para             67                                                       
1894 2 9 100-2825 16630           Para            123                                                       
1894 210 100-2920 16419           Para            123                                                       
1894 211 100-3015 16235           Para            123                                                       
1894 212 100-3052 16052           Para            123                                                       
1894 213 100-3152 15830           Para            268                                                       
1894 214 200-3242 15608           Para            268                                                       
1894 215 200-3332 15386           Para            123                                                       
1894 9161300-2804 16623           Para                     10105      178                                   
1894 9161700-2788 16582           Para                     10121      183                                   
1894 9162100-2771 16541           Para                     10124      183                                   
1894 917 100-2755 16500           Para                     10115      178                                   
1894 917 500-2739 16459           Para                     10090      183                                   
1894 917 900-2722 16418           Para                     10110      183                                   
1894 9171300-2706 16377           Para                     10169      172                                   
1894 9171700-2690 16336           Para                     10108      172                                   
1894 9172100-2673 16295           Para                     10124      178                                   
1894 918 100-2657 16254           Para                     10134      178                                   
1894 918 500-2652 16215           Para                     10134      178                                   
1894 918 900-2646 16177           Para                     10160      183                                   
1894 9181300-2641 16138           Para                     10204      183                                   
1894 9181700-2636 16100           Para                     10177      183                                   
1894 9182100-2630 16061           Para                     10177      183                                   
1894 919 100-2625 16023           Para                     10194      183                                   
1894 919 500-2621 15991           Para                     10187      183                                   
1894 919 900-2617 15960           Para                     10193      189                                   
1894 9191300-2613 15928           Para                     10191      200                                   
1894 9191700-2610 15896           Para                     10199      194                                   
1894 9192100-2606 15865           Para                     10209      194                                   
1894 920 100-2602 15833           Para                     10212      194                                   
1894 920 500-2589 15802           Para                     10201      200                                   
1894 920 900-2576 15771           Para                     10207      200                                   
1894 9201400-2563 15740           Para                     10182      211                                   
1894 9201800-2551 15710           Para                     10197      200                                   
1894 9202200-2538 15679           Para                     10202      189                                   
1894 921 200-2525 15648           Para                     10192      211                                   
1894 921 600-2512 15617           Para                     10177      217                                   
1894 9211000-2499 15586           Para                     10185      211                                   
