1892 810 500 1252  5108           Parramatt        10      10042      300                                   
1892 811 400-1237  5647           Parramatt        93      10060      233                                   
1892 812 400-1116  6213           Parramatt        93      10074      244                                   
1892 813 400 -946  6732           Parramatt        46      10110      267                                   
1892 814 300 -816  7248           Parramatt        46      10106      272                                   
1892 815 300 -707  7803           Parramatt        46      10082      272                                   
1892 816 300 -525  7979           Parramatt        10      10047      300                                   
1892 817 300 -343  8155           Parramatt        67      10091      256                                   
1892 818 200  -17  8514           Parramatt        67      10071      272                                   
1892 819 200 -431  8843           Parramatt       123      10050      278                                   
1892 820 200 -829  9200           Parramatt        93      10033      267                                   
1892 821 200-1203  9454           Parramatt        93      10029      256                                   
1892 822 200-1521  9639           Parramatt       123                 250                                   
1892 823 100-1843  9934           Parramatt        93      10112      217                                   
1892 824 100-2224 10254           Parramatt        67      10135      194                                   
1892 825 100-2618 10623           Parramatt        26      10137      178                                   
1892 826 100-3018 11014           Parramatt        67      10060      194                                   
1892 827   0-3358 11430           Parramatt        46      10005      139                                   
1892 828   0-3437 11932           Parramatt        93      10027      150                                   
1892 829   0-3516 12435           Parramatt       123      10046      122                                   
1892 8292300-3531 13111           Parramatt        26      10134      139                                   
1892 8302300-3517 13740           Parramatt        26      10189      156                                   
1892 8312300-3639 13907           Parramatt        46      10164      150                                   
1892 9 12300-3591 14194           Parramatt        46      10124      144                                   
1892 9 22200-3543 14481           Parramatt        10      10152      133                                   
1892 9 32200-3495 14769           Parramatt         0      10115      111                                   
1892 9 42200-3447 15056           Parramatt        26      10104      156                                   
18921228 500 1215  4938           Parramatt        46      10135      244                                   
18921229 400 1119  5454           Parramatt        46      10140      256                                   
18921230 400 1021  6014           Parramatt        67      10123      256                                   
18921231 400  928  6512           Parramatt        67      10131      261                                   
1893 1 1 300  841  7027           Parramatt        46      10119      272                                   
1893 1 2 300  748  7550           Parramatt         0      10120      267                                   
1893 1 3 300  693  7986           Parramatt       123      10109      272                                   
1893 1 4 300  605  8022           Parramatt        93      10079      267                                   
1893 1 5 200   49  8353           Parramatt        46      10091      272                                   
1893 1 6 200 -259  8718           Parramatt        10      10078      272                                   
1893 1 7 200 -702  9047           Parramatt        26      10056      267                                   
1893 1 8 200-1100  9350           Parramatt        67      10056      256                                   
1893 1 9 200-1439  9650           Parramatt        93      10076      261                                   
1893 110 100-1820 10000           Parramatt        67      10093      250                                   
1893 111 100-2205 10313           Parramatt        67      10111      239                                   
1893 112 100-2542 10630           Parramatt        67      10111      211                                   
1893 113 100-2917 10956           Parramatt       123      10104      189                                   
1893 114   0-3243 11317           Parramatt       123      10141      183                                   
1893 115   0-3510 11722           Parramatt        93      10172      172                                   
1893 116   0-3508 12220           Parramatt        67      10193      172                                   
1893 1162300-3515 12818           Parramatt        67      10200      167                                   
1893 1172300-3535 13408           Parramatt        67      10185      161                                   
1893 1182300-3492 13860           Parramatt        93      10146      167                                   
1893 1192300-3638 14154           Parramatt        67      10115      161                                   
1893 1202200-3785 14491           Parramatt        46      10083      200                                   
1893 1212200-3785 14491           Parramatt        26      10101      211                                   
1893 1222200-3785 14491           Parramatt        26      10115      167                                   
1893 1232200-3780 14928           Parramatt        67      10231      161                                   
1893 1242200-3351 15114           Parramatt        46      10220      200                                   
1894 721 700  749  7143           Parramatt                10077      283                                   
1894 724 800 1031  5916           Parramatt        93      10083      272                                   
1894 7 92100-2876 10964           Parramatt        67      10128      167                                   
1894 710 100-2808 10898           Parramatt        93                                                       
1894 710 500-2740 10832           Parramatt        93      10196      178                                   
1894 710 900-2672 10766           Parramatt        93                                                       
1894 7101300-2604 10700           Parramatt        93      10221      178                                   
1894 7101700-2536 10634           Parramatt                                                                 
1894 7102100-2469 10568           Parramatt        67      10217      178                                   
1894 711 100-2401 10502           Parramatt        93      10239      183                                   
1894 711 500-2333 10436           Parramatt        93                 194                                   
1894 713 600-1546  9731           Parramatt        93      10133      244                                   
1894 7131000-1478  9676           Parramatt        67                 244                                   
1894 7131400-1410  9621           Parramatt        67      10127      256                                   
1894 7131800-1342  9565           Parramatt                           256                                   
1894 7132200-1275  9510           Parramatt        67                 244                                   
1894 714 200-1207  9455           Parramatt        67      10111      250                                   
1894 714 600-1139  9400           Parramatt        46      10107      250                                   
1894 7141000-1071  9345           Parramatt        46      10090      250                                   
1894 7141400-1003  9290           Parramatt                10106      256                                   
1894 7 41500-3515 13497           Parramatt       123                 156                                   
1894 7 41900-3515 13410           Parramatt        46      10175      156                                   
1894 7 42300-3516 13322           Parramatt        46      10149      172                                   
1894 7 5 300-3516 13235           Parramatt        46                 172                                   
1894 7 5 700-3516 13147           Parramatt        93      10119      167                                   
1894 7 51100-3516 13060           Parramatt        93                                                       
1894 7 51500-3516 12972           Parramatt        10      10237      150                                   
1894 7 51900-3517 12885           Parramatt        93      10169      150                                   
1894 7 52300-3517 12797           Parramatt                10183      150                                   
1894 7 6 400-3517 12710           Parramatt        93      10217      150                                   
1894 7 6 800-3517 12590           Parramatt        93                 150                                   
1894 7 61200-3517 12470           Parramatt                10230      150                                   
1894 7 62000-3518 12350           Parramatt                10223      150                                   
1894 7 7   0-3518 12230           Parramatt                10229      156                                   
1894 7 7 400-3518 12110           Parramatt        67      10227      167                                   
1894 7 7 800-3518 11990           Parramatt        67                                                       
1894 7 1 300-3830 14052           Parramatt       154      10159      150                                   
1894 5311800-2400  2400           Parramatt        93      10112      156                                   
1894 5251800 -824  9143           Parramatt        93      10069      272                                   
1894 5252200 -824  9143           Parramatt        67      10060      267                                   
1894 526 200 -824  9143           Parramatt        67      10071      278                                   
1894 526 600 -824  9143           Parramatt        67      10070      283                                   
1894 5261000 -824  9143           Parramatt        67      10052      272                                   
1894 5261400 -824  9143           Parramatt        67      10072      272                                   
1894 5261800-1270  9443           Parramatt        93      10077      272                                   
1894 5262200 -824  9143           Parramatt        93      10066      267                                   
1894 527 200 -824  9143           Parramatt        93      10078      278                                   
1894 527 600-1270  9443           Parramatt        93      10083      278                                   
1894 5271000-1270  9443           Parramatt        93      10070      272                                   
1894 5271400-1270  9443           Parramatt        93      10077      272                                   
1894 5271800-1517  9723           Parramatt       123      10109      250                                   
1894 5272200-1270  9443           Parramatt        93      10069      261                                   
1894 528 200-1270  9443           Parramatt       123      10089      261                                   
1894 528 600-1517  9723           Parramatt       123      10090      261                                   
1894 5281000-1517  9723           Parramatt        93      10083      261                                   
1894 5281400-1517  9723           Parramatt       123      10108      256                                   
1894 5281700-1832 10050           Parramatt       123      10144      228                                   
1894 5282200-1517  9723           Parramatt       123                 239                                   
1894 529 200-1517  9723           Parramatt       123      10113      244                                   
1894 529 500-1832 10050           Parramatt       123      10121      244                                   
1894 529 900-1832 10050           Parramatt       123      10122      239                                   
1894 5291300-1832 10050           Parramatt       123      10143      233                                   
1894 5291700-1832 10050           Parramatt       123      10174      211                                   
1894 5292100-1832 10050           Parramatt       123      10114      228                                   
1894 530 100-1832 10050           Parramatt       123      10161      228                                   
1894 530 500-2136 10234           Parramatt       123      10164      222                                   
1894 530 900-2136 10418           Parramatt       123      10154      222                                   
1894 5301300-2136 10602           Parramatt       123      10181      217                                   
1894 511 200 2715  3412           Parramatt        46      10064      261                                   
1894 511 600 2715  3412           Parramatt        46      10084      261                                   
1894 5111000 2715  3412           Parramatt        26      10091      261                                   
1894 5111400 2715  3412           Parramatt        26      10064      261                                   
1894 5111800 2715  3412           Parramatt        46      10061      256                                   
1894 5112200 2597  3476           Parramatt        26                                                       
1894 512 200 2479  3540           Parramatt        46      10053      256                                   
1894 512 600 2362  3603           Parramatt        67      10067      267                                   
1894 5121000 2244  3667           Parramatt        46      10069      272                                   
1894 5121400 2163  3731           Parramatt        46      10048      272                                   
1894 5121700 2082  3795           Parramatt        46      10050      278                                   
1894 5122100 2000  3859           Parramatt                                                                 
1894 513 100 1919  3922           Parramatt                10030      272                                   
1894 513 500 1838  3986           Parramatt        46      10052      278                                   
1894 513 900 1757  4050           Parramatt        46      10018      294                                   
1894 5131300 1686  4093           Parramatt        46      10032      294                                   
1894 5131700 1615  4137           Parramatt                10040      300                                   
1894 5132100 1543  4180           Parramatt                           294                                   
1894 514 100 1472  4223           Parramatt        26      10016      278                                   
1894 514 500 1401  4267           Parramatt        26      10034      289                                   
1894 514 900 1330  4310           Parramatt        26                 289                                   
1894 5141300 1316  4362           Parramatt        26      10006      294                                   
1894 5141700 1302  4415           Parramatt        46      10026      294                                   
1894 5142100 1287  4467           Parramatt                                                                 
1894 515 100 1273  4520           Parramatt        26      10050      294                                   
1894 515 500 1259  4572           Parramatt                           294                                   
1894 515 900 1245  4625           Parramatt        46      10067      294                                   
1894 5151300 1231  4677           Parramatt        26      10037      289                                   
1894 5151700 1217  4730           Parramatt        26      10047      289                                   
1894 321 900 1227  4890           Parramatt        67      10115      267                                   
1894 323 900 1406  4246           Parramatt       123      10095      267                                   
1894 3231300 1479  4193           Parramatt        93      10053      278                                   
1894 3231700 1551  4140           Parramatt        93      10054      278                                   
1894 3232100 1624  4087           Parramatt        93      10065      272                                   
1894 324 100 1697  4035           Parramatt        93      10049      272                                   
1894 324 500 1769  3982           Parramatt        93      10072      278                                   
1894 324 900 1842  3929           Parramatt        93      10071      283                                   
1894 3241300 1915  3833           Parramatt        67      10035      278                                   
1894 3241800 1987  3737           Parramatt        46      10051      267                                   
1894 3242200 2060  3641           Parramatt        26      10058      267                                   
1894 325 200 2133  3641           Parramatt        26      10047      256                                   
1894 325 600 2205  3641           Parramatt        26      10053      261                                   
1894 3251000 2278  3641           Parramatt        46      10020      261                                   
1894 3251400 2351  3641           Parramatt        67      10018      256                                   
1894 3251800 2423  3641           Parramatt        67      10026      250                                   
1894 3152300  727  7729           Parramatt        93      10063      267                                   
1894 316 300  744  7628           Parramatt        93      10092      272                                   
1894 3161100  761  7527           Parramatt        67      10086      267                                   
1894 3161500  778  7425           Parramatt        46      10100      267                                   
1894 3161900  795  7324           Parramatt                                                                 
1894 3162300  812  7223           Parramatt        46      10066      267                                   
1894 317 300  829  7121           Parramatt        46      10085      278                                   
1894 317 700  846  7020           Parramatt        26      10098      278                                   
1894 3171100  863  6924           Parramatt        26      10053      267                                   
1894 3171500  879  6829           Parramatt                                                                 
1894 3172000  896  6733           Parramatt                                                                 
1894 318   0  913  6637           Parramatt        46      10059      272                                   
1894 318 400  929  6542           Parramatt        46                                                       
1894 318 800  946  6446           Parramatt        46                                                       
1894 3181200  963  6358           Parramatt        46      10053      267                                   
1894 3181600  981  6270           Parramatt        46      10080      267                                   
1894 3182000  998  6182           Parramatt        46                                                       
1894 319   0 1015  6094           Parramatt        46      10075      261                                   
1894 319 400 1033  6006           Parramatt        46      10095      261                                   
1894 319 800 1050  5918           Parramatt        46                 261                                   
1894 3191200 1064  5822           Parramatt        46      10070      267                                   
1894 3191600 1078  5725           Parramatt        46                 261                                   
1894 3192000 1092  5629           Parramatt        46                                                       
1894 320   0 1107  5533           Parramatt        46      10082      256                                   
1894 320 400 1121  5436           Parramatt        46      10142      261                                   
1894 320 800 1135  5340           Parramatt        46      10110      272                                   
1894 3201300 1149  5244           Parramatt                10077      272                                   
1894 3201700 1163  5147           Parramatt        46                 267                                   
1894 311 600 -518  8931           Parramatt        67      10086      267                                   
1894 314 700  680  8010           Parramatt        46      10104      278                                   
1894 3 51700-2600 10894           Parramatt        46      10102      228                                   
1894 3 52100-2600 10810           Parramatt        67      10075      228                                   
1894 3 6 100-2600 10726           Parramatt        67      10069      222                                   
1894 3 6 500-2600 10642           Parramatt        93      10101      233                                   
1894 3 6 900-2600 10558           Parramatt        93      10094      233                                   
1894 3 61300-2600 10474           Parramatt        67      10108      233                                   
1894 3 61700-2146 10390           Parramatt                10116      244                                   
1894 3 62100-2600 10390           Parramatt        46      10153      228                                   
1894 3 7 100-2600 10390           Parramatt        46      10127      239                                   
1894 3 7 500-2146 10390           Parramatt        67      10117      239                                   
1894 3 7 900-2146 10390           Parramatt        93      10113      244                                   
1894 3 71300-2146 10390           Parramatt        67      10122      250                                   
1894 3 71700-1734  9944           Parramatt        46      10118      261                                   
1894 3 72100-2146 10390           Parramatt        26      10095      250                                   
1894 3 8 100-2146 10390           Parramatt        67      10112      250                                   
1894 3 8 500-1734  9944           Parramatt        67      10107      267                                   
1894 3 8 900-1734  9944           Parramatt        67      10076      272                                   
1894 3 81300-1734  9944           Parramatt        67      10104      261                                   
1894 3 81800-1328  9613           Parramatt        26      10102      267                                   
1894 3 82100-1734  9944           Parramatt        67      10085      256                                   
1894 3 9 100-1734  9944           Parramatt        67      10103      272                                   
1894 3 9 600-1328  9613           Parramatt        67                 278                                   
1894 3 91000-1328  9613           Parramatt        67      10070      278                                   
1894 3 91400-1328  9613           Parramatt        46      10087      272                                   
1894 3 91800-1328  9613           Parramatt        46                                                       
1894 3 92200-1328  9613           Parramatt        26      10071      267                                   
1894 310 200-1328  9613           Parramatt        26      10082      261                                   
1894 310 600 -925  9249           Parramatt        26      10085      278                                   
1894 3101000 -522  8885           Parramatt        46      10050      278                                   
1894 3101400 -119  8521           Parramatt        46      10077      278                                   
1894 3 1 300-3400 13717           Parramatt        46      10176      189                                   
1894 3 3 400-3514 11935           Parramatt        67      10245      183                                   
1894 3 3 800-3508 11852           Parramatt        93      10237      189                                   
1894 3 31200-3503 11770           Parramatt        93                 178                                   
1894 3 31600-3497 11687           Parramatt        67      10093      222                                   
1894 3 32000-3491 11605           Parramatt       123      10211      183                                   
1894 3 4   0-3486 11522           Parramatt       123                                                       
1894 3 4 400-3480 11440           Parramatt        67                 211                                   
1894 3 4 800-3408 11372           Parramatt        67      10109      222                                   
1894 3 41200-3337 11304           Parramatt        67      10137      217                                   
1894 3 41700-3265 11236           Parramatt        46      10074      222                                   
1894 3 42100-3193 11168           Parramatt        67      10068      217                                   
1894 3 5 100-3122 11100           Parramatt        67      10067      222                                   
1894 3 5 500-3050 11032           Parramatt        67                 222                                   
1894 3 5 900-2978 10964           Parramatt        46      10072      222                                   
1894 3 51300-2907 10896           Parramatt        46      10072      222                                   
1894 1291500-3225 13600           Parramatt        67                                                       
1894 1291900-3250 13613           Parramatt        93      10102      178                                   
1894 1292300-3275 13627           Parramatt        93      10126      178                                   
1894 130 300-3300 13640           Parramatt        93      10123      178                                   
1894 130 700-3325 13653           Parramatt        93      10107      189                                   
1894 1301100-3350 13667           Parramatt        93      10122      183                                   
1894 1301500-3375 13680           Parramatt        46      10147      194                                   
1894 1301900-3400 13693           Parramatt        67      10111      172                                   
1894 1302300-3425 13707           Parramatt        93      10118      172                                   
1894 131 300-3450 13720           Parramatt        67      10119      167                                   
1894 131 700-3475 13733           Parramatt        46      10115      189                                   
1894 1311100-3500 13747           Parramatt        46      10132      194                                   
1894 1311500-3525 13760           Parramatt        46      10133      167                                   
1894 1311900-3550 13773           Parramatt        46      10131      183                                   
1894 1312300-3575 13787           Parramatt        46      10153      172                                   
1894 2 1 300-3600 13800           Parramatt        46      10144      183                                   
1894 2 1 700-3625 13875           Parramatt        46      10140      172                                   
1894 2 11100-3650 13950           Parramatt        46      10148      167                                   
1894 2 11900-3675 14025           Parramatt        67      10137      172                                   
1894 2 2 300-3700 14100           Parramatt        67                                                       
1894 2 21100-3725 14175           Parramatt        67      10147      156                                   
1894 2 21800-3750 14250           Parramatt        46      10207      178                                   
1894 2 3 200-3775 14325           Parramatt        46      10202      194                                   
1894 2 31000-3800 14400           Parramatt        46      10192      194                                   
1894 2 31800-3825 14475           Parramatt        67      10151      178                                   
1894 2 4 200-3850 14550           Parramatt        93      10167      206                                   
1894 2 41000-3875 14625           Parramatt        93      10179      211                                   
1894 2 41800-3900 14700           Parramatt        93      10155      217                                   
1894 2 5 200-3925 14775           Parramatt        93      10171      244                                   
1894 1 51000 2725  3480           Parramatt                           200                                   
1894 1 9 900 1241  4530           Parramatt        67                 250                                   
1895 2121100  654  7907           Parramatt        26      10102      272                                   
1895 2121500  586  7966           Parramatt        67      10111      278                                   
1895 2122300  518  8025           Parramatt        67      10080      261                                   
1895 213 300  451  8085           Parramatt                10103      267                                   
1895 213 700  383  8144           Parramatt        93      10113      267                                   
1895 2131100  315  8203           Parramatt        67      10088      272                                   
1895 2131400  248  8263           Parramatt        46      10114      278                                   
1895 2131800  180  8322           Parramatt                                                                 
1895 2132200  112  8381           Parramatt        10      10096      267                                   
1895 214 200   45  8441           Parramatt        10      10084      278                                   
1895 214 600  -23  8500           Parramatt        10      10110      283                                   
1895 2141000  -91  8554           Parramatt        10      10089      283                                   
1895 2141400 -158  8608           Parramatt        10      10100      283                                   
1895 2141800 -226  8662           Parramatt                                                                 
1895 2142200 -294  8716           Parramatt        46                 278                                   
1895 215 200 -361  8770           Parramatt        46                 283                                   
1895 215 600 -429  8824           Parramatt        46      10109      289                                   
1895 217 600-1235  9454           Parramatt        26      10086      278                                   
1895 223 400-3590 11715           Parramatt        26      10237      194                                   
1895 225 400-3504 12746           Parramatt        26      10157      183                                   
1895 225 700-3509 12857           Parramatt        46      10136      189                                   
1895 2251100-3513 12969           Parramatt        26      10130      183                                   
1895 2251500-3518 13080           Parramatt        26                                                       
1895 2251900-3523 13191           Parramatt        26      10118      178                                   
1895 2252300-3527 13303           Parramatt        46      10140      189                                   
1895 226 300-3532 13414           Parramatt        46      10130      183                                   
1895 226 700-3537 13525           Parramatt        10      10117      183                                   
1895 2261100-3541 13637           Parramatt                           183                                   
1895 2261900-3546 13748           Parramatt        26      10110      183                                   
1895 2262300-3551 13859           Parramatt                                                                 
1895 227 300-3555 13971           Parramatt                10147      206                                   
1895 227 700-3560 14082           Parramatt        46                                                       
1892 810 500 1252  5108           Parramatt        10      10042      300                                   
1892 811 400 1237  5647           Parramatt        93      10060      233                                   
1892 812 400 1116  6213           Parramatt        93      10074      244                                   
1892 813 400  946  6732           Parramatt        46      10110      267                                   
1892 814 300  816  7248           Parramatt        46      10106      272                                   
1892 815 300  707  7803           Parramatt        46      10082      272                                   
1892 816 300  655  7951           Parramatt        10      10047      300                                   
1892 817 300  343  8155           Parramatt        67      10091      256                                   
1892 818 200  -17  8514           Parramatt        67      10071      272                                   
1892 819 200 -431  8843           Parramatt       123      10050      278                                   
1892 820 200 -829  9200           Parramatt        26      10033      267                                   
1892 821 200-1203  9454           Parramatt        93      10029      256                                   
1892 822 200-1521  9639           Parramatt       123      10082      250                                   
1892 823 100-1843  9934           Parramatt        93      10112      217                                   
1892 824 100-2224 10254           Parramatt        67      10135      194                                   
1892 825 100-2618 10623           Parramatt        26      10137      178                                   
1892 826 100-3018 11014           Parramatt        67      10060      194                                   
1892 827   0-3358 11430           Parramatt        46      10005      139                                   
1892 828   0-3437 11932           Parramatt        93      10027      150                                   
1892 829   0-3516 12435           Parramatt       123      10046      122                                   
1892 8292300-3531 13111           Parramatt        26      10134      139                                   
1892 8302300-3517 13740           Parramatt        26      10189      156                                   
1892 8312300-3639 13907           Parramatt        46      10164      150                                   
1892 9 12300-3591 14194           Parramatt        46      10124      144                                   
1892 9 22200-3543 14481           Parramatt        10      10152      133                                   
1892 9 32200-3495 14769           Parramatt         0      10115      111                                   
1892 9 42200-3447 15056           Parramatt        26      10104      156                                   
1893 913 400-3533 12704           Parramatt        93      10107      161                                   
1895 9111600-3533 12704           Parramatt        93      10160      150                                   
1895 912 800-3533 12704           Parramatt        93      10164      161                                   
1895 9121200-3533 12704           Parramatt        46      10182      156                                   
1895 9121600-3533 12704           Parramatt        46      10044      156                                   
1895 9122000-3533 12704           Parramatt        67      10166      150                                   
1895 913   0-3533 12704           Parramatt        93      10138      156                                   
1895 913 400-3533 12704           Parramatt        93      10107      161                                   
1895 913 800-3533 12704           Parramatt        93      10094      156                                   
1895 9131200-3527 12418           Parramatt        46      10099      167                                   
1895 9131600-3521 12132           Parramatt        93      10193      128                                   
1895 9132000-3521 12132           Parramatt       154      10015      144                                   
1895 914   0-3521 12132           Parramatt       123      10047      156                                   
1895 914 400-3521 12132           Parramatt       123      10107      139                                   
1895 914 800-3521 12132           Parramatt       190      10143      128                                   
1895 9141200-3521 12132           Parramatt       123      10184      144                                   
1895 9141600-3521 12132           Parramatt       226                 128                                   
1895 9142000-3521 12132           Parramatt       123      10194      122                                   
1895 915   0-3521 12132           Parramatt       190      10194      122                                   
1895 915 400-3521 12132           Parramatt       154      10194      122                                   
1895 915 800-3521 12132           Parramatt       226                 133                                   
1895 9151200-3521 12132           Parramatt       226                 128                                   
1895 912 300-3541 13249           Parramatt       123      10151      161                                   
1895 9 11400-3778 15239           Parramatt        93       9986      172                                   
1895 9 2 600-3783 15174           Parramatt        46      10069      200                                   
1895 9 21000-3788 15109           Parramatt        46      10044      189                                   
1895 9 21400-3793 15043           Parramatt       226       9902      150                                   
1895 9 21800-3798 14978           Parramatt        46       9906      189                                   
1895 9 22200-3803 14913           Parramatt        93       9897      161                                   
1895 9 3 200-3808 14848           Parramatt       226       9896      144                                   
1895 9 3 600-3813 14783           Parramatt       226       9919      150                                   
1895 9 31000-3818 14718           Parramatt       190       9922      150                                   
1895 9 31400-3823 14652           Parramatt       154       9956      150                                   
1895 9 31800-3828 14587           Parramatt       226       9903      122                                   
1895 9 32200-3833 14522           Parramatt       226      10073      139                                   
1895 9 4 200-3838 14457           Parramatt       226       9941      139                                   
1895 9 4 600-3843 14392           Parramatt       154       9984      144                                   
1895 9 41000-3848 14327           Parramatt       154       9971      144                                   
1895 9 41400-3853 14261           Parramatt        10      10122      128                                   
1895 9 41900-3858 14196           Parramatt       154       9956      133                                   
1895 9 42300-3863 14131           Parramatt       190      10005      144                                   
1895 9 5 300-3868 14066           Parramatt       190      10037      133                                   
1895 9 5 700-3873 14001           Parramatt       123      10053      139                                   
1895 9 51100-3878 13936           Parramatt        67      10090      139                                   
1895 9 51500-3883 13871           Parramatt        46      10095      128                                   
1895 9 51900-3888 13805           Parramatt        26      10110      122                                   
1895 9 52300-3893 13740           Parramatt        26      10080      122                                   
1895 9 6 300-3898 13675           Parramatt        93      10071      133                                   
1895 9 6 700-3903 13610           Parramatt        93      10051      156                                   
1895 9 61100-3908 13545           Parramatt        46      10094      139                                   
1895 9 61900-3913 13479           Parramatt         0      10090      122                                   
1895 9 62300-3918 13414           Parramatt        26      10114      122                                   
1895 9 7 300-3923 13349           Parramatt        67      10109      128                                   
1895 9211800 -948  9239           Parramatt        67      10114      267                                   
1895 9221000 -880  9187           Parramatt        67      10108      261                                   
1895 9221400 -812  9134           Parramatt        67      10100      267                                   
1895 9221800 -744  9082           Parramatt        46      10113      267                                   
1895 9222200 -677  9030           Parramatt        67      10100      261                                   
1895 923 200 -609  8977           Parramatt        67      10099      272                                   
1895 923 600 -541  8925           Parramatt        67      10112      272                                   
1895 9231000 -473  8873           Parramatt        46      10085      272                                   
1895 9231400 -405  8820           Parramatt         0      10099      267                                   
1895 9231800 -337  8768           Parramatt        93      10102      267                                   
1895 9232200 -270  8716           Parramatt        26      10086      267                                   
1895 924 200 -202  8663           Parramatt        10      10098      272                                   
1895 924 600 -134  8611           Parramatt        46      10100      261                                   
1895 9241000  -75  8561           Parramatt        46      10066      261                                   
1895 9241400  -16  8512           Parramatt        67      10097      278                                   
1895 9241800   43  8462           Parramatt        93      10084      278                                   
1895 9242200  103  8412           Parramatt        93      10075      267                                   
1895 925 200  162  8363           Parramatt        93      10097      278                                   
1895 925 600  221  8313           Parramatt        93      10097      278                                   
1895 9251000  280  8263           Parramatt        93      10071      272                                   
1895 9251500  339  8214           Parramatt        67      10082      267                                   
1895 9252300  398  8164           Parramatt       123      10071      256                                   
1895 926 300  458  8114           Parramatt        93      10085      272                                   
1895 926 700  517  8065           Parramatt        67      10084      278                                   
