1893 8 6 100-4210  7119           Patriarch        67      10068       89                                   
1893 8 6 700-4210  7119           Patriarch        67      10076      100                                   
1893 8 7 100-4125  7525           Patriarch        93      10058       61                                   
1893 8 7 700-4125  7525           Patriarch        93      10071       83                                   
1893 8 8 100-4102  8049           Patriarch       123      10061       61                                   
1893 8 8 700-4078  8049           Patriarch       123      10083       72                                   
1893 8 9   0-4055  8790           Patriarch       123      10125       61                                   
1893 8 9 600-4055  8790           Patriarch       226      10174       72                                   
1893 810   0-4035  9153           Patriarch        67      10231       72                                   
1893 810 600-4035  9153           Patriarch        67      10273       83                                   
1893 811   0-4032  9558           Patriarch        67      10303       89                                   
1893 811 600-4028  9558           Patriarch        26                 111                                   
1893 8112300-4025  9990           Patriarch        93      10317      106                                   
1893 812 500-4025  9990           Patriarch                10287      122                                   
1893 8122300-4058 10457           Patriarch       123      10245       72                                   
1893 813 500-4058 10457           Patriarch       123      10201      111                                   
1893 8132300-4122 11028           Patriarch       123      10223       83                                   
1893 814 500-4122 11028           Patriarch       123      10235      111                                   
1893 8142200-4130 11346           Patriarch        67      10290      111                                   
1893 815 400-4130 11346           Patriarch        93      10267      128                                   
1893 8152200-4045 11916           Patriarch        93      10220      117                                   
1893 816 400-4045 11916           Patriarch       123      10202      128                                   
1893 8162200-4038 12520           Patriarch        67                 139                                   
1893 817 400-4038 12520           Patriarch        67      10201      172                                   
1893 8172100-4015 12946           Patriarch       123                 106                                   
1893 818 300-4015 12946           Patriarch        67      10222      144                                   
1893 8182100-3950 13355           Patriarch        67                                                       
1893 819 300-3950 13355           Patriarch        67      10207      133                                   
1893 8192100-3945 13624           Patriarch        26      10211      128                                   
1893 820 300-3945 13624           Patriarch        93      10195      139                                   
1893 8202100-3922 14046           Patriarch       123      10166      133                                   
1893 821 300-3922 14046           Patriarch       123      10181      144                                   
1893 8212100-3914 14010           Patriarch        93      10201      106                                   
1893 822 300-3914 14010           Patriarch        93      10162      133                                   
1893 825 200-3615 15013           Patriarch       123      10435      200                                   
1895 9 91900-4054  7830           Patriarch                 9886       94                                   
1895 910 700-4049  8105           Patriarch                 9976      106                                   
1895 9101800-4043  8380           Patriarch                 9931       89                                   
1895 911 600-4038  8655           Patriarch                 9924      111                                   
1895 9111800-4030  8957           Patriarch                 9943       78                                   
1895 912 600-4023  9259           Patriarch                10032       89                                   
1895 9121800-4018  9535           Patriarch                10104       83                                   
1895 913 500-4013  9811           Patriarch                10181       89                                   
1895 9131700-4016 10025           Patriarch                10176       56                                   
1895 914 500-4019 10239           Patriarch                10187      111                                   
1895 9141700-4019 10499           Patriarch                10212       83                                   
1895 915 500-4019 10759           Patriarch                10218      111                                   
1895 9151700-4032 11057           Patriarch                10194       89                                   
1895 916 400-4046 11356           Patriarch                10180      117                                   
1895 9161600-4049 11606           Patriarch                10165       83                                   
1895 917 400-4053 11857           Patriarch                10173      117                                   
1895 9171600-4036 12086           Patriarch                10173       94                                   
1895 918 400-4020 12316           Patriarch                10179      122                                   
1895 9181600-3979 12465           Patriarch                10161       83                                   
1895 919 400-3939 12614           Patriarch                10168      122                                   
1895 9191500-3928 12807           Patriarch                10194       83                                   
1895 920 300-3918 13000           Patriarch                10212      117                                   
1895 9201500-3866 13056           Patriarch                10208      100                                   
1895 921 300-3815 13113           Patriarch                10195      133                                   
1895 9211500-3916 13250           Patriarch                10188       83                                   
1895 922 300-3916 13250           Patriarch                10173      111                                   
1895 9221500-3983 13315           Patriarch                10129       72                                   
1895 923 300-4050 13380           Patriarch                10122      117                                   
1895 9231500-3954 13381           Patriarch                10144       83                                   
1895 924 300-3859 13383           Patriarch                10141      139                                   
1895 9241500-3859 13446           Patriarch                10404      100                                   
1895 925 300-3752 13509           Patriarch                10154      133                                   
1898 7211700-2836  4214           Patriarch       226      10200      156                                   
1898 722 500-2836  4214           Patriarch       123      10249      167                                   
1898 7221700-2858  3922           Patriarch        93      10257      161                                   
1898 723 500-2943  3786           Patriarch        93      10263      167                                   
1898 7231800-3028  3651           Patriarch        67      10256      172                                   
1898 724 600-3076  3538           Patriarch        67      10233      194                                   
1898 7241800-3125  3425           Patriarch        93      10234      189                                   
1898 725 100-3128  3362           Patriarch                           172                                   
1898 725 600-3131  3298           Patriarch                           178                                   
1898 7251800-3134  3235           Patriarch        93                 189                                   
1898 726 600-3134  3235           Patriarch        67      10297      194                                   
1898 7261800-3250  2948           Patriarch                10288      172                                   
1898 727 600-3250  2948           Patriarch                10247      200                                   
1898 7271800-3408  2706           Patriarch                10221      200                                   
1898 728 600-3433  2528           Patriarch        10      10228      200                                   
1898 7281800-3458  2351           Patriarch        67      10201      200                                   
1898 729 600-3457  2302           Patriarch                10150      183                                   
1898 7291800-3456  2254           Patriarch        10      10166      144                                   
1898 730 700-3482  2229           Patriarch        10      10172      172                                   
1898 7301900-3508  2204           Patriarch        10                 156                                   
1898 7302300-3519  2179           Patriarch        26                 156                                   
1898 731 700-3529  2154           Patriarch                10045      167                                   
1898 7311900-3540  2129           Patriarch                           144                                   
1898 8 1 100-3551  2104           Patriarch       268       9991      128                                   
1898 8 1 700-3561  2079           Patriarch       226      10044      133                                   
