1893 2111800-2906  3303           Pembroke        123      10134      256                                   
1893 2112200-2887  3367           Pembroke        123      10153      256                                   
1893 212 200-2868  3431           Pembroke        123      10150      240                                   
1893 212 600-2848  3496           Pembroke        123      10168      243                                   
1893 2121000-2829  3560           Pembroke        123      10157      248                                   
1893 2121400-2810  3624           Pembroke        123      10150      248                                   
1893 2121800-2790  3689           Pembroke        123      10149      249                                   
1893 2122100-2771  3753           Pembroke         93      10152      250                                   
1893 213 100-2752  3817           Pembroke         93      10147      246                                   
1893 213 500-2732  3882           Pembroke         67      10143      253                                   
1893 213 900-2713  3946           Pembroke         67      10131      256                                   
1893 2131300-2686  4028           Pembroke         67      10119      256                                   
1893 2131700-2660  4111           Pembroke         93      10127      257                                   
1893 2132100-2633  4193           Pembroke         67                 268                                   
1893 214 100-2607  4275           Pembroke         46      10123      262                                   
1893 214 500-2580  4358           Pembroke         46      10121      267                                   
1893 214 900-2554  4440           Pembroke         67      10107      282                                   
1893 2141300-2515  4492           Pembroke         26      10097      289                                   
1893 2141700-2477  4543           Pembroke         46      10102      279                                   
1893 2142100-2438  4595           Pembroke         67      10098      275                                   
1893 215 100-2399  4647           Pembroke         46      10082      268                                   
1893 215 500-2361  4698           Pembroke         67      10084      268                                   
1893 215 900-2322  4750           Pembroke         67      10081      272                                   
1893 2151300-2255  4777           Pembroke         10      10079      272                                   
1893 2151700-2187  4804           Pembroke         26      10088      263                                   
1893 2152100-2120  4831           Pembroke         46      10083      264                                   
1893 216 100-2053  4858           Pembroke         46      10075      261                                   
1893 216 500-1985  4885           Pembroke         46      10093      244                                   
1893 216 900-1918  4912           Pembroke         46      10083      270                                   
1893 2161300-1851  4939           Pembroke         26      10064      272                                   
1893 2161700-1783  4966           Pembroke          0      10088      267                                   
1893 2162100-1716  4993           Pembroke         26                 271                                   
1893 217 100-1649  5020           Pembroke         26      10076      256                                   
1893 217 500-1581  5047           Pembroke         46      10076      271                                   
1893 2282000-1910  6034           Pembroke         26      10116      272                                   
1893 3 11600-1910  5895           Pembroke         26      10110      268                                   
1893 3 12000-1910  5757           Pembroke         26      10123      272                                   
1893 3 2   0-1910  5619           Pembroke         46      10102      264                                   
1893 3 2 400-1910  5480           Pembroke         26      10114      264                                   
1893 3 2 800-1910  5342           Pembroke         46      10106      268                                   
1893 3 21300-1910  5204           Pembroke         26                                                       
1893 3 21700-1910  5065           Pembroke         46                                                       
1893 3 22100-1890  4927           Pembroke         26                                                       
1893 3 3 100-1910  4927           Pembroke         26      10118      257                                   
1893 3 3 500-1910  4927           Pembroke         10      10124      268                                   
1893 3 3 900-1890  4927           Pembroke         26      10111      285                                   
1893 3 31300-1890  4927           Pembroke         26      10103      286                                   
1893 3 31700-1890  4927           Pembroke         46      10119      275                                   
1893 3 4 100-1890  4927           Pembroke         26      10107      268                                   
1893 3 4 500-1890  4927           Pembroke         26      10119      264                                   
1893 3 4 900-1918  4930           Pembroke         26      10102      271                                   
1893 3 41300-1918  4930           Pembroke         26      10085      272                                   
1893 3 41700-1918  4930           Pembroke         10      10110      266                                   
1893 3 52100-1918  4930           Pembroke         10      10092      257                                   
1893 3 62100-2201  4823           Pembroke         67                                                       
1893 3 7 100-1918  4930           Pembroke         26                                                       
1893 3 7 500-1918  4930           Pembroke         26      10079      258                                   
1893 3 7 900-2059  4876           Pembroke                                                                  
1893 3 71300-2201  4823           Pembroke         46      10076      268                                   
1893 3 71700-2201  4823           Pembroke         46      10091      274                                   
1893 3 8 100-2201  4823           Pembroke         46      10083      261                                   
1893 3 8 500-2405  4672           Pembroke                                                                  
1893 3 8 900-2609  4522           Pembroke         67      10081      266                                   
1893 3 81300-2813  4371           Pembroke                                                                  
189311 21700-1514  5074           Pembroke        123                                                       
