189211301900-4215  8082           Peri            123      10107      122                                   
189211302300-4217  8166           Peri            123      10031      122                                   
189212 1 200-4218  8249           Peri            123      10065      117                                   
189212 1 600-4220  8333           Peri            123      10092      117                                   
189212 11000-4222  8417           Peri            123      10106      117                                   
189212 11400-4223  8500           Peri            123      10104      117                                   
189212 11800-4225  8584           Peri             67      10054      122                                   
189212 12200-4227  8668           Peri            123      10106      122                                   
189212 2 200-4228  8751           Peri            123      10106      122                                   
189212 2 600-4230  8835           Peri             93                                                       
189212 21000-4232  8919           Peri             93      10092      128                                   
189212 21400-4233  9002           Peri             67      10061      128                                   
1893 4 11200-4910-12543           Peri            123       9811       67                                   
1893 4 11600-4910-12543           Peri            154       9830       61                                   
1893 4 12000-4910-12543           Peri            123       9856       56                                   
1893 4 2   0-4910-12543           Peri            123       9874       61                                   
1893 4 2 400-4910-12543           Peri            154                  58                                   
1893 4 2 800-4910-12543           Peri                                                                      
1893 4 21200-4910-12543           Peri            123       9817       61                                   
1893 4 21600-4910-12543           Peri            154       9789       56                                   
1893 4 22000-4910-12543           Peri            226       9788       67                                   
1893 4 3   0-4910-12543           Peri            190       9864       44                                   
1893 4 3 400-4910-12543           Peri            154       9891       56                                   
1896 1 1 600-4033  9607           Peri             46      10096      172                                   
1896 1 11000-4045  9659           Peri             46      10103      172                                   
1896 1 11400-4056  9711           Peri             46      10110      172                                   
1896 1 11700-4068  9762           Peri             46      10119      161                                   
1896 1 12100-4080  9814           Peri             46      10122      161                                   
1896 1 2 100-4091  9866           Peri             46      10136      161                                   
1896 1 2 500-4103  9918           Peri             46      10145      167                                   
1896 1 2 900-4106  9951           Peri             26      10157      178                                   
1896 1 21300-4109  9983           Peri             10      10169      167                                   
1896 1 21700-4111 10016           Peri             10      10183      161                                   
1896 1 22100-4114 10049           Peri             10      10187      156                                   
1896 1 3 100-4117 10081           Peri             10      10188      156                                   
1896 1 3 500-4120 10114           Peri             10      10199      150                                   
1896 1 3 900-4125 10165           Peri             26      10198      156                                   
1896 1 31300-4130 10217           Peri             46      10210      144                                   
1896 1 31700-4135 10268           Peri             46      10218      133                                   
1896 1 32100-4140 10320           Peri             67      10218      133                                   
1896 1 4 100-4145 10371           Peri             67      10223      144                                   
1896 1 4 500-4150 10423           Peri             67      10222      156                                   
1896 1 4 900-4164 10491           Peri             67      10222      156                                   
1896 1 41300-4178 10559           Peri             67      10223      150                                   
1896 1 41700-4191 10626           Peri             93      10216      128                                   
1896 1 42100-4205 10694           Peri             93      10183      128                                   
1896 1 5 100-4219 10762           Peri             93      10182      133                                   
1896 1 5 500-4233 10830           Peri            123      10178      139                                   
1896 1 5 900-4247 10898           Peri            123      10170      144                                   
1896 1 51300-4261 10966           Peri            123      10171      139                                   
1896 1 51700-4274 11033           Peri             93      10161      139                                   
1896 1 52100-4288 11101           Peri             93      10142      133                                   
1896 1 6 100-4302 11169           Peri             93      10155      139                                   
1896 1 6 500-4250 10303           Peri             93      10126      150                                   
1896 1 7 400-4310 11756           Peri            123      10083      144                                   
1896 1 7 800-4310 11838           Peri             93      10090      144                                   
1896 1 71200-4310 11919           Peri             93      10104      139                                   
1896 1 71600-4310 12001           Peri             93      10112      133                                   
1896 1 72000-4310 12083           Peri             93      10093      144                                   
1896 1 8   0-4310 12164           Peri             93      10093      144                                   
1896 1 8 400-4310 12246           Peri             93      10088      156                                   
1896 1 8 800-4310 12307           Peri             93      10088      156                                   
1896 1 81200-4310 12368           Peri             46      10109      150                                   
1896 1 81600-4310 12429           Peri             26      10127      144                                   
1896 1 82000-4310 12490           Peri             46      10128      139                                   
1896 1 9   0-4310 12551           Peri             46      10147      144                                   
1896 1 9 400-4310 12612           Peri             26      10149      156                                   
1896 1 9 800-4312 12680           Peri             46      10127      167                                   
1896 1 91200-4313 12748           Peri             67      10129      150                                   
1896 1 91500-4315 12815           Peri             93      10107      144                                   
1896 1 91900-4317 12883           Peri             93      10060      139                                   
1896 1 92300-4318 12951           Peri             93      10039      144                                   
1896 110 300-4320 13019           Peri            123       9982      144                                   
1896 110 700-4322 13087           Peri            154       9942      139                                   
1896 1101100-4323 13155           Peri            154       9946      139                                   
1896 1101500-4325 13222           Peri            154       9952      122                                   
1896 1101900-4327 13290           Peri            123       9962      122                                   
1896 1102300-4328 13358           Peri            123       9995      128                                   
1896 1141800-4459 14853           Peri            154                                                       
1896 1142200-4430 14877           Peri            123                                                       
1896 115 200-4400 14902           Peri            123                                                       
1896 115 600-4370 14926           Peri            123      10168      144                                   
1896 1151000-4341 14951           Peri             67      10198      144                                   
1896 1151400-4311 14975           Peri             46      10139      172                                   
1896 1151800-4281 15000           Peri             26      10189      156                                   
1896 1152200-4252 15024           Peri             26      10184      167                                   
1896 116 200-4222 15049           Peri             26      10178      178                                   
1896 116 600-4192 15074           Peri             46      10158      178                                   
1896 1161000-4163 15098           Peri             46      10151      178                                   
