1892 820   0-2128 17735           Poherua          93       9922      261                                   
1892 8201800 -585 17735           Poherua         154       9957      256                                   
1892 8202100  959 17735           Poherua         154       9971      256                                   
1892 821   0 2502 17722           Poherua          67       9945      256                                   
1892 8211800 2608 17722           Poherua          67       9939      256                                   
1892 8212100 2714 17722           Poherua          67       9930      256                                   
1892 822   0 2820 17637           Poherua          26       9972      211                                   
1892 8221800 2922 17628           Poherua          93       9966      211                                   
1892 8222100 3023 17619           Poherua          93       9976      194                                   
1892 823   0 3125 17610           Poherua          46       9973      194                                   
1892 8231800 3232 17610           Poherua          93       9961      194                                   
1892 8232100 3338 17610           Poherua          93       9978      200                                   
1892 824   0 3445 17626           Poherua          93       9976      217                                   
1892 8301800-3545 17525           Poherua          67       9979      200                                   
1892 8302100  -62 17380           Poherua          67       9960      211                                   
1892 831 100 3422 17235           Poherua          67       9963      211                                   
1892 8311900 1141 17235           Poherua         123       9908      172                                   
1892 8312200-1141 17235           Poherua         154       9935      172                                   
1892 9 1 100-3422 16845           Poherua         154       9950      189                                   
1892 9 11900-2566 16845           Poherua         123      10076      161                                   
1892 9 12200-1711 16845           Poherua         123      10080      161                                   
1892 9 2 100 -855 16845           Poherua         123      10086      167                                   
1892 9 21900    0 16845           Poherua         123      10087      178                                   
1892 9 22200  855 16845           Poherua          67      10088      178                                   
1892 9 3 100 1711 16845           Poherua          93      10082      194                                   
1892 9 31900 2566 16845           Poherua         123                 178                                   
1892 9 32200 3422 16845           Poherua          93       9994      206                                   
1893 7311700-2569 16509           Poherua         123      10183      244                                   
1893 7312100-2540 16582           Poherua          93      10228      239                                   
1893 8 1 100-2512 16655           Poherua          93      10201      233                                   
1893 8 1 500-2483 16728           Poherua          67      10215      250                                   
1893 8 11300-2454 16801           Poherua          67      10252      233                                   
1893 8 11700-2426 16874           Poherua          67      10233      244                                   
1893 8 12100-2397 16947           Poherua          93      10266      244                                   
1893 8 2 100-2368 17020           Poherua          67      10265      250                                   
1893 8 2 500-2340 17066           Poherua          67      10247      256                                   
1893 8 21300-2311 17112           Poherua          67      10266      244                                   
1893 8 21700-2282 17157           Poherua          67      10248      244                                   
1893 8 22100-2254 17203           Poherua          67      10258      244                                   
1893 8 3 100-2225 17249           Poherua          67      10246      256                                   
1893 8 3 400-2196 17294           Poherua          67      10228      261                                   
1893 8 3 800-2168 17339           Poherua          67      10225      278                                   
1893 8 31200-2139 17384           Poherua          67      10241      222                                   
1893 8 31600-2110 17429           Poherua          93      10227      267                                   
1893 8 32000-2082 17474           Poherua          93      10233      267                                   
1893 8 4   0-2053 17519           Poherua          67      10233      267                                   
1893 8 4 400-2018 17557           Poherua          67      10199      267                                   
1893 8 4 800-1984 17595           Poherua          67      10206      289                                   
1893 8 41200-1949 17633           Poherua          67      10228      256                                   
1893 8 41600-1915 17672           Poherua          67      10211      256                                   
1893 8 42000-1880 17710           Poherua                  10227      256                                   
1893 8 5   0-1846 17748           Poherua                  10215      267                                   
189212 11300-2550 16900           Poherua         123                                                       
189212 11700-2517 16900           Poherua         123       9959      256                                   
189212 12100-2483 16900           Poherua         123       9962      256                                   
189212 2 100-2450 16900           Poherua         123                 256                                   
189212 2 500-2417 16900           Poherua         123       9945      256                                   
189212 2 900-2383 16960           Poherua         123       9948      256                                   
189212 21300-2350 17020           Poherua         190       9905      289                                   
189212 21700-2317 17080           Poherua         123                 272                                   
189212 22100-2283 17140           Poherua         123       9929      244                                   
189212 3 100-2250 17200           Poherua         154       9908      267                                   
189212 3 500-2233 17233           Poherua         154       9889      278                                   
189212 3 800-2217 17267           Poherua         154                 267                                   
189212 31200-2200 17300           Poherua         226       9842      278                                   
189212 31600-2183 17333           Poherua                   9881      289                                   
189212 32000-2167 17367           Poherua                   9888      283                                   
189212 4   0-2150 17400           Poherua         268       9852      278                                   
189212 4 400-2125 17433           Poherua         226       9845      278                                   
189212 4 800-2100 17467           Poherua         226       9852      272                                   
189212 41200-2075 17500           Poherua          10       9878      300                                   
189212 41600-2050 17533           Poherua         190       9817      306                                   
189212 42000-2025 17567           Poherua          67       9855      278                                   
189212 5   0-2000 17600           Poherua          46       9859      311                                   
189212 5 400-1975 17633           Poherua          26       9837      322                                   
189212 5 800-1950 17667           Poherua          26       9866      311                                   
189212 51600-1925 17700           Poherua          26       9870      283                                   
189212 52000-1900 17733           Poherua          26       9904      278                                   
189212261200-1875 17767           Poherua          67      10156      278                                   
18921227 400-1850 17800           Poherua         123      10131      289                                   
189212132000-1800 17900           Poherua         123       9884      278                                   
189212141000-1800 17900           Poherua         123       9831      311                                   
18921215   0-1800 17900           Poherua         190                                                       
18921215 800-1800 17900           Poherua         268                                                       
189212151200-1800 17900           Poherua         268                                                       
189212151600-1800 17900           Poherua         268       9703      311                                   
189212152000-1800 17900           Poherua         190                                                       
189212152200-1800 17900           Poherua         309                                                       
18921216 400-1800 17900           Poherua         309                                                       
18921216 800-1800 17900           Poherua         268                                                       
189212161600-1800 17900           Poherua         226                                                       
189212162000-1800 17900           Poherua         190                                                       
18921217 400-1800 17900           Poherua         154       9801      289                                   
18921217 800-1800 17900           Poherua         123                                                       
189212171600-1800 17900           Poherua         123       9815      306                                   
189212172000-1800 17900           Poherua         123       9815      306                                   
18921218   0-1800 17900           Poherua         123       9814      311                                   
1893 1102100-3400 16500           Poherua          46                 250                                   
1893 2 1 400 3434 15210           Poherua         190      10168     -128                                   
1893 1142200-3300 15200           Poherua         123      10214       -7                                   
1893 115 200-3300 15200           Poherua         123                                                       
1893 115 600-3300 15200           Poherua         123                                                       
1893 1151000-3300 15200           Poherua         123                                                       
1893 1151400-3300 15200           Poherua                                                                   
1893 1151800-3300 15200           Poherua          93                                                       
1893 1152200-3300 15200           Poherua          93                                                       
1893 116 200-3400 15500           Poherua          93                                                       
1893 116 600-3400 15500           Poherua          93                                                       
1893 1161000-3400 15500           Poherua          93                                                       
1893 1161400-3400 15500           Poherua                                                                   
1893 1161800-3400 15500           Poherua          46                                                       
1893 1162200-3400 15500           Poherua          46                                                       
1893 117 100-3600 15800           Poherua          67                                                       
1893 117 500-3600 15800           Poherua          67                                                       
1893 117 900-3600 15800           Poherua          67                                                       
1893 1171300-3600 15800           Poherua                                                                   
1893 1171700-3600 15800           Poherua          67                                                       
1893 1172100-3600 15800           Poherua          93                                                       
1893 118 100-3700 16200           Poherua          93                                                       
1893 118 500-3700 16200           Poherua          93                                                       
1893 118 900-3700 16200           Poherua          93                                                       
1893 1181300-3700 16200           Poherua                                                                   
1893 1181700-3700 16200           Poherua          67                                                       
1893 1182100-3700 16200           Poherua          93                                                       
1893 119 100-3800 16600           Poherua          93                                                       
1893 119 500-3800 16600           Poherua          93                                                       
1893 119 900-3800 16600           Poherua         123                                                       
1892 8191800-1879 17744           Poherua         123       9909      267                                   
1892 8192100-2003 17739           Poherua         123       9930      267                                   
1892 820   0-2128 17735           Poherua          93       9922      261                                   
1892 8201800-2253 17731           Poherua         154       9964      256                                   
1892 8202100-2377 17726           Poherua         154       9978      256                                   
1892 821   0-2502 17722           Poherua          67       9945      256                                   
1892 8211800-2608 17694           Poherua          67       9939      256                                   
1892 8212100-2714 17665           Poherua          67       9930      256                                   
1892 822   0-2820 17637           Poherua          26       9972      211                                   
1892 8221800-2922 17628           Poherua          93       9966      211                                   
1892 8222100-3023 17619           Poherua          93       9976      194                                   
1892 823   0-3125 17610           Poherua          46       9973      194                                   
1892 8231800-3232 17582           Poherua          93       9961      194                                   
1892 8232100-3338 17554           Poherua          93       9978      200                                   
1892 824   0-3445 17526           Poherua          93       9976      217                                   
1892 8301800-3437 17429           Poherua          67       9978      200                                   
1892 8302100-3430 17332           Poherua          67       9977      211                                   
1892 831 100-3422 17235           Poherua          67       9963      211                                   
1892 8311900-3422 17105           Poherua         123       9922      172                                   
1892 8312200-3422 16975           Poherua         154       9949      172                                   
1892 9 1 100-3422 16845           Poherua         154       9950      189                                   
1892 9 11900-3422 16715           Poherua         123      10082      161                                   
1892 9 12200-3422 16585           Poherua         123      10093      161                                   
1892 9 2 100-3422 16455           Poherua         123      10102      167                                   
1892 9 21900-3422 16325           Poherua                  10103      178                                   
1892 9 22200-3422 16195           Poherua          67      10103      178                                   
1892 9 3 100-3422 16065           Poherua          93      10094      194                                   
1892 9 31900-3422 15935           Poherua         123                 178                                   
1892 9 32200-3422 15805           Poherua          93       9961      206                                   
1892 9 4 200-3422 15675           Poherua          26       9946      194                                   
