181112 51200 3046 15312           Polynesie        46                                                       
1814 2151600 2440 16115           Polynesie        46                 -78                                   
1893 1 82200 2913  3245           Polynesie                10199      -83                                   
1893 1 9 600 2913  3245           Polynesie        67      10162     -100                                   
1893 1 91000 2913  3245           Polynesie        67      10172      -83                                   
1893 1 91400 2913  3245           Polynesie         0      10172      -83                                   
1893 1 91800 2913  3245           Polynesie        46      10199      -83                                   
1893 1 92200 2787  3338           Polynesie                                                                 
1893 110 200 2661  3432           Polynesie        67      10209      -78                                   
1893 110 600 2536  3525           Polynesie        67      10208      -72                                   
1893 1101000 2410  3619           Polynesie        46                                                       
1893 1101400 2318  3672           Polynesie        46      10190      -56                                   
1893 1101800 2225  3724           Polynesie        46      10217      -61                                   
1893 1102100 2133  3776           Polynesie                                                                 
1893 111 100 2041  3829           Polynesie        46      10201      -56                                   
1893 111 500 1948  3881           Polynesie        46      10187      -50                                   
1893 111 900 1856  3934           Polynesie        46                 -33                                   
1893 1111300 1770  3987           Polynesie        46      10183      -33                                   
1893 1111700 1684  4039           Polynesie        46      10182      -33                                   
1893 1112100 1597  4092           Polynesie        26                                                       
1893 112 100 1511  4145           Polynesie        26      10182      -33                                   
1893 112 500 1425  4197           Polynesie         0      10182      -39                                   
1893 112 900 1339  4250           Polynesie        26      10181      -33                                   
1893 1121300 1339  4250           Polynesie        46      10167      -33                                   
1893 1121700 1339  4250           Polynesie        26      10167      -33                                   
1893 1122100 1339  4250           Polynesie                10182      -39                                   
1893 113 100 1339  4250           Polynesie        26      10181      -33                                   
1893 113 500 1291  4379           Polynesie                                                                 
1893 113 900 1243  4508           Polynesie        46      10180      -33                                   
1893 1131300 1195  4637           Polynesie        26      10166      -28                                   
1893 1131700 1147  4766           Polynesie        46      10181      -39                                   
1893 1132100 1159  5058           Polynesie        67      10180      -33                                   
1893 114 100 1099  4895           Polynesie        67                 -39                                   
1893 114 500 1159  5058           Polynesie        46      10181      -39                                   
1893 114 900 1159  5058           Polynesie        26      10180      -33                                   
1893 1141300 1159  5058           Polynesie        46      10167      -33                                   
1893 1141700 1159  5058           Polynesie        46      10180      -33                                   
1893 1142100 1159  5058           Polynesie        67      10180      -33                                   
1893 115 100 1159  5058           Polynesie        67      10168      -39                                   
1893 115 500 1159  5058           Polynesie        67      10180      -33                                   
1893 115 800  631  5253           Polynesie        67      10179      -33                                   
1893 1151200  631  5253           Polynesie        67      10152      -33                                   
1893 1151600  631  5253           Polynesie        67      10165      -33                                   
1893 1152000   36  5424           Polynesie        67      10165      -33                                   
1893 116   0  631  5253           Polynesie        67      10152      -33                                   
1893 116 400  631  5253           Polynesie        46      10179      -33                                   
1893 116 800   36  5424           Polynesie        46      10177      -28                                   
1893 1161200   36  5424           Polynesie        26      10150      -28                                   
1893 1161600   36  5424           Polynesie        26      10178      -33                                   
1893 1162000   36  5479           Polynesie        46      10178      -33                                   
1893 117   0   36  5535           Polynesie        67      10165      -33                                   
1893 117 400  109  5590           Polynesie        46      10177      -28                                   
1893 117 800  183  5645           Polynesie        46      10177      -25                                   
1893 1171200  256  5700           Polynesie        26      10150      -22                                   
1893 1171600  329  5756           Polynesie        26      10177      -28                                   
1893 1172000  403  5811           Polynesie        46      10178      -33                                   
1893 118   0  476  5811           Polynesie        26      10177      -28                                   
1893 118 400  550  5811           Polynesie        46      10191      -28                                   
1893 118 800  623  5811           Polynesie        93      10174       -6                                   
1893 1181200  623  5811           Polynesie        93      10161       -6                                   
1893 1181600  623  5811           Polynesie       123      10179      -33                                   
1893 1182000  623  5811           Polynesie       123      10153      -39                                   
1893 119   0  623  5811           Polynesie       123      10154      -44                                   
1893 1231800-2444  8400           Polynesie        67      10203      -50                                   
1893 124 200-2491  8514           Polynesie        67      10188      -39                                   
1893 124 600-2538  8628           Polynesie        67      10202      -39                                   
1893 1241000-2585  8742           Polynesie        67      10190      -44                                   
1893 1241400-2632  8856           Polynesie        67      10191      -50                                   
1893 1241800-2679  8969           Polynesie        93                                                       
1893 1242200-2727  9083           Polynesie        67      10206      -56                                   
1893 125 200-2774  9197           Polynesie        67      10219      -50                                   
1893 125 600-2821  9311           Polynesie        67      10233      -50                                   
1893 1251000-2858  9411           Polynesie        67      10220      -50                                   
1893 1251400-2895  9512           Polynesie        93      10234      -56                                   
1893 1251800-2932  9612           Polynesie       123      10251      -72                                   
1893 1252200-2969  9713           Polynesie        93      10250      -67                                   
1893 126 100-3006  9813           Polynesie        93      10251      -72                                   
1893 126 500-3043  9914           Polynesie        93      10251      -67                                   
1893 126 900-3075 10005           Polynesie       123      10252      -72                                   
1893 1261300-3108 10096           Polynesie       123      10252      -72                                   
1893 1261700-3140 10186           Polynesie       154      10281      -83                                   
1893 1262100-3172 10277           Polynesie       123      10241      -83                                   
1893 127 100-3205 10368           Polynesie       154                 -83                                   
1893 127 500-3237 10459           Polynesie       154      10282      -83                                   
1893 127 900-3266 10569           Polynesie       154      10256      -89                                   
1893 1271300-3296 10679           Polynesie       154      10270      -89                                   
1893 1271700-3325 10789           Polynesie       154      10256      -83                                   
1893 1272100-3354 10899           Polynesie       154      10284      -89                                   
1893 128 100-3384 11009           Polynesie       154      10270      -89                                   
1893 128 500-3413 11119           Polynesie       154      10270      -83                                   
1893 128 900-3442 11229           Polynesie       154      10270      -83                                   
1893 1281200-3472 11339           Polynesie       154      10270      -83                                   
1893 1281600-3499 11568           Polynesie       123                                                       
1893 1282000-3501 11449           Polynesie       123      10244      -83                                   
1893 129   0-3504 11663           Polynesie       123      10243      -78                                   
1893 129 400-3508 11758           Polynesie       123                                                       
1893 129 800-3512 11853           Polynesie                                                                 
1893 1291200-3517 11948           Polynesie       154                                                       
1893 1291600-3521 12043           Polynesie                                                                 
1893 1292000-3525 12138           Polynesie       154                                                       
1893 130   0-3530 12233           Polynesie       154                                                       
1893 130 400-3534 12328           Polynesie       123                                                       
1893 130 800-3538 12443           Polynesie       123                                                       
1893 1301200-3542 12559           Polynesie                                                                 
1893 1301600-3545 12674           Polynesie        46                                                       
1893 1301900-3549 12789           Polynesie                                                                 
1893 1302300-3553 12905           Polynesie       123                                                       
1893 131 300-3557 13020           Polynesie       123                                                       
1893 131 700-3561 13138           Polynesie        67                                                       
1893 1311100-3565 13257           Polynesie        46                                                       
1893 1311500-3568 13375           Polynesie        46                                                       
1893 1311900-3572 13493           Polynesie        26                                                       
1893 1312300-3576 13612           Polynesie         0                                                       
1893 2 1 300-3580 13730           Polynesie        26                                                       
1893 2 1 700-3584 13848           Polynesie        26                                                       
1893 2 11100-3588 13967           Polynesie                                                                 
1893 2 11500-3591 14085           Polynesie        46                                                       
1893 2 11900-3595 14203           Polynesie        46                                                       
1893 2 2 600-3599 14322           Polynesie        46                                                       
1893 2 21000-3603 14440           Polynesie        46                                                       
1893 2 21800-3607 14558           Polynesie        67                                                       
1893 2 71400-3018 15601           Polynesie        93      10168      -50                                   
1893 2 72200-3018 15601           Polynesie        93      10168      -50                                   
1893 2 8 200-3018 15601           Polynesie        93      10168      -50                                   
1893 2 8 600-3018 15601           Polynesie       123      10154      -50                                   
1893 2 81000-3018 15601           Polynesie       123      10168      -50                                   
1893 2 81400-3018 15601           Polynesie        93      10168      -50                                   
1893 2 81800-3018 15601           Polynesie        67      10153      -44                                   
1893 2 82200-3018 15601           Polynesie        26      10166      -39                                   
1893 2 9 100-2632 16115           Polynesie        46      10148      -33                                   
1893 2 9 500-2632 16115           Polynesie        46      10148      -28                                   
1893 2 9 900-2632 16115           Polynesie        67      10161      -28                                   
1893 2 91300-2632 16115           Polynesie        67      10161      -28                                   
1893 2 91700-2632 16115           Polynesie        93      10162      -33                                   
1893 2 92100-2632 16115           Polynesie        93      10173      -22                                   
1893 210 100-2254 16605           Polynesie        46      10171      -22                                   
1893 210 500-2216 16627           Polynesie        46      10156      -17                                   
1893 210 900-2216 16627           Polynesie         0      10157      -22                                   
1893 2101300-2216 16627           Polynesie         0      10158      -28                                   
1893 2101700-2216 16627           Polynesie         0      10158      -28                                   
1893 2102100-2216 16627           Polynesie        46      10157      -22                                   
1893 211 100-2216 16627           Polynesie        46      10154       -6                                   
1893 211 500-2254 16646           Polynesie        46      10155      -11                                   
1893 211 900-2254 16646           Polynesie        46      10157      -22                                   
1893 2111300-2254 16646           Polynesie        46      10172      -33                                   
1893 2111700-2254 16646           Polynesie        26      10159      -33                                   
1893 2112100-2254 16646           Polynesie        46      10156      -17                                   
1893 212 100-2254 16646           Polynesie        67      10156      -17                                   
1893 212 500-2254 16646           Polynesie        67      10155       -6                                   
1893 212 900-2254 16646           Polynesie        46      10158      -28                                   
1893 2121300-2216 16627           Polynesie        46      10172      -33                                   
1893 2121500-2235 16616           Polynesie        26      10172      -33                                   
1893 2121700-2254 16605           Polynesie        26      10172      -33                                   
1893 3 11500-3492 13860           Polynesie        67                                                       
1893 3 2 700-3492 13860           Polynesie        67      10175      -72                                   
1893 3 21100-3492 13860           Polynesie        67                 -72                                   
1893 3 3 300-3514 13491           Polynesie        67                                                       
1893 3 4 300-3536 13123           Polynesie        93                                                       
1893 3 5 400-3535 12529           Polynesie        10                                                       
1893 3 6 400-3505 11632           Polynesie        67                                                       
1893 3 61700-3104 10227           Polynesie        67      10183      180                                   
1893 3 7 500-3318 10912           Polynesie                                                                 
1893 3 7 900-3104 10227           Polynesie        46      10225      -72                                   
1893 3 71300-3104 10227           Polynesie        67      10225      -72                                   
1893 3 71700-3104 10227           Polynesie        67      10226      -78                                   
1893 3 72100-3104 10227           Polynesie        46      10226      -78                                   
1893 3 8 100-3104 10227           Polynesie        26      10226      -78                                   
1893 3 8 500-3104 10227           Polynesie         0      10212      -72                                   
1893 3 8 900-3104 10227           Polynesie        26      10198      -67                                   
1893 3 81300-3104 10227           Polynesie        46      10183      -61                                   
1893 3 81700-3104 10227           Polynesie        67      10171      -67                                   
1893 3 82100-3104 10227           Polynesie        93      10172      -72                                   
1893 3 9 100-3104 10227           Polynesie        93      10199      -72                                   
1893 3 9 600-2839  9605           Polynesie        67      10209      -67                                   
1893 3 91000-2839  9605           Polynesie        67      10209      -67                                   
1893 3 91400-2839  9605           Polynesie        67      10209      -67                                   
1893 3 91500-3492 13860           Polynesie        67                                                       
1893 3 91800-2839  9605           Polynesie        67      10235      -61                                   
1893 3 91900-3492 13860           Polynesie        67                                                       
1893 3 92200-2839  9605           Polynesie        67      10235      -61                                   
1893 310 200-2839  9605           Polynesie        67      10234      -56                                   
1893 310 600-2547  8953           Polynesie        67      10231      -50                                   
1893 310 700-3492 13860           Polynesie        67      10175      -72                                   
1893 3101000-2547  8953           Polynesie        67      10217      -50                                   
1893 3101100-3492 13860           Polynesie        67                 -72                                   
1893 3101400-2547  8953           Polynesie        67      10217      -50                                   
1893 3101800-2547  8953           Polynesie        67      10231      -50                                   
1893 3102200-2547  8953           Polynesie        67      10217      -50                                   
1893 311 200-2547  8953           Polynesie        67      10229      -39                                   
1893 311 600-2253  8342           Polynesie        93      10212      -33                                   
1893 3111000-2253  8342           Polynesie        93      10212      -33                                   
1893 3111400-2253  8342           Polynesie        93      10227      -39                                   
1893 3111800-2253  8342           Polynesie        93      10227      -39                                   
1893 3111900-1100  1100           Polynesie        67      10173      -72                                   
1893 3112200-2253  8342           Polynesie        93      10200      -39                                   
1893 312 200-2253  8342           Polynesie        93      10198      -28                                   
1893 312 700-1934  7749           Polynesie        93      10182      -22                                   
1893 319   0  406  5329           Polynesie        93                 -33                                   
1893 321 900 1308  4310           Polynesie        93      10140      -28                                   
1893 3212100 1977  3926           Polynesie       123      10173      -50                                   
1893 322 900 1850  3945           Polynesie        26      10128      -22                                   
1893 3221300 2064  3864           Polynesie        26      10116      -22                                   
1893 3221700 2150  3801           Polynesie        93      10119      -39                                   
1893 3222200 2236  3739           Polynesie        67      10193      -78                                   
1893 323 200 2323  3676           Polynesie       123                 -56                                   
1893 3231000 2409  3614           Polynesie       123      10208      -78                                   
1893 3231400 2495  3551           Polynesie        93      10195      -78                                   
1893 3231800 2582  3489           Polynesie         0      10195      -78                                   
1893 3232200 2668  3426           Polynesie         0      10242     -111                                   
1893 324 200 2754  3364           Polynesie        93      10199      -89                                   
1893 324 600 2841  3301           Polynesie        93      10202     -106                                   
1893 3241000 2927  3239           Polynesie        93      10202     -100                                   
1893 3241400 2993  3236           Polynesie        26      10215      -94                                   
1893 3241800 3060  3232           Polynesie        26      10230     -100                                   
1893 3242200 3126  3229           Polynesie        67      10191     -106                                   
1893 325 200 3126  3229           Polynesie         0      10245     -111                                   
1893 325 600 3126  3229           Polynesie         0      10233     -117                                   
1893 3251000 3126  3229           Polynesie         0      10213      -78                                   
1893 3251400 3126  3229           Polynesie        26      10205     -111                                   
1893 3251800 3126  3229           Polynesie        26      10203     -100                                   
1893 3252200 3171  3131           Polynesie        93      10179     -111                                   
1893 326 200 3217  3033           Polynesie        67      10191     -100                                   
1893 326 600 3262  2935           Polynesie        26      10178     -100                                   
1893 3261000 3308  2837           Polynesie         0      10165     -100                                   
1893 3261400 3369  2658           Polynesie        67      10154     -111                                   
1893 3261800 3430  2480           Polynesie        93      10165      -94                                   
1893 327 600 3492  2301           Polynesie        67                -111                                   
1893 3271100 3553  2123           Polynesie         0      10222     -111                                   
1894 1 3   0 4103   738           Polynesie       154      10087     -150                                   
1894 1 32000 4103   738           Polynesie        67      10126     -144                                   
1894 1 4   0 4103   738           Polynesie        93      10149     -122                                   
1894 1 4 400 4103   738           Polynesie       123      10046     -144                                   
1894 1 4 800 4103   738           Polynesie        93      10047     -150                                   
1894 1 41200 4103   738           Polynesie        26      10087     -150                                   
1894 1 41600 4103   738           Polynesie        67      10097     -128                                   
1894 1 42000 4103   738           Polynesie        67      10122     -122                                   
1894 1 42300 3745  1349           Polynesie        93      10195     -100                                   
1894 1 5 400 4103   738           Polynesie        67      10161     -111                                   
1894 1 5 800 4103   738           Polynesie        10      10174     -111                                   
1894 1 51100 3745  1349           Polynesie         0      10196     -106                                   
1894 1 51500 3745  1349           Polynesie        26      10195     -100                                   
1894 1 51900 3745  1349           Polynesie        67      10195     -100                                   
1894 1 52300 3549  1958           Polynesie        67      10193      -94                                   
1894 1 6 300 3745  1349           Polynesie       154      10224     -111                                   
1894 1 6 700 3745  1349           Polynesie       154      10224     -111                                   
1894 1 61100 3549  1958           Polynesie       154      10223     -117                                   
1894 1 61500 3549  1958           Polynesie        46      10208     -106                                   
1894 1 61900 3549  1958           Polynesie        46      10194     -100                                   
1894 1 62200 3257  2600           Polynesie        46      10215      -83                                   
1894 1 7 300 3549  1958           Polynesie        67      10192      -89                                   
1894 1 7 700 3549  1958           Polynesie        67      10219      -89                                   
1894 1 71000 3257  2600           Polynesie        67      10202      -83                                   
1894 1 71400 3257  2600           Polynesie        67      10202      -83                                   
1894 1 71800 3257  2600           Polynesie        67      10215      -83                                   
1894 1 72200 3257  2909           Polynesie        46                                                       
1894 1 8 200 3116  3218           Polynesie        46      10203     -100                                   
1894 1 8 600 3116  3225           Polynesie        26      10216      -94                                   
1894 1 81000 3080  3232           Polynesie        26      10239      -78                                   
1894 1 81800 2747  3125           Polynesie                           -89                                   
1894 1 82200 2747  3125           Polynesie                                                                 
1894 1 9 200 2747  3125           Polynesie        26      10216     -111                                   
1894 1 9 600 2747  3125           Polynesie        46      10223      -78                                   
1894 1 91000 2747  3125           Polynesie        26      10207      -61                                   
1894 1 91400 2747  3125           Polynesie        10      10193      -56                                   
1894 1 91800 2747  3125           Polynesie        10      10205      -50                                   
1894 1 92200 2747  3125           Polynesie                                                                 
1894 110 200 2747  3125           Polynesie        26      10192      -50                                   
1894 110 600 2747  3125           Polynesie        46      10192      -50                                   
1894 1101000 2747  3458           Polynesie        46      10188      -28                                   
1894 1131700 1151  4856           Polynesie        67      10208      -44                                   
1894 1132100 1151  4856           Polynesie        67                                                       
1894 114 100 1151  4856           Polynesie        46                                                       
1894 114 500 1151  4856           Polynesie        26                 -39                                   
1894 114 900 1151  4856           Polynesie        26                 -39                                   
1894 1141300 1151  4856           Polynesie        67      10181      -39                                   
1894 1141700 1151  4856           Polynesie        67      10181      -39                                   
1894 1142100 1151  4856           Polynesie        67                                                       
1894 115 100 1151  4856           Polynesie        67                 -39                                   
1894 115 500 1151  4856           Polynesie        67      10193      -33                                   
1894 115 900  603  5044           Polynesie        67      10178      -33                                   
1894 1151300  603  5044           Polynesie        67      10192      -33                                   
1894 1151700  603  5044           Polynesie        67      10192      -33                                   
1894 1152100  603  5044           Polynesie        46                                                       
1894 116 100  603  5044           Polynesie        46                 -39                                   
1894 116 500  603  5044           Polynesie        46      10165      -33                                   
1894 116 900   15  5157           Polynesie        46                                                       
1894 1161300   15  5157           Polynesie        46      10125      -33                                   
1894 1161700   15  5157           Polynesie        26                                                       
1894 1162100   15  5157           Polynesie        26                                                       
1894 117 100   15  5157           Polynesie         0      10138      -33                                   
1894 117 500   15  5217           Polynesie        10                                                       
1894 117 800   15  5276           Polynesie        10                                                       
1894 1171200   15  5336           Polynesie        46                                                       
1894 1171600   15  5395           Polynesie        10                                                       
1894 1172000   15  5455           Polynesie        10                                                       
1894 118   0   15  5515           Polynesie        10                                                       
1894 118 400   15  5574           Polynesie        10                                                       
1894 118 800   15  5634           Polynesie        10                                                       
1894 1181200   15  5634           Polynesie         0                                                       
1894 1221800-2545  8504           Polynesie        93      10217      -50                                   
1894 1231400-2545  8504           Polynesie        93      10217      -50                                   
1894 1231800-2545  8504           Polynesie        67      10206      -61                                   
1894 1232200-2545  8504           Polynesie        93      10204      -50                                   
1894 124 200-2545  8504           Polynesie        93      10204      -50                                   
1894 124 600-2545  8504           Polynesie        93      10217      -50                                   
1894 1241000-2545  8504           Polynesie        67      10191      -56                                   
1894 1241400-2601  8615           Polynesie        67      10206      -61                                   
1894 1241800-2657  8725           Polynesie        10      10195      -72                                   
1894 1242200-2714  8836           Polynesie        46      10209      -72                                   
1894 125 200-2770  8946           Polynesie        46      10194      -61                                   
1894 125 600-2826  9057           Polynesie        46      10209      -67                                   
1894 1251000-2826  9057           Polynesie        46      10195      -67                                   
1894 1251400-2872  9057           Polynesie        26      10210      -72                                   
1894 1251800-2919  9218           Polynesie        10      10184      -72                                   
1894 1252200-2965  9380           Polynesie        10      10197      -72                                   
1894 126 200-3012  9541           Polynesie         0      10197      -67                                   
1894 126 600-3058  9703           Polynesie         0      10196      -61                                   
1894 126 900-3058  9810           Polynesie        10      10183      -61                                   
1894 1261300-3058  9918           Polynesie        10      10184      -67                                   
1894 1261700-3119 10025           Polynesie        26      10159      -72                                   
1894 1262100-3179 10132           Polynesie        26      10173      -72                                   
1894 127 100-3240 10240           Polynesie        26      10186      -67                                   
1894 127 500-3301 10347           Polynesie        26      10173      -67                                   
1894 127 900-3301 10547           Polynesie        46      10159      -67                                   
1894 1271300-3301 10547           Polynesie        46      10174      -72                                   
1894 1272100-3349 10732           Polynesie        46      10162      -78                                   
1894 128 100-3397 10916           Polynesie        67      10161      -72                                   
1894 128 500-3445 11101           Polynesie        93      10162      -78                                   
1894 128 900-3316 11101           Polynesie        93      10160      -72                                   
1894 1281200-3503 11544           Polynesie       123      10176      -78                                   
1894 1281600-3503 11544           Polynesie        93                                                       
1894 1282000-3503 11544           Polynesie                10177      -83                                   
1894 129   0-3503 11544           Polynesie        67      10216      -78                                   
1894 129 400-3503 11544           Polynesie        67      10216      -78                                   
1894 129 800-3503 11544           Polynesie        67      10230      -78                                   
1894 1291200-3503 11544           Polynesie        93      10231      -83                                   
1894 1291600-3503 11544           Polynesie        93                                                       
1894 1292000-3503 11544           Polynesie        93      10245      -89                                   
1894 130   0-3503 11544           Polynesie        93                 -89                                   
1894 130 400-3517 12249           Polynesie        67                 -89                                   
1894 130 800-3532 12249           Polynesie        67      10218      -89                                   
1894 1301200-3546 12249           Polynesie                10232      -89                                   
1894 1301600-3560 12249           Polynesie                                                                 
1894 1302000-3574 12249           Polynesie        93      10220      -94                                   
1894 131   0-3589 12249           Polynesie                                                                 
1894 2 2 300-3810 13819           Polynesie        46      10233      -83                                   
1894 2 2 700-3810 13819           Polynesie        46      10233      -83                                   
1894 2 51000-3400 15100           Polynesie        46                                                       
1894 2 61100 3549  1958           Polynesie       154      10223     -117                                   
1894 2 61500 3491  2086           Polynesie        46      10207     -106                                   
1894 2 61900 3432  2215           Polynesie        46      10193     -100                                   
1894 2 7 200 3374  2343           Polynesie        67      10190      -89                                   
1894 2 7 600 3315  2472           Polynesie        67      10217      -89                                   
1894 2 71000 3257  2600           Polynesie        67      10202      -83                                   
1894 2 71400 3199  2728           Polynesie        67      10201      -83                                   
1894 2 71800 3140  2857           Polynesie                                                                 
1894 2 8 200 3082  2985           Polynesie        46      10203     -100                                   
1894 2 8 600 3023  3114           Polynesie        26      10215      -94                                   
1894 2 8 900 2700 15800           Polynesie        26      10136      -33                                   
1894 2 81000 2965  3242           Polynesie        26      10238      -78                                   
1894 2 81400 2907  3370           Polynesie        26                                                       
1894 2111300-2542 16011           Polynesie        46      10039      -22                                   
1894 2121700-2542 16011           Polynesie        46      10040      -28                                   
1894 2122100-2542 16011           Polynesie        26      10039      -22                                   
1894 213 100-2542 16011           Polynesie        26      10051      -11                                   
1894 213 500-2542 16011           Polynesie        26      10037       -6                                   
1894 213 900-2542 16011           Polynesie        10      10052      -17                                   
1894 2131300-2542 16011           Polynesie                10054      -28                                   
1894 2131700-2542 16011           Polynesie        10      10055      -33                                   
1894 2132100-2542 16011           Polynesie        10      10054      -28                                   
1894 214 100-2542 16011           Polynesie        10      10049        0                                   
1894 214 500-2542 16011           Polynesie        10      10036        0                                   
1894 214 900-2542 16011           Polynesie         0      10040      -28                                   
1894 2141300-2542 16011           Polynesie                                                                 
1894 2141700-2542 16011           Polynesie         0      10041      -33                                   
1894 2142100-2542 16011           Polynesie         0      10040      -28                                   
1894 215 100-2542 16011           Polynesie         0      10033       17                                   
1894 215 500-2542 16011           Polynesie         0      10037       -6                                   
1894 215 900-2542 16011           Polynesie         0      10053      -22                                   
1894 2151300-2542 16011           Polynesie                                                                 
1894 2151700-2542 16011           Polynesie         0      10039      -22                                   
1894 2152100-2542 16011           Polynesie        10      10050       -6                                   
1894 216 100-2542 16011           Polynesie        10      10049        0                                   
1894 216 500-2542 16011           Polynesie        26      10050       -6                                   
1894 216 900-2542 16011           Polynesie        26      10079      -22                                   
1894 2161400-2944 15447           Polynesie       154      10099      -44                                   
1894 2161700-2542 16011           Polynesie        46      10094      -28                                   
1894 2162100-2542 16011           Polynesie        46      10080      -28                                   
1894 217 100-2542 16011           Polynesie        46      10094      -28                                   
1894 217 500-2542 16011           Polynesie        46      10094      -28                                   
1894 2171000-2944 15447           Polynesie       123      10100      -50                                   
1894 2171400-2944 15447           Polynesie       123      10142      -61                                   
1894 2171800-2944 15447           Polynesie       154      10100      -50                                   
1894 2172200-2944 15447           Polynesie       123      10113      -44                                   
1894 218 200-2944 15447           Polynesie       123      10099      -44                                   
1894 218 600-2944 15447           Polynesie       123      10113      -44                                   
1894 2181000-2944 15447           Polynesie       123      10115      -56                                   
1894 2181400-3352 15447           Polynesie         0      10157      -50                                   
1894 2181800-2944 15447           Polynesie       123      10141      -56                                   
1894 2182200-2944 15447           Polynesie        93      10154      -50                                   
1894 219 200-3352 15391           Polynesie        67      10156      -44                                   
1894 219 600-3352 15336           Polynesie        46      10156      -44                                   
1894 2191000-3352 15280           Polynesie        26                                                       
1894 2191400-3352 15224           Polynesie         0      10144      -50                                   
1894 2191800-3352 15169           Polynesie        10      10133      -67                                   
1894 2192200-3352 15113           Polynesie        10      10131      -56                                   
1894 220 200-3352 15113           Polynesie        26      10129      -44                                   
1894 220 600-3352 15113           Polynesie        26      10129      -39                                   
1894 2201000-3352 15113           Polynesie         0      10142      -39                                   
1894 2201400-3352 15113           Polynesie         0      10102      -39                                   
1894 2201800-3352 15113           Polynesie         0      10145      -56                                   
1894 2202200-3352 15113           Polynesie        10      10143      -44                                   
1894 221 200-3352 15113           Polynesie        26                 -33                                   
1894 221 600-3352 15113           Polynesie        67      10112      -22                                   
1894 2211000-3352 15113           Polynesie        46                 -33                                   
1894 2211800-3352 15113           Polynesie        26      10089      -44                                   
1894 2212200-3352 15113           Polynesie        46      10103      -44                                   
1894 222 200-3352 15113           Polynesie        67      10104      -50                                   
1894 222 600-3352 15113           Polynesie        67                                                       
1894 2221700-3188 10668           Polynesie        93      10222      -50                                   
1894 2231300-3059 10235           Polynesie        93      10221      -50                                   
1894 2231700-2931  9802           Polynesie        67      10209      -61                                   
1894 2232200-2802  9370           Polynesie        93      10206      -50                                   
1894 224 200-2674  8937           Polynesie        93      10205      -50                                   
1894 224 600-2545  8504           Polynesie        93                 -50                                   
1894 2241000-2592  8596           Polynesie        67      10192      -56                                   
1894 2241400-2639  8688           Polynesie        67      10206      -61                                   
1894 2241800-2685  8780           Polynesie        10      10195      -72                                   
1894 2242200-2732  8873           Polynesie        46      10209      -72                                   
1894 225 200-2779  8965           Polynesie        46      10194      -61                                   
1894 225 600-2826  9057           Polynesie        46      10209      -67                                   
1894 2251000-2865  9165           Polynesie        46      10196      -67                                   
1894 2251400-2903  9272           Polynesie        26      10197      -72                                   
1894 2251800-2942  9380           Polynesie        10      10184      -72                                   
1894 2252200-2981  9488           Polynesie        10      10198      -72                                   
1894 226 200-3019  9595           Polynesie         0      10197      -67                                   
1894 226 600-3058  9703           Polynesie         0      10196      -61                                   
1894 226 900-3097  9811           Polynesie        10      10183      -61                                   
1894 2261300-3135  9918           Polynesie        10      10185      -67                                   
1894 2262100-3174 10026           Polynesie        26      10173      -72                                   
1894 3 51200-3535 12126           Polynesie        93      10203      -78                                   
1894 3 91400-2657  9340           Polynesie        10      10193      -61                                   
1894 3 91800-2657  9237           Polynesie        26                                                       
1894 3 92200-2657  9135           Polynesie        26      10208      -72                                   
1894 310 200-2657  9032           Polynesie        67      10220      -61                                   
1894 310 600-2657  8929           Polynesie        67      10219      -56                                   
1894 3101000-2657  8826           Polynesie        93                                                       
1894 3101400-2657  8723           Polynesie        67      10218      -50                                   
1894 3101800-2657  8620           Polynesie        67                                                       
1894 3102200-2657  8518           Polynesie        67      10218      -50                                   
1894 311 200-2657  8415           Polynesie        67      10231      -50                                   
1894 311 600-2403  8312           Polynesie        93      10228      -39                                   
1894 3111100-2403  8213           Polynesie        93                                                       
1894 3111500-2403  8114           Polynesie        93                                                       
1894 3111900-2403  8014           Polynesie        93                                                       
1894 3112300-2403  7915           Polynesie        93      10215      -44                                   
1894 312 300-2403  7816           Polynesie        93      10200      -33                                   
1894 312 700-2052  7717           Polynesie        93      10196      -22                                   
1894 3121100-1998  7618           Polynesie        93                                                       
1894 3121500-1945  7519           Polynesie       123                                                       
1894 3121900-1891  7419           Polynesie                                                                 
1894 3122300-1837  7320           Polynesie       123                                                       
1894 313 300-1784  7221           Polynesie       123                                                       
1894 313 700-1730  7122           Polynesie       123                                                       
1894 3131100-1730  7023           Polynesie        93                                                       
1894 3131500-1730  6924           Polynesie        67                                                       
1894 3132300-1730  6824           Polynesie        67                                                       
1894 314 400-1730  6725           Polynesie        46                                                       
1894 314 800-1400  6626           Polynesie        46                                                       
1894 3141200-1400  6527           Polynesie        46                                                       
1894 315 800-1000  6101           Polynesie        67      10139      -28                                   
1894 3172100 1520  4240           Polynesie        67                 267                                   
1894 318 900  -53  5231           Polynesie        26                 -22                                   
1894 318 900 1520  4240           Polynesie        67      10078      272                                   
1894 3182100 1455  4402           Polynesie        26                                                       
1894 319 100 1390  4564           Polynesie        46                 -28                                   
1894 319 900 1325  4726           Polynesie        10      10103      278                                   
1894 3192100 1260  4888           Polynesie        46      10102      261                                   
1894 320 900 1260  5050           Polynesie        46      10091      267                                   
1894 3202000 1190  5652           Polynesie        26      10101      267                                   
1894 321 800 1190  5652           Polynesie        67      10101      267                                   
1894 3212000 1000  6241           Polynesie        46      10095      278                                   
1894 322 800 1000  6241           Polynesie        46      10102      278                                   
1894 3222000  975  6540           Polynesie                                                                 
1894 323 700  950  6840           Polynesie        10      10098      261                                   
1894 3231900  847  7143           Polynesie        26                                                       
1894 3232100 2641  4045           Polynesie        46      10126      -61                                   
1894 324 700  744  7446           Polynesie        10      10096      289                                   
1894 3241400 2501  3331           Polynesie        93                 -44                                   
1894 3241700 2686  3944           Polynesie        67      10112      -50                                   
1894 3241900  671  7596           Polynesie        26                 289                                   
1894 3242100 2731  3843           Polynesie        67      10046      -56                                   
1894 325 200 2777  3743           Polynesie        26      10104      -78                                   
1894 325 600 2822  3642           Polynesie         0      10091      -78                                   
1894 325 700  597  7746           Polynesie        26      10089      311                                   
1894 3251000 2867  3541           Polynesie        26      10060      -50                                   
1894 3251400 2912  3440           Polynesie        67      10018      -39                                   
1894 3251800 2957  3339           Polynesie        67      10043      -28                                   
1894 3251900  524  7896           Polynesie        46                 289                                   
1894 3252200 3002  3238           Polynesie       123      10137     -106                                   
1894 326 200 3048  3138           Polynesie        46      10053      -83                                   
1894 326 600 3093  3037           Polynesie        67      10076      -56                                   
1894 326 700  451  8046           Polynesie        26      10091      294                                   
1894 3261000 3138  2936           Polynesie        93      10079      -72                                   
1894 3261400 3183  2835           Polynesie       123      10080      -78                                   
1894 3261800 3228  2734           Polynesie        93      10135      -83                                   
1894 3261900  233  8237           Polynesie                                                                 
1894 3262200 3273  2633           Polynesie         0      10167     -117                                   
1894 327 200 3319  2533           Polynesie       123                -111                                   
1894 327 600 3364  2432           Polynesie        93                -100                                   
1894 327 600   15  8429           Polynesie        93      10077      294                                   
1894 3271000 3409  2331           Polynesie                10166     -100                                   
1894 3271500 3448  2211           Polynesie        46      10140     -106                                   
1894 3271800 -217  8627           Polynesie        26      10083      283                                   
1894 3271900 3488  2092           Polynesie        10      10167     -106                                   
1894 3272300 3527  1972           Polynesie        26      10235     -111                                   
1894 328 300 3566  1852           Polynesie        46      10143     -117                                   
1894 328 600 -450  8825           Polynesie        67      10065      289                                   
1894 328 700 3606  1733           Polynesie        93      10157     -117                                   
1894 3281100 3645  1613           Polynesie        93      10198     -122                                   
1894 3281500 3718  1475           Polynesie        93      10211     -117                                   
1894 3281800 -647  9020           Polynesie         0      10091      278                                   
1894 3281900 3792  1337           Polynesie        46      10238     -111                                   
1894 329 300 3865  1199           Polynesie        26      10238     -106                                   
1894 329 600 -844  9215           Polynesie        67      10073      289                                   
1894 329 700 3939  1061           Polynesie        46      10252     -106                                   
1894 3291100 4012   923           Polynesie        46      10265     -100                                   
1894 3291500 4012   923           Polynesie        26      10278     -100                                   
1894 3291800-1081  9385           Polynesie        93      10117      272                                   
1894 330 600-1319  9555           Polynesie        67      10089      283                                   
1894 3301800-1529  9735           Polynesie       123      10126      244                                   
1894 331 500-1739  9916           Polynesie        93      10121      261                                   
1894 3311700-1943 10079           Polynesie        93      10136      222                                   
1894 4 1 500-2148 10242           Polynesie        93      10123      244                                   
1894 5 41100 4139   826           Polynesie                           -83                                   
1894 5 51100 3728  1476           Polynesie                10165      -78                                   
1894 5 61100 3501  2127           Polynesie        10      10203      -78                                   
1894 5 71000 3205  2812           Polynesie                10226      -72                                   
1894 5 81800 2617  3228           Polynesie        93      10163      -39                                   
1894 5 82200 2617  3228           Polynesie       123      10153      -61                                   
1894 5 9 200 2617  3228           Polynesie        93      10140      -61                                   
1894 5 9 600 2617  3228           Polynesie        93      10138      -50                                   
1894 5 91000 2617  3228           Polynesie        67      10135      -33                                   
1894 5 91400 2617  3228           Polynesie        26      10122      -33                                   
1894 5 91800 2617  3228           Polynesie        10      10123      -39                                   
1894 5 92200 2617  3228           Polynesie        10      10123      -39                                   
1894 510 200 2617  3228           Polynesie        46      10123      -39                                   
1894 510 600 2617  3228           Polynesie        46      10121      -28                                   
1894 5101000 2107  3551           Polynesie        46      10130      -22                                   
1894 5101400 2107  3551           Polynesie        10      10115      -17                                   
1894 5101800 2107  3551           Polynesie        26      10115      -17                                   
1894 5102200 2107  3551           Polynesie        26      10115      -17                                   
1894 511 200 2107  3551           Polynesie        10      10115      -17                                   
1894 511 600 2107  3551           Polynesie        26      10128      -11                                   
1894 511 900 1545  3926           Polynesie        26      10125      -11                                   
1894 5111300 1545  3926           Polynesie        10      10111      -11                                   
1894 5111700 1545  3926           Polynesie        10      10100      -22                                   
1894 5112100 1545  3926           Polynesie        26      10112      -17                                   
1894 512 100 1545  3926           Polynesie        10      10112      -17                                   
1894 512 500 1498  4503           Polynesie        10      10124       -6                                   
1894 512 900 1451  4503           Polynesie        46      10121       11                                   
1894 5121300 1404  4503           Polynesie        10      10093       17                                   
1894 5121700 1356  4503           Polynesie        26      10095        6                                   
1894 5122100  839  4958           Polynesie        46      10097      -22                                   
1894 513 100 1309  4503           Polynesie        26      10085      -17                                   
1894 513 500 1262  4503           Polynesie        26      10097      -11                                   
1894 513 900 1215  4503           Polynesie        26      10097      -11                                   
1894 5131300 1168  4503           Polynesie                10069       -6                                   
1894 5131700  839  4958           Polynesie        26      10082      -11                                   
1894 5132100  839  4958           Polynesie                           -22                                   
1894 514 100  839  4958           Polynesie        67      10084      -22                                   
1894 514 500  839  4958           Polynesie        93      10124      -22                                   
1894 514 900  839  4958           Polynesie        67      10137      -22                                   
1894 5141300  839  4958           Polynesie        67      10124      -22                                   
1894 5141700  839  4958           Polynesie        67      10137      -22                                   
1894 5142100  691  5001           Polynesie                                                                 
1894 515 100  542  5043           Polynesie        46      10162      -17                                   
1894 515 500  394  5086           Polynesie        26      10162      -17                                   
1894 515 900  246  5129           Polynesie        10      10162      -17                                   
1894 5151300  246  5129           Polynesie         0      10135      -17                                   
1894 5151700  246  5129           Polynesie        26      10162      -17                                   
1894 517 800  246  5318           Polynesie        67      10162      -19                                   
1894 518 800  246  5507           Polynesie        93      10164      -28                                   
1894 5181600-1143  6229           Polynesie        67                                                       
1894 5182000-1143  6229           Polynesie        67                                                       
1894 519   0-1143  6229           Polynesie        46                                                       
1894 519 400-1143  6229           Polynesie        46                                                       
1894 519 800-1143  6229           Polynesie        46                                                       
1894 5191200-1143  6229           Polynesie        26                                                       
1894 5191600-1143  6229           Polynesie        46                                                       
1894 5192000-1143  6229           Polynesie        46                                                       
1894 520   0-1143  6229           Polynesie        46                                                       
1894 520 400-1143  6229           Polynesie        67                                                       
1894 520 800-1511  6722           Polynesie        67                                                       
1894 5201200-1511  6722           Polynesie        67                                                       
1894 5201600-1511  6722           Polynesie        46                                                       
1894 5202000-1511  6722           Polynesie        46                                                       
1894 521   0-1511  6722           Polynesie        46                                                       
1894 521 400-1511  6722           Polynesie        46                                                       
1894 521 700-1828  7222           Polynesie        46                                                       
1894 5211100-1828  7222           Polynesie        46                                                       
1894 5211500-1828  7222           Polynesie        46                                                       
1894 5211900-1828  7222           Polynesie        46                                                       
1894 5212300-1828  7222           Polynesie        67                                                       
1894 522 300-1828  7222           Polynesie        67                                                       
1894 522 700-2136  7728           Polynesie        93                                                       
1894 5221100-2136  7728           Polynesie        93                                                       
1894 5221500-2136  7728           Polynesie        93                                                       
1894 5221900-2136  7728           Polynesie        93                                                       
1894 5222300-2136  7728           Polynesie        93                                                       
1894 527 500-3333 10614           Polynesie       123      10300     -106                                   
1894 5271600-3522 11847           Polynesie        67      10141     -106                                   
1894 5281200-3522 11847           Polynesie        67      10154     -106                                   
1894 5281600-3522 11847           Polynesie       123      10086      -94                                   
1894 5282000-3522 11847           Polynesie        67      10168     -106                                   
1894 529   0-3522 11847           Polynesie        67      10153      -94                                   
1894 529 400-3522 11847           Polynesie        93      10113     -100                                   
1894 529 800-3522 11847           Polynesie       123      10084      -83                                   
1894 5291200-3522 11847           Polynesie       123      10084      -83                                   
1894 5291600-3552 12614           Polynesie        26      10008     -106                                   
1894 5292000-3522 11847           Polynesie        93      10086      -94                                   
1894 530   0-3522 11847           Polynesie        26      10086      -94                                   
1894 530 400-3552 12614           Polynesie        67      10062     -111                                   
1894 530 800-3552 12614           Polynesie        67      10021     -106                                   
1894 5301200-3552 12614           Polynesie        93      10007     -100                                   
1894 5301500-3605 13340           Polynesie        67      10087      -94                                   
1894 5302000-3552 12614           Polynesie        93      10009     -111                                   
1894 531   0-3552 12614           Polynesie       123      10033      -94                                   
1894 531 300-3605 13340           Polynesie       190      10046      -89                                   
1894 531 700-3605 13340           Polynesie       123      10071      -83                                   
1894 5311100-3605 13340           Polynesie        93      10087      -94                                   
1894 5311500-3605 13340           Polynesie        67      10102     -106                                   
1894 5311900-3605 13340           Polynesie        93      10075     -106                                   
1894 5312300-3605 13340           Polynesie        93      10062     -106                                   
1894 6 1 300-3605 13340           Polynesie        67      10074     -100                                   
1894 6 1 700-3605 13340           Polynesie        67      10074     -100                                   
1894 6 11100-3605 13340           Polynesie        67      10074     -100                                   
1894 6 11900-3617 13439           Polynesie        67      10115     -106                                   
1894 6 12300-3628 13539           Polynesie        67      10157     -117                                   
1894 6 2 300-3640 13638           Polynesie        46      10157     -117                                   
1894 6 2 700-3640 13638           Polynesie        46      10131     -117                                   
1894 7 52100-3111 10332           Polynesie        26      10271     -106                                   
1894 7 6 100-3111 10332           Polynesie        26      10284     -106                                   
1894 7 6 500-3111 10332           Polynesie        10      10267      -83                                   
1894 7 6 900-3111 10332           Polynesie         0      10267      -83                                   
1894 7 61300-3111 10332           Polynesie        10      10282      -94                                   
1894 7 62100-3111 10332           Polynesie         0      10254      -83                                   
1894 7 8 500-3111 10332           Polynesie        67                 -89                                   
1894 7 81300-3111 10332           Polynesie                                                                 
1894 7101000-2556  9113           Polynesie                                                                 
1894 7101800-2508  8512           Polynesie        67      10245      -61                                   
1894 7102200-2508  8512           Polynesie        67      10274      -72                                   
1894 711 200-2508  8512           Polynesie        67      10273      -67                                   
1894 711 600-2508  8512           Polynesie        93      10259      -61                                   
1894 7111000-2508  8512           Polynesie        67      10245      -61                                   
1894 7111400-2508  8512           Polynesie        67      10259      -61                                   
1894 7111900-2012  7911           Polynesie        10      10227      -50                                   
1894 7112200-2508  8512           Polynesie        26      10231      -56                                   
1894 712 200-2508  8512           Polynesie        26      10230      -50                                   
1894 712 700-2012  7911           Polynesie        10      10226      -44                                   
1894 7121100-2012  7911           Polynesie        10      10213      -44                                   
1894 7121500-2012  7911           Polynesie        10      10214      -50                                   
1894 7121900-1705  7524           Polynesie       123      10210      -39                                   
1894 7122300-2012  7911           Polynesie        26      10214      -50                                   
1894 713 300-2012  7911           Polynesie        46      10213      -44                                   
1894 713 700-1705  7524           Polynesie        67      10209      -33                                   
1894 7131100-1705  7524           Polynesie        67      10208      -28                                   
1894 7131500-1705  7524           Polynesie        93      10210      -39                                   
1894 7132000-1705  6744           Polynesie        93      10197      -39                                   
1894 7132300-1705  7524           Polynesie       123      10197      -39                                   
1894 714 300-1705  7524           Polynesie       123      10196      -33                                   
1894 714 800-1533  6744           Polynesie       123      10193      -22                                   
1894 7141200-1360  6744           Polynesie       123      10180      -28                                   
1894 7141600-1188  6744           Polynesie       123                 -33                                   
1894 7142000-1016  6214           Polynesie        10      10180      -33                                   
1894 715   0-1016  6744           Polynesie        93      10180      -33                                   
1894 715 400-1016  6744           Polynesie        93                 -33                                   
1894 715 800-1016  6214           Polynesie        93      10180      -33                                   
1894 7151200-1016  6214           Polynesie        46      10153      -33                                   
1894 7151600-1016  6214           Polynesie        26      10180      -33                                   
1894 7152000  646  5649           Polynesie        67      10179      -33                                   
1894 716   0  646  5649           Polynesie        26      10166      -39                                   
1894 716 400  646  5649           Polynesie        46      10179      -33                                   
1894 716 800  646  5649           Polynesie        46      10176      -17                                   
1894 7161200  646  5649           Polynesie        67      10165      -33                                   
1894 7161600  646  5649           Polynesie        67      10165      -33                                   
1894 7162000  646  5649           Polynesie        46      10179      -39                                   
1894 717   0  646  5649           Polynesie        67      10165      -33                                   
1894 717 400  646  5528           Polynesie        46      10166      -39                                   
1894 717 800  646  5528           Polynesie        46      10153      -39                                   
1894 7171200  646  5528           Polynesie        26      10153      -39                                   
1894 7171600  646  5528           Polynesie        26      10179      -33                                   
1894 7172100  646  5223           Polynesie        67      10166      -39                                   
1894 718   0  646  5649           Polynesie        46      10152      -33                                   
1894 718 400  300  5436           Polynesie        46      10164      -28                                   
1894 718 900  -45  5223           Polynesie        46      10149      -22                                   
1894 7181300  -45  5223           Polynesie        46      10137      -28                                   
1894 7181700  -45  5223           Polynesie        67      10165      -33                                   
1894 7182100  458  5016           Polynesie       154      10139      -39                                   
1894 719 100  -45  5223           Polynesie        93      10151      -33                                   
1894 719 500  -45  5223           Polynesie        93      10165      -33                                   
1894 719 900  458  5016           Polynesie       123      10165      -33                                   
1894 7191300  458  5016           Polynesie       154      10138      -33                                   
1894 7191700  458  5016           Polynesie       154      10139      -39                                   
1894 7192100 1058  4928           Polynesie        46      10083      -11                                   
1894 720 100  458  5016           Polynesie       154      10127      -44                                   
1894 720 500  458  5016           Polynesie       154      10128      -50                                   
1894 720 900 1058  4928           Polynesie       154      10102      -44                                   
1894 7201300 1058  4928           Polynesie       123      10058      -22                                   
1894 7201700 1058  4928           Polynesie        26      10055       -6                                   
1894 7202100 1280  4419           Polynesie        46      10061      -33                                   
1894 721 100 1268  4419           Polynesie        46      10084      -11                                   
1894 721 500 1257  4419           Polynesie       190      10086      -28                                   
1894 721 900 1245  4419           Polynesie       190      10102      -44                                   
1894 7211300 1234  4419           Polynesie        67      10074      -33                                   
1894 7211700 1234  4419           Polynesie         0      10061      -33                                   
1894 7212100 1236  4116           Polynesie        26      10069       -6                                   
1894 722 100 1280  4249           Polynesie        46      10061      -33                                   
1894 722 500 1280  4383           Polynesie        26      10075      -39                                   
1894 722 900 1236  4516           Polynesie        26      10057      -11                                   
1894 7221300 1236  4516           Polynesie        26      10055        0                                   
1894 7221700 1236  4516           Polynesie        46      10069       -6                                   
1894 7222100 1742  3806           Polynesie        26      10072       -6                                   
1894 723 100 1236  4516           Polynesie        10      10070      -11                                   
1894 723 500 1236  4516           Polynesie        10      10068        0                                   
1894 723 900 1742  3806           Polynesie        10      10097        0                                   
1894 7231300 1742  3806           Polynesie        67      10071        0                                   
1894 7231700 1742  3806           Polynesie        46      10072       -6                                   
1894 7232200 2242  3456           Polynesie        46      10063      -17                                   
1894 724 100 1742  3806           Polynesie        10      10072       -6                                   
1894 724 500 1742  3806           Polynesie        26      10072       -6                                   
1894 7241000 2242  3456           Polynesie        26      10087        0                                   
1894 7241400 2242  3456           Polynesie        26      10074        0                                   
1894 7241800 2242  3456           Polynesie        46      10075      -11                                   
1894 7242200 2748  3123           Polynesie        26      10068      -22                                   
1894 725 200 2242  3456           Polynesie        67      10049      -11                                   
1894 725 600 2242  3456           Polynesie        67      10063      -17                                   
1894 7251000 2748  3123           Polynesie        67      10067      -17                                   
1894 7251400 2748  3123           Polynesie        26      10053      -17                                   
1894 7251800 2748  3123           Polynesie        26      10052      -11                                   
1894 7252200 2442  3230           Polynesie        26      10081      -33                                   
1894 726 200 2539  3230           Polynesie        10      10068      -33                                   
1894 726 600 2635  3230           Polynesie         0      10062        6                                   
1894 7261000 2732  3230           Polynesie        26      10060       22                                   
1894 7261400 2829  3230           Polynesie        46      10065       -6                                   
1894 7261800 2925  3230           Polynesie        26      10070      -28                                   
1894 7262200 3022  2556           Polynesie         0      10139      -39                                   
1894 727 200 3119  3230           Polynesie        10      10087      -39                                   
1894 727 600 3215  3230           Polynesie         0      10100      -33                                   
1894 7271000 3312  2556           Polynesie         0      10114      -33                                   
1894 7271400 3409  2556           Polynesie        26      10128      -33                                   
1894 7271800 3505  2556           Polynesie         0      10129      -33                                   
1894 7272300 3602  1840           Polynesie        10      10170      -33                                   
1894 728 200 3602  2556           Polynesie         0      10144      -39                                   
1894 728 600 3602  2556           Polynesie        10      10156      -33                                   
1894 7281100 3602  1840           Polynesie        10      10169      -28                                   
1894 7281500 3602  1840           Polynesie        10      10155      -22                                   
1894 7281900 3602  1840           Polynesie        10      10169      -28                                   
1894 7282300 3904  1149           Polynesie        10      10202      -50                                   
1894 729 300 3602  1840           Polynesie         0      10170      -33                                   
1894 729 700 3602  1840           Polynesie         0      10184      -39                                   
1894 7291100 3904  1149           Polynesie         0      10200      -39                                   
1894 7291500 3904  1149           Polynesie         0      10186      -33                                   
1894 7291900 3904  1149           Polynesie         0      10201      -44                                   
1894 730 300 3904  1149           Polynesie        67      10175      -50                                   
1894 730 700 3904  1149           Polynesie        26      10189      -50                                   
1894 7301200 4224   440           Polynesie        67      10206      -56                                   
1894 7301600 4224   440           Polynesie        67      10180      -61                                   
1895 3221900-2305  7954           Polynesie                10257      -58                                   
1895 324 600-2545  8530           Polynesie                10257      -50                                   
1895 5122100 1213  4630           Polynesie        10                 -17                                   
1895 513 100 1213  4630           Polynesie        10                 -17                                   
1895 513 500 1213  4630           Polynesie        26      10176       -8                                   
1895 513 900 1213  4630           Polynesie        26                  -6                                   
1895 5132100  717  4788           Polynesie        26                 -11                                   
1895 514 100  717  4946           Polynesie        26      10149      -17                                   
1895 514 500  717  4946           Polynesie        26      10163      -17                                   
1895 514 900  717  4946           Polynesie        46                  -8                                   
1895 515 100  589  5007           Polynesie        26                 -11                                   
1895 515 500  462  5068           Polynesie        26                  -6                                   
1895 515 900  334  5129           Polynesie        26                  -6                                   
1895 5151300  334  5129           Polynesie        46                  -6                                   
1895 5151700  334  5129           Polynesie        26                 -11                                   
1895 5152100 -120  5228           Polynesie                           -11                                   
1895 516 100 -120  5228           Polynesie        26                 -11                                   
1895 516 500 -120  5228           Polynesie        10                 -11                                   
1895 516 900 -120  5228           Polynesie        10                  -6                                   
1895 5161300 -120  5228           Polynesie        10      10160       -6                                   
1895 5162000 -504  5346           Polynesie                           -11                                   
1895 517   0 -504  5346           Polynesie                            -6                                   
1895 517 400 -504  5346           Polynesie                           -14                                   
1895 517 800 -504  5346           Polynesie                            -6                                   
1895 5171200 -504  5346           Polynesie                            -8                                   
1895 5171600 -504  5346           Polynesie        10                 -11                                   
1895 5172000 -723  5637           Polynesie        26      10176      -17                                   
1895 518   0 -723  5637           Polynesie        10      10175      -11                                   
1895 518 400 -723  5637           Polynesie        10      10175      -11                                   
1895 518 800 -723  5637           Polynesie        10      10202      -11                                   
1895 5181200 -723  5637           Polynesie        26      10163      -17                                   
1895 5181600 -723  5637           Polynesie        26      10176      -17                                   
1895 5182000 -723  5637           Polynesie        67      10203      -17                                   
1895 519   0 -723  5637           Polynesie        26      10163      -17                                   
1895 519 400 -723  5637           Polynesie        26      10189      -17                                   
1895 519 800-1056  6058           Polynesie        46      10190      -17                                   
1895 5191200-1056  6058           Polynesie        46      10178      -22                                   
1895 5191600-1127  6151           Polynesie        67      10204      -17                                   
1895 5192000-1199  6244           Polynesie        93      10245      -25                                   
1895 520   0-1270  6336           Polynesie        93      10205      -19                                   
1895 520 400-1342  6429           Polynesie        93      10205      -19                                   
1895 520 800-1413  6522           Polynesie        93      10218      -17                                   
1895 5201200-1413  6522           Polynesie        93      10219      -22                                   
1895 5201600-1413  6522           Polynesie        93      10246      -22                                   
1895 5202000-1413  6522           Polynesie        93      10249      -39                                   
1895 521   0-1413  6522           Polynesie        93      10220      -28                                   
1895 521 400-1413  6522           Polynesie        93      10248      -33                                   
1895 521 700-1714  6953           Polynesie        93      10250      -42                                   
1895 5211100-1714  6953           Polynesie        93      10237      -39                                   
1895 5211500-1714  6953           Polynesie        93      10250      -42                                   
1895 5211900-1714  6953           Polynesie        46      10238      -44                                   
1895 5212300-1714  6953           Polynesie        67      10237      -39                                   
1895 522 300-1714  6953           Polynesie        67      10250      -39                                   
1895 522 700-2011  7437           Polynesie        67      10252      -39                                   
1895 5221100-2011  7437           Polynesie        46      10225      -39                                   
1895 5221500-2011  7437           Polynesie        46      10239      -44                                   
1895 6 11500-3815 13612           Polynesie       268      10383      -97                                   
1895 6 11900-3812 13680           Polynesie       154      10274      -89                                   
1895 6 12300-3810 13747           Polynesie       190      10274      -89                                   
1895 6 2 300-3807 13815           Polynesie       226      10342      -94                                   
1895 6 2 700-3804 13882           Polynesie       226      10356     -100                                   
1895 6 21100-3802 13950           Polynesie       268      10382      -97                                   
1895 6 21500-3799 14017           Polynesie        67      10382      -97                                   
1895 6 21900-3796 14085           Polynesie       190      10371     -111                                   
1895 6 22300-3793 14152           Polynesie        67      10400     -122                                   
1895 6 3 300-3791 14220           Polynesie        46      10398     -111                                   
1895 6 3 600-3788 14287           Polynesie        46      10395      -94                                   
1895 6 31000-3785 14355           Polynesie        26      10397     -103                                   
1895 6 31400-3783 14422           Polynesie        46      10393      -83                                   
1895 6 31800-3780 14490           Polynesie        93      10355      -94                                   
1895 6 32200-3780 14490           Polynesie        93      10354      -89                                   
1895 6 4 200-3805 14648           Polynesie        93      10382      -94                                   
1895 6 4 600-3805 14648           Polynesie        67      10354      -89                                   
1895 6 41000-3805 14648           Polynesie        93      10354      -89                                   
1895 6 41800-3665 14648           Polynesie        67      10353      -89                                   
1895 6 42200-3526 14648           Polynesie        46      10344     -122                                   
1895 6 5 200-3386 14648           Polynesie        26      10321      -75                                   
1895 6 5 600-3386 14648           Polynesie        10      10323      -83                                   
1895 6 51000-3386 14648           Polynesie        10      10324      -89                                   
1895 6 51400-3386 14648           Polynesie        26      10334      -72                                   
1895 6 52200-3386 14648           Polynesie         0      10329     -122                                   
1895 6 6 200-3386 14648           Polynesie         0      10322      -78                                   
1895 6 6 600-3386 14648           Polynesie         0      10320      -67                                   
1895 6 61000-3386 14648           Polynesie         0      10334      -72                                   
1895 6 7 200-3059 15310           Polynesie        46      10303      -61                                   
1895 6121300-2524 16018           Polynesie        26                 -61                                   
1895 6121700-2524 16018           Polynesie        46      10259      -61                                   
1895 6122100-2524 16018           Polynesie        46                 -67                                   
1895 613 100-2524 16018           Polynesie        46                 -56                                   
1895 613 500-2524 16018           Polynesie        46                 -56                                   
1895 613 900-2524 16018           Polynesie        46                 -61                                   
1895 6131300-2524 16018           Polynesie        46                 -78                                   
1895 6131700-2524 16018           Polynesie        26                 -61                                   
1895 6132100-2524 16018           Polynesie        26                                                       
1895 614 200-2913 15458           Polynesie        26                 -61                                   
1895 614 600-2913 15458           Polynesie        46                 -61                                   
1895 6141000-2913 15458           Polynesie        46                 -72                                   
1895 6141400-2913 15458           Polynesie        46                                                       
1895 6141800-2913 15458           Polynesie        67                 -75                                   
1895 6142200-2913 15458           Polynesie        46                 -86                                   
1895 615 200-3320 14936           Polynesie        46                                                       
18951212 200-3727 14414           Polynesie                                                                 
1896 5111900  424  7848           Polynesie        93      10176      -19                                   
1896 5112300  424  7848           Polynesie        67      10149      -17                                   
1896 512 300  424  7848           Polynesie        67      10162      -17                                   
1896 512 700  424  7848           Polynesie        93      10162      -17                                   
1896 5121100  424  7848           Polynesie        93                                                       
1896 5121500  424  7848           Polynesie        93      10162      -17                                   
1896 5121900  312  7939           Polynesie        67                 -17                                   
1896 5122300  200  8030           Polynesie        67      10163      -22                                   
1896 513 300  200  8030           Polynesie        67      10148      -11                                   
1896 513 700   26  8200           Polynesie        67      10148      -17                                   
1896 5131100   26  8200           Polynesie        67      10162      -17                                   
1896 5131500   26  8200           Polynesie        67                 -17                                   
1896 5131800 -137  8315           Polynesie        67                                                       
1896 5132200 -300  8430           Polynesie        46      10135      -17                                   
1896 514 200 -300  8430           Polynesie         0      10135      -17                                   
1896 514 600 -526  8600           Polynesie        10      10135      -11                                   
1896 5141000 -526  8600           Polynesie        10      10121      -11                                   
1896 5141400 -526  8600           Polynesie        46      10136      -17                                   
1896 5141800 -663  8700           Polynesie        93      10190      -22                                   
1896 5142200 -800  8800           Polynesie        67      10150      -17                                   
1896 515 200 -800  8900           Polynesie        67      10164      -22                                   
1896 515 600-1025  9000           Polynesie        93                 -11                                   
1896 5151000-1025  9000           Polynesie        93      10163      -11                                   
1896 5151400-1025  9000           Polynesie        93                                                       
1896 5151800-1715  9500           Polynesie        67      10209      -33                                   
1896 5152200-1643  9030           Polynesie        93      10181      -28                                   
1896 516 200-1572  9030           Polynesie        67      10193      -22                                   
1896 516 600-1500  9300           Polynesie        67      10193      -22                                   
1896 5161000-1500  9300           Polynesie        67      10181      -33                                   
1896 5161400-1500  9300           Polynesie        67                 261                                   
1914 1 2 400  623  5811           Polynesie        46      10179      -39                                   
