1892 7312300-4242 15452           Pukaki           26      10239      156                                   
1892 8 12200-4526 15640           Pukaki           26      10234      144                                   
1892 8 3 100-4509 15829           Pukaki           67      10134      133                                   
1892 8 32300-4491 16017           Pukaki            0      10114      133                                   
1892 8 5 100-4474 16206           Pukaki           26      10074      167                                   
1892 8 6   0-4457 16394           Pukaki           93      10083      133                                   
1892 8 7   0-4439 16583           Pukaki           67       9899      122                                   
1892 8 72100-4422 16771           Pukaki            0       9912      122                                   
1892 8 82100-4405 16960           Pukaki           26      10010      100                                   
1892 8 92200-4387 17148           Pukaki           46      10006      122                                   
1892 8102000-4370 17337           Pukaki           46      10070      144                                   
1892 8112100-4157 17525           Pukaki            0      10071       89                                   
1892 8122200-3944 17714           Pukaki           46      10059      144                                   
1892 8132200-3841 17813           Pukaki           67      10092      144                                   
1892 8142100-3634 17670           Pukaki           46      10137      189                                   
1892 8152200-3584 17583           Pukaki           67      10047      200                                   
1892 8162300-3533 17496           Pukaki           93      10013      200                                   
1892 8172100-3483 17409           Pukaki           93      10119      167                                   
1892 8182200-3433 17322           Pukaki           26                 200                                   
1892 820   0-3712 17280           Pukaki          123      10221      178                                   
1892 8202100-4012 17131           Pukaki          190      10261      156                                   
1892 8212100-4053 17161           Pukaki            0      10173       78                                   
1892 8222200-4094 17190           Pukaki           46      10063      133                                   
1892 8232000-4135 17220           Pukaki          154      10044      144                                   
1892 8242100-4177 17249           Pukaki           93      10058      122                                   
1892 8252000-4218 17279           Pukaki           46      10005      122                                   
1892 8262100-4259 17308           Pukaki           46       9997      133                                   
1892 8272100-4300 17338           Pukaki           67       9926      111                                   
1892 8282000-4530 17057           Pukaki           26       9820      111                                   
1892 8292300-4760 16776           Pukaki           93       9951      111                                   
1892 8302200-4990 16495           Pukaki           26      10086      122                                   
1894 5312200-3750 14955           Pukaki           46       9954      178                                   
1894 6 1 200-3729 14955           Pukaki           46       9955      233                                   
1894 6 12200-3708 14961           Pukaki          154       9944      133                                   
1894 6 2 200-3688 14967           Pukaki          190       9969      144                                   
1894 6 2 600-3667 14973           Pukaki          190       9993      122                                   
1894 6 22200-3646 14979           Pukaki           46                 122                                   
1894 6 82200-3625 14986           Pukaki           46      10111      144                                   
1894 6 9 200-3604 14992           Pukaki           26      10115      156                                   
1894 6 9 600-3584 14998           Pukaki           46      10115      156                                   
1894 6 92200-3563 15004           Pukaki           26      10139      133                                   
1894 610 200-3542 15010           Pukaki           46      10133      167                                   
1894 610 600-3608 15011           Pukaki           26      10141      167                                   
1894 6142200-3674 15012           Pukaki           26      10101      167                                   
1894 615 200-3740 15013           Pukaki           26      10115      244                                   
1894 615 600-3806 14982           Pukaki           26      10103      244                                   
1894 6152200-3872 14951           Pukaki           67      10089      167                                   
1894 616 200-3938 14920           Pukaki           67      10106      211                                   
1894 616 600-4012 14910           Pukaki           46      10107      189                                   
1894 6162200-3965 14917           Pukaki           46      10129      133                                   
1894 617 200-3919 14925           Pukaki                   10135      178                                   
1894 627 200-3872 14932           Pukaki           67      10110      122                                   
1894 627 600-3826 14939           Pukaki           67      10114      133                                   
1894 6272200-3779 14947           Pukaki           93      10161      133                                   
1894 628 200-3733 14954           Pukaki          123      10162      128                                   
1894 628 600-3586 15002           Pukaki           93      10158      144                                   
1894 6282200-3440 15051           Pukaki           67      10185      133                                   
1894 629 200-3400 15099           Pukaki           46      10213      144                                   
1894 7 1 200-3442 15089           Pukaki                   10182      233                                   
1894 7 1 600-3547 15056           Pukaki           67      10168      244                                   
1894 7 12200-3651 15024           Pukaki           67      10052      133                                   
1894 7 2 200-3756 14991           Pukaki                   10057      189                                   
1894 7132200-3945 14732           Pukaki           93       9933      133                                   
