179612 3 400-4609  9833           Rangatira       154      10018       61                                   
1894 4192000-4525  5850           Rangatira        26      10047       50                                   
1894 420   0-4526  5947           Rangatira       123      10007      128                                   
1894 420 400-4528  6044           Rangatira       123      10011      144                                   
1894 420 800-4529  6141           Rangatira       123      10014      128                                   
1894 4201200-4530  6238           Rangatira        46                                                       
1894 4201600-4532  6335           Rangatira        46      10043       72                                   
1894 4202000-4533  6432           Rangatira                10106       61                                   
1894 421   0-4534  6529           Rangatira        10      10067       50                                   
1894 421 400-4536  6626           Rangatira        10      10064       50                                   
1894 421 800-4537  6723           Rangatira        46                  50                                   
1894 4211100-4538  6820           Rangatira        46      10072      100                                   
1894 4211500-4540  6917           Rangatira        46      10098       67                                   
1894 4211900-4541  7014           Rangatira       123      10047       67                                   
1894 4212300-4542  7111           Rangatira                10100       56                                   
1894 422 300-4544  7208           Rangatira        26      10090       33                                   
1894 422 700-4545  7305           Rangatira        26      10064       28                                   
1894 424 600-4512  8469           Rangatira        26      10251       78                                   
1894 4242200-4609  9216           Rangatira        67      10229       56                                   
1894 425 200-4609  9216           Rangatira        67      10225       61                                   
1894 425 600-4609  9216           Rangatira        93      10193       67                                   
1894 4251000-4609  9216           Rangatira        93      10170       83                                   
1894 4251400-4609  9216           Rangatira       123      10134       78                                   
1894 4251800-4609  9216           Rangatira       123                                                       
1894 4252200-4609  9216           Rangatira       154      10018       61                                   
1894 426 200-4609  9216           Rangatira       154       9951       78                                   
1894 426 500-4704  9833           Rangatira       190       9895       78                                   
1894 4261000-4609  9216           Rangatira       123       9818       89                                   
1894 4261300-4704  9833           Rangatira        93       9807       78                                   
1894 4261700-4709  9982           Rangatira       123                                                       
1894 4262100-4714 10131           Rangatira       154       9896       72                                   
1894 427 100-4714 10281           Rangatira       190       9933       50                                   
1894 427 500-4714 10430           Rangatira       226       9958       67                                   
1894 427 900-4714 10430           Rangatira       190      10014       56                                   
1894 4271300-4714 10430           Rangatira       154      10046       44                                   
1894 4271700-4695 10586           Rangatira                                                                 
1894 4272100-4675 10742           Rangatira        93      10096       44                                   
1894 428 100-4656 10898           Rangatira        67      10106       44                                   
1894 428 500-4637 11054           Rangatira        67      10105       72                                   
1894 428 900-4635 11054           Rangatira        67      10095       89                                   
1894 4281300-4634 11054           Rangatira        67      10096       83                                   
1894 4281700-4633 11117           Rangatira                                                                 
1894 4282100-4633 11180           Rangatira        93      10076       83                                   
1894 429 100-4633 11243           Rangatira        93                  94                                   
1894 429 400-4633 11307           Rangatira        67      10082       89                                   
1894 429 800-4633 11370           Rangatira        67      10122       72                                   
1894 4291200-4633 11433           Rangatira        67      10167       67                                   
1894 4292000-4634 12118           Rangatira        46      10201       61                                   
1894 430   0-4635 12221           Rangatira        46      10261       67                                   
1894 430 400-4636 12324           Rangatira        46      10254       72                                   
1894 430 800-4637 12427           Rangatira        46      10262       61                                   
1894 4301200-4638 12530           Rangatira        46      10261       67                                   
1894 4301600-4639 12633           Rangatira                                                                 
1894 4302000-4640 12736           Rangatira        67      10247       72                                   
1894 4302300-4641 12839           Rangatira        93      10223       94                                   
1894 5 1 300-4642 12942           Rangatira        93      10203       94                                   
1894 5 3 300-4505 14152           Rangatira       123      10123      100                                   
1894 5 3 700-4480 14249           Rangatira        93      10104      111                                   
1894 5 31000-4456 14345           Rangatira        93      10117      111                                   
1894 5 31400-4431 14442           Rangatira        93                                                       
1894 5 31800-4407 14539           Rangatira        67      10137      111                                   
1894 5 32200-4382 14635           Rangatira        67      10141      122                                   
1894 5 4 200-4358 14732           Rangatira        67      10140      150                                   
1894 5 4 600-4333 14829           Rangatira        93      10114      144                                   
1894 5 41000-4309 14925           Rangatira        93      10120      144                                   
1894 5 5 200-4230 15250           Rangatira        93      10091      172                                   
1894 6 3   0-4513 17744           Rangatira        46      10179      106                                   
1894 6 3 400-4513 17744           Rangatira        46      10186      106                                   
1894 6 3 800-4539 17744           Rangatira        46      10206      111                                   
1894 6 31200-4565 17744           Rangatira        26      10173      106                                   
1894 6 31600-4592 17744           Rangatira        46      10216       94                                   
1894 6 32000-4618 17744           Rangatira        46      10214      106                                   
1894 6 4   0-4644 17750           Rangatira        46      10215      100                                   
1894 6 4 400-4644 17750           Rangatira        46      10204      106                                   
1894 6 4 800-4644 17750           Rangatira        26      10185      117                                   
1894 6 41200-4644 17750           Rangatira        93      10098      117                                   
1894 6 41600-4644 17750           Rangatira                                                                 
1894 6 42000-4644 17750           Rangatira        67      10160      106                                   
1894 6 5 100-4756 17155           Rangatira        67      10160      111                                   
1894 6 5 500-4756 17155           Rangatira        67      10153      117                                   
1894 6 5 900-4756 17155           Rangatira        67      10147      111                                   
1894 6 51300-4756 17155           Rangatira        93                                                       
1894 6 51700-4756 17155           Rangatira        93      10099      111                                   
1894 6 52100-4756 17155           Rangatira        67      10090      106                                   
1894 6 6 100-4822 16620           Rangatira        93      10083       94                                   
1894 6 6 500-4822 16620           Rangatira       123      10057       83                                   
1894 6 6 900-4822 16620           Rangatira        93      10056       89                                   
1894 6 61300-4822 16620           Rangatira                                                                 
1894 6 61700-4822 16620           Rangatira        46      10057       83                                   
1894 6 62100-4822 16620           Rangatira        46      10059       94                                   
1894 6 7 100-4836 16028           Rangatira        46      10061      100                                   
1894 6 7 500-4836 16028           Rangatira        67      10041      100                                   
1894 6 7 900-4836 16028           Rangatira        67                                                       
1895 5182200-3818  2705           Rangatira        26      10197      122                                   
1895 519 200-3853  2777           Rangatira        67      10183      128                                   
1895 519 600-3889  2848           Rangatira        46      10188      139                                   
1895 5191000-3924  2920           Rangatira        46      10202      139                                   
1895 5191400-3959  2992           Rangatira        10      10205      122                                   
1895 5191800-3995  3063           Rangatira        10      10202      122                                   
1895 5192200-4030  3135           Rangatira        26      10200      117                                   
1895 520 200-4065  3207           Rangatira        67      10184      133                                   
1895 520 600-4101  3278           Rangatira        67      10173      139                                   
1895 5201000-4136  3350           Rangatira        67      10150      139                                   
1895 5201400-4170  3443           Rangatira        67      10134      133                                   
1895 5201800-4204  3536           Rangatira        67      10131      117                                   
1895 5202200-4238  3629           Rangatira        26      10132       67                                   
1895 521 200-4272  3722           Rangatira        67      10128       94                                   
1895 521 500-4306  3815           Rangatira        46      10153       89                                   
1895 521 900-4340  3908           Rangatira        26      10172       78                                   
1895 5211300-4354  3997           Rangatira        10      10176       78                                   
1895 5211700-4368  4087           Rangatira        10      10192       61                                   
1895 5212100-4381  4176           Rangatira        67                  67                                   
1895 522 100-4395  4265           Rangatira        10      10198       67                                   
1895 522 500-4409  4355           Rangatira        67      10177       72                                   
1895 522 900-4423  4444           Rangatira        46      10169       78                                   
1895 5221300-4432  4636           Rangatira        67      10163       78                                   
1895 5221700-4441  4827           Rangatira        67      10177       72                                   
1895 5222100-4450  5019           Rangatira        67      10159       83                                   
1895 523 100-4450  5019           Rangatira        67      10183       78                                   
1895 523 500-4450  5019           Rangatira        67      10185       89                                   
1895 523 900-4450  5019           Rangatira        67      10190       78                                   
1895 5231300-4450  5019           Rangatira        67      10180       78                                   
1895 5231700-4450  5019           Rangatira        67      10177       78                                   
1895 5232000-4519  5618           Rangatira        93      10051      106                                   
1895 524   0-4519  5618           Rangatira        67      10157       78                                   
1895 524 400-4519  5618           Rangatira        67      10137       94                                   
1895 524 800-4519  5618           Rangatira                10113      100                                   
1895 5241200-4522  5768           Rangatira        93      10091      106                                   
1895 5241600-4526  5917           Rangatira       123      10071      106                                   
1895 5242000-4529  6067           Rangatira        26      10134       56                                   
1895 525   0-4533  6217           Rangatira        67      10048      122                                   
1895 525 400-4533  6217           Rangatira        67      10085       83                                   
1895 525 800-4533  6217           Rangatira        46      10106       78                                   
1895 5251200-4534  6435           Rangatira        26      10108       67                                   
1895 5251600-4535  6652           Rangatira        26      10123       61                                   
1895 5251900-4536  6870           Rangatira        26      10196       44                                   
1895 5252300-4536  6870           Rangatira        26      10139       61                                   
1895 526 300-4536  6870           Rangatira        46      10165       50                                   
1895 526 700-4536  6870           Rangatira        26      10175       72                                   
1895 5261100-4536  6870           Rangatira        46      10180       61                                   
1895 5261600-4536  6217           Rangatira        46      10196       44                                   
1895 5261900-4543  7440           Rangatira        46      10190       44                                   
1895 5262300-4543  7440           Rangatira        26      10204       39                                   
1895 527 300-4543  7440           Rangatira        26      10190       61                                   
1895 527 700-4543  7440           Rangatira        26      10185       72                                   
1895 5271100-4543  7440           Rangatira        26      10182       50                                   
1895 5271500-4543  7440           Rangatira        46      10183       44                                   
1895 5271900-4571  7746           Rangatira        46      10077       72                                   
1895 5272300-4600  8053           Rangatira        10      10199       56                                   
1895 528 300-4600  8053           Rangatira        10      10199       56                                   
1895 528 700-4600  8053           Rangatira        10      10195       56                                   
1895 5281100-4600  8053           Rangatira        26      10161       56                                   
1895 5281500-4600  8053           Rangatira        26      10129       44                                   
1895 5282200-4623  8655           Rangatira        93      10039       78                                   
1895 529 200-4623  8655           Rangatira        67      10028       83                                   
1895 529 600-4623  8655           Rangatira        46      10013       94                                   
1895 5291000-4623  8655           Rangatira                10004       89                                   
1895 5291400-4623  8655           Rangatira        26       9987       89                                   
1895 5292200-4623  8655           Rangatira        46       9952       94                                   
1895 5302200-4623  8655           Rangatira        46       9988       61                                   
1895 5312200-4623  8655           Rangatira        46       9999       56                                   
1895 6 12200-4623  8655           Rangatira                 9969       94                                   
1895 6 22000-4753 11733           Rangatira       154       9889       94                                   
1895 6 3   0-4782 11976           Rangatira       226                                                       
1895 6 31200-4812 12218           Rangatira                                                                 
1895 6 32000-4841 12461           Rangatira                                                                 
1895 6 41200-4871 12703           Rangatira                                                                 
1895 6 5 200-5027 14556           Rangatira                            72                                   
1895 6 51100-4900 12946           Rangatira                                                                 
1895 6 51900-4929 13189           Rangatira        93                                                       
1895 6 52300-4959 13431           Rangatira                                                                 
1895 6 6 300-4988 13674           Rangatira                            72                                   
1895 6 61100-5018 13916           Rangatira                10037       33                                   
1895 6 7 300-5047 14159           Rangatira                                                                 
1895 6 71000-5076 14402           Rangatira                                                                 
1895 6 71800-5027 14656           Rangatira                                                                 
1895 6 72200-5027 14756           Rangatira                 9934       61                                   
1895 6 8 200-5027 14856           Rangatira       154       9949       72                                   
1895 6 8 600-5022 14987           Rangatira       123                                                       
1895 6 81000-5016 15118           Rangatira        93                                                       
1895 6 81800-5011 15248           Rangatira                 9994       67                                   
1895 6 82200-5005 15379           Rangatira        26                                                       
1895 6 9 200-5000 15510           Rangatira        46       9951       83                                   
1895 6 9 600-4986 15611           Rangatira                                                                 
1895 6 91000-4972 15712           Rangatira                                                                 
1895 6 91700-4957 15814           Rangatira                                                                 
1895 6 92100-4943 15915           Rangatira                                                                 
1895 610 100-4929 16016           Rangatira                                                                 
1895 610 500-4909 16096           Rangatira                                                                 
1895 610 900-4889 16176           Rangatira                                                                 
1895 6101700-4869 16256           Rangatira                                                                 
1895 6102100-4849 16336           Rangatira                                                                 
1895 611 100-4829 16416           Rangatira                                                                 
1895 611 500-4794 16516           Rangatira        67                                                       
1895 611 900-4759 16617           Rangatira                                                                 
1895 6111700-4724 16717           Rangatira                                                                 
1895 6112100-4689 16818           Rangatira         0                                                       
1895 612 100-4654 16918           Rangatira        10                                                       
1895 612 500-4619 17018           Rangatira                                                                 
1895 612 900-4584 17119           Rangatira        46                                                       
