1892 7312100 -930 15979           Rapid             0      10124      244                                   
1892 8 12100 -990 16103           Rapid            10      10122      256                                   
1892 8 22100-1050 16227           Rapid             0      10128      261                                   
1892 8 32100-1110 16351           Rapid            46      10121      267                                   
1892 8 42100-1110 16651           Rapid            10      10114      289                                   
1892 8 52100-1032 16430           Rapid            26      10101      283                                   
1892 8 62100-1027 16356           Rapid            10      10109      278                                   
1892 8 72100-1022 16282           Rapid             0      10106      256                                   
1892 8 82100-1018 16208           Rapid             0      10123      250                                   
1892 8 92100-1013 16134           Rapid             0      10097      244                                   
1892 8102100 -970 16009           Rapid            26      10120      272                                   
1892 8112100 -926 15884           Rapid            26      10121      261                                   
1892 8122100 -883 15759           Rapid            26      10130      267                                   
1892 8132200 -840 15634           Rapid            10      10134      267                                   
1892 8142200 -840 15734           Rapid            10      10128      278                                   
1892 8152100 -840 15834           Rapid             0      10122      256                                   
1892 8162200 -837 15737           Rapid             0      10113      250                                   
1892 8172200 -835 15641           Rapid            10      10103      267                                   
1892 8182200-1045 15352           Rapid            26      10093      272                                   
1892 8192200-1037 15040           Rapid            46      10098      261                                   
1892 8202200-1037 15040           Rapid            46      10103      250                                   
1892 8212200-1037 15040           Rapid            26      10086      272                                   
1892 8222200-1037 15040           Rapid            10      10105      261                                   
1892 8232200-1037 15040           Rapid             0      10101      267                                   
1892 8242200-1037 15040           Rapid             0      10098      261                                   
1892 8252200-1037 15040           Rapid            46      10105      261                                   
1892 8262100-1370 16950           Rapid            26      10103      261                                   
1892 8272200-1521 14735           Rapid            46      10139      250                                   
1892 8282200-1655 14546           Rapid            10      10146      233                                   
1892 8292200-1655 14546           Rapid            10      10154      161                                   
1892 8302200-1655 14546           Rapid            26      10156      172                                   
1893 8 1   0-1010 17720           Rapid            46      10095      278                                   
1893 8 2   0-1010 17720           Rapid            46      10124      289                                   
1893 8 3   0-1112 17720           Rapid            26      10123      272                                   
1893 8 4   0-1213 17720           Rapid            26      10117      272                                   
1893 8 5   0-1315 17721           Rapid            46      10114      272                                   
1893 8 6   0-1417 17721           Rapid            46      10109      267                                   
1893 8 7   0-1650 17653           Rapid            46      10128      261                                   
1893 820   0-1758-17843           Rapid            10      10117      267                                   
1893 821   0-1646-17622           Rapid            26      10102      256                                   
1893 822   0-1541-17428           Rapid            26      10092      272                                   
1893 8222300-1423-17246           Rapid            10      10112      267                                   
1893 8232300-1305-17064           Rapid            26      10109      283                                   
1893 8242300-1187-16882           Rapid            26      10101      267                                   
1893 8252300-1069-16700           Rapid            26      10127      272                                   
1893 8262300 -951-16518           Rapid            26      10111      261                                   
1893 8272300 -833-16336           Rapid            26      10110      267                                   
1893 8282300 -715-16154           Rapid            10      10107      261                                   
1893 8292300 -597-15972           Rapid            26      10119      272                                   
1893 8302300 -479-15790           Rapid            26      10106      267                                   
1893 8312200 -361-15608           Rapid            26      10108      272                                   
189312 12300 -396-17042           Rapid            10      10114      278                                   
189312 22300 -559-17068           Rapid            10      10102      289                                   
189312 32300 -722-17093           Rapid            10      10110      283                                   
189312 42300 -885-17119           Rapid            26      10103      289                                   
189312 52300-1048-17145           Rapid            10      10109      294                                   
189312 62300-1211-17244           Rapid            10      10111      289                                   
189312 8   0-1374-17343           Rapid            10      10099      283                                   
189312 9   0-1537-17442           Rapid            10      10072      267                                   
18931210   0-1700-17634           Rapid            46      10059      272                                   
18931211   0-1745-17910           Rapid            67      10079      256                                   
18931212   0-1836 17863           Rapid            10      10091      267                                   
18931213   0-1926 17637           Rapid                    10085      261                                   
18931214   0-2017 17410           Rapid                    10096      261                                   
18931215 100-2139 17160           Rapid                    10108      256                                   
18931216 100-2310 16911           Rapid                    10105      256                                   
18931217 100-2421 16640           Rapid                    10115      244                                   
18931218 100-2513 16426           Rapid                    10135      267                                   
18931220 100-2730 15952           Rapid            67      10146      233                                   
18931221 200-2830 15739           Rapid                    10157      233                                   
18931222 200-2931 15526           Rapid             0      10151      250                                   
18931223 200-3031 15313           Rapid            10      10170      244                                   
18931224 200-3132 15100           Rapid            46      10121      239                                   
18931225 200-3232 14887           Rapid            26      10061      239                                   
18931226 200-3333 14674           Rapid                    10010      250                                   
18931227 200-3433 14461           Rapid                    10052      244                                   
18931228 300-3534 14248           Rapid                     9945      206                                   
18931229 300-3634 14035           Rapid                     9969      167                                   
18931230 300-3735 13822           Rapid            10                                                       
18931231 300-3835 13609           Rapid            10                                                       
