1892 1292000-4048 17313           Ringaroom        67      10107      167                                   
1892 1312000-4116 17317           Ringaroom        26      10199      167                                   
1892 2 12000-4116 17317           Ringaroom        10      10191      178                                   
1892 2 22000-4116 17317           Ringaroom        46      10154      194                                   
1892 2 32000-4116 17317           Ringaroom        46      10101      189                                   
1892 2 42000-4116 17317           Ringaroom        46      10041      161                                   
1892 2 52000-4114 17317           Ringaroom        10      10056      172                                   
1892 2 62000-4117 17400           Ringaroom        26       9965      194                                   
1892 2 72000-4117 17400           Ringaroom        10       9939      128                                   
1892 2 82000-4117 17400           Ringaroom        46       9997      183                                   
1892 2 92000-4117 17400           Ringaroom         0      10008      161                                   
1892 2102000-4117 17400           Ringaroom        10      10145      167                                   
1892 2112000-4117 17446           Ringaroom       123      10100      172                                   
1892 2122000-4117 17446           Ringaroom        67      10057      189                                   
1892 2132000-4117 17448           Ringaroom        93      10014      167                                   
1892 2142000-4117 17448           Ringaroom        67      10107      172                                   
1892 2152000-4117 17448           Ringaroom        46      10104      172                                   
1892 2162000-4117 17448           Ringaroom        46      10113      178                                   
1892 2172000-4117 17448           Ringaroom        10      10165      167                                   
1892 2182000-4117 17448           Ringaroom        26      10167      178                                   
1892 2192000-4117 17448           Ringaroom        10      10099      161                                   
1892 2202000-3900 17400           Ringaroom        93      10083      183                                   
1892 2212000-3640 17312           Ringaroom        93      10134      189                                   
1892 2222000-3439 17333           Ringaroom        67      10195      194                                   
1892 2232000-3516 17407           Ringaroom        10      10182      194                                   
1892 2242000-3516 17407           Ringaroom         0      10164      183                                   
1892 2252000-3516 17407           Ringaroom        46      10155      178                                   
1892 2262000-3516 17407           Ringaroom        26      10191      183                                   
1892 2272000-3516 17407           Ringaroom        26      10236      156                                   
1892 2282000-3546 17439           Ringaroom        67      10257      194                                   
1893 1 21900-1349-17145           Ringaroom         0      10078      244                                   
1893 1192000-1783 17741           Ringaroom                                                                 
1893 1302100-2217 16627           Ringaroom                                                                 
1893 812 400-3223 11520           Ringaroom        46      10182      139                                   
1893 8142000-3491 11252           Ringaroom        46      10264      128                                   
1893 815   0-3494 11386           Ringaroom        26      10278      128                                   
1893 815 400-3497 11520           Ringaroom        26                 139                                   
1893 815 800-3500 11654           Ringaroom        10      10271      150                                   
1893 8151200-3503 11788           Ringaroom        10      10276      139                                   
1893 8151600-3506 11922           Ringaroom        10      10268      144                                   
1893 8152000-3509 12056           Ringaroom        26      10257      133                                   
1893 816   0-3512 12190           Ringaroom        67                 144                                   
1893 816 400-3515 12324           Ringaroom        46      10257      150                                   
1893 819 300-3519 13618           Ringaroom                10197      144                                   
1893 819 700-3519 13618           Ringaroom                10177      144                                   
1893 8191100-3519 13618           Ringaroom                10186      133                                   
1893 8191500-3519 13618           Ringaroom                           133                                   
1893 8191900-3449 13829           Ringaroom        26      10173      128                                   
1893 8192300-3449 13829           Ringaroom        26                                                       
1893 820 300-3449 13829           Ringaroom        10      10161      156                                   
1893 820 700-3449 13829           Ringaroom                10156      206                                   
1893 8201100-3449 13829           Ringaroom        10      10149      128                                   
1893 8201500-3449 13829           Ringaroom        10      10140      122                                   
1893 8201900-3449 13829           Ringaroom        10      10133      122                                   
1893 8202300-3449 13829           Ringaroom        46      10129      128                                   
1893 821 300-3449 13829           Ringaroom        26      10139      150                                   
1893 821 700-3449 13829           Ringaroom        67      10155      150                                   
1893 8211100-3449 13829           Ringaroom        67      10196      111                                   
1893 8211500-3449 13829           Ringaroom        67      10202      111                                   
1893 8211900-3449 13829           Ringaroom        46      10202      111                                   
1893 8212300-3449 13829           Ringaroom        46      10215       94                                   
1893 822 300-3449 13829           Ringaroom        67      10216      111                                   
1893 822 700-3449 13829           Ringaroom        46      10184      122                                   
1893 8221100-3449 13829           Ringaroom        46      10191      117                                   
1893 8221500-3449 13829           Ringaroom        10      10197      100                                   
1893 8221900-3449 13829           Ringaroom        26      10179       89                                   
1893 8222300-3449 13829           Ringaroom        26      10176       89                                   
1893 823 300-3449 13829           Ringaroom        26      10158      133                                   
1893 823 700-3449 13829           Ringaroom        26      10110      139                                   
1893 8231100-3449 13829           Ringaroom        46      10101      133                                   
1893 8231500-3449 13829           Ringaroom        10      10095      106                                   
1893 8231900-3449 13829           Ringaroom        46      10057      111                                   
1893 8232300-3449 13829           Ringaroom        67      10058      128                                   
1893 824 300-3449 13829           Ringaroom        67      10060      156                                   
1893 824 700-3449 13829           Ringaroom        67      10053      200                                   
1893 8241100-3449 13829           Ringaroom        26      10086      139                                   
1893 8241500-3449 13829           Ringaroom        46      10098      128                                   
1893 826 300-3860 14036           Ringaroom        26      10127      139                                   
1893 8291400-3788 14490           Ringaroom        10      10123      100                                   
1893 8291800-3788 14490           Ringaroom        26      10029       94                                   
1893 8292200-3788 14490           Ringaroom        26      10072      100                                   
1893 830 200-3788 14490           Ringaroom        46      10101      128                                   
1893 830 600-3788 14490           Ringaroom        26      10099      122                                   
1893 8301000-3788 14490           Ringaroom        10      10122      106                                   
1893 9 22200-3788 14490           Ringaroom                10103       78                                   
18931227 200-3356 15154           Ringaroom        26      10018      244                                   
18931230 200-3626 15027           Ringaroom                10019      189                                   
18931230 600-3695 14957           Ringaroom                10033      189                                   
189312301000-3765 14886           Ringaroom                           189                                   
189312301400-3834 14816           Ringaroom                10123      161                                   
189312301800-3834 14816           Ringaroom                10057      172                                   
189312302200-3834 14816           Ringaroom        67      10089      167                                   
18931231 200-3834 14816           Ringaroom        93      10101      156                                   
18931231 600-3834 14816           Ringaroom        26      10107      178                                   
189312311000-3834 14816           Ringaroom        26      10140      161                                   
189312311400-3856 14446           Ringaroom        26                 183                                   
189312311800-3844 14448           Ringaroom        26      10111      156                                   
189312312200-3832 14449           Ringaroom        26      10126      167                                   
1894 1 1 200-3820 14450           Ringaroom                10115      189                                   
1894 1 1 600-3808 14451           Ringaroom                10087      217                                   
1894 1 11000-3796 14452           Ringaroom        26      10086      222                                   
1894 1 11400-3784 14453           Ringaroom        26      10096      183                                   
1894 1 11800-3772 14455           Ringaroom        10      10095      167                                   
1894 1 12200-3760 14456           Ringaroom        10      10110      178                                   
1894 1 2 200-3748 14457           Ringaroom        10      10085      244                                   
1894 1 2 600-3748 14457           Ringaroom        26      10043      278                                   
1894 1 21000-3749 14457           Ringaroom        26      10085      244                                   
1894 1 21400-3749 14458           Ringaroom        26      10116      178                                   
1894 1 21800-3750 14458           Ringaroom        10      10092      206                                   
1894 1 22200-3750 14458           Ringaroom        26      10086      278                                   
1894 1 3 200-3750 14458           Ringaroom        26      10086      322                                   
1894 1 3 600-3750 14458           Ringaroom        26      10087      294                                   
1894 1 31000-3750 14458           Ringaroom        26      10111      211                                   
1894 1 31400-3750 14458           Ringaroom       123      10122      144                                   
1894 1 31800-3771 14457           Ringaroom        46      10102      167                                   
1894 1 32200-3791 14457           Ringaroom        46      10136      161                                   
1894 1 4 200-3812 14456           Ringaroom        67      10131      172                                   
1894 1 4 600-3816 14405           Ringaroom        67      10118      172                                   
1894 1 41000-3820 14354           Ringaroom        67      10137      161                                   
1894 1 41400-3823 14302           Ringaroom       123                                                       
1894 1 41800-3827 14251           Ringaroom        67      10123      144                                   
1894 1 42300-3831 14200           Ringaroom        67      10139      144                                   
1894 1 5 300-3835 14149           Ringaroom        67      10153      167                                   
1894 1 5 700-3839 14098           Ringaroom        67      10142      150                                   
1894 1 51100-3843 14047           Ringaroom       123      10121      194                                   
1894 1 51500-3739 14055           Ringaroom        93      10181      156                                   
1894 1 51900-3739 14033           Ringaroom       123      10148      150                                   
1894 1 52300-3739 14012           Ringaroom       123      10171      150                                   
1894 1 6 300-3739 13990           Ringaroom       123      10177      178                                   
1894 1 6 700-3739 13968           Ringaroom        67      10177      178                                   
1894 1 61100-3739 13947           Ringaroom        67      10178      172                                   
1894 1 61500-3739 13925           Ringaroom        93      10181      156                                   
1894 1 61900-3739 13903           Ringaroom       123      10167      156                                   
1894 1 62300-3739 13882           Ringaroom        67      10185      189                                   
1894 1 7 300-3739 13860           Ringaroom        67      10174      194                                   
1894 1 7 700-3739 13860           Ringaroom        67      10149      206                                   
1894 1 71100-3739 13860           Ringaroom        93      10163      178                                   
1894 1 71500-3739 13806           Ringaroom        10      10156      161                                   
1894 1 71900-3739 13752           Ringaroom        67      10156      161                                   
1894 1 72300-3739 13698           Ringaroom        46      10187      178                                   
1894 1 8 300-3604 13644           Ringaroom        46      10169      200                                   
1894 1 8 700-3470 13590           Ringaroom        46      10151      217                                   
1894 1 81100-3470 13585           Ringaroom        46      10153      189                                   
1894 1 81500-3470 13580           Ringaroom        10      10149      189                                   
1894 1 81900-3470 13580           Ringaroom        10      10132      172                                   
1894 1 82300-3470 13580           Ringaroom        10      10131      194                                   
1894 1 9 300-3470 13580           Ringaroom        10      10119      206                                   
1894 1 9 700-3470 13580           Ringaroom        10      10089      228                                   
1894 1 91100-3470 13580           Ringaroom        10      10096      206                                   
1894 1 91500-3470 13580           Ringaroom        10      10095      189                                   
1894 1 91900-3470 13580           Ringaroom        10      10084      172                                   
1894 1 92300-3470 13580           Ringaroom        10      10084      194                                   
1894 110 300-3470 13580           Ringaroom        10      10078      211                                   
1894 110 700-3470 13580           Ringaroom        26      10069      222                                   
1894 1101100-3470 13580           Ringaroom        26      10064      194                                   
1894 1101500-3470 13580           Ringaroom                10052      167                                   
1894 1201400-4280 14732           Ringaroom                           183                                   
1894 1201800-4280 14732           Ringaroom                           167                                   
1894 1202200-4280 14732           Ringaroom        10                 189                                   
1894 121 200-4280 14732           Ringaroom                           194                                   
1894 121 600-4280 14732           Ringaroom        67                 194                                   
1894 1211000-4280 14732           Ringaroom        26                 206                                   
1894 1211800-4280 14732           Ringaroom                                                                 
1894 1221400-4280 14732           Ringaroom        10                 150                                   
1894 1221800-4280 14732           Ringaroom        10                 156                                   
1894 1222200-4280 14732           Ringaroom        26                 161                                   
1894 123 200-4280 14732           Ringaroom        26                 156                                   
1894 123 600-4280 14732           Ringaroom        26                 161                                   
1894 1231000-4280 14732           Ringaroom        26                 156                                   
1894 1231800-4280 14732           Ringaroom                                                                 
1894 1241400-4280 14732           Ringaroom        10                 172                                   
1894 1241800-4280 14732           Ringaroom        10                 167                                   
1894 1242200-4280 14732           Ringaroom        10                 189                                   
1894 125 200-4280 14732           Ringaroom                           206                                   
1894 125 600-4280 14732           Ringaroom                           183                                   
1894 1251000-4280 14732           Ringaroom        26                 178                                   
1894 2 42200-4252 14719           Ringaroom        26      10035      211                                   
1894 3111000-4250 14721           Ringaroom        10      10208      161                                   
1894 312 600-4250 14721           Ringaroom        93                                                       
