1892 8 82200-3257 15326           Rockton          67      10096      172                                   
1892 8 9 200-3200 15408           Rockton          26      10091      200                                   
1892 8 9 700-3142 15490           Rockton          10      10078      194                                   
1892 8 91400-3085 15571           Rockton         154      10094      194                                   
1892 8 92200-3027 15653           Rockton          26      10078      189                                   
1892 810 200-2970 15735           Rockton          93      10077      194                                   
1892 810 600-2852 15861           Rockton          93      10073      189                                   
1892 8102100-2734 15986           Rockton          93      10098      194                                   
1892 811 100-2616 16112           Rockton          67      10099      206                                   
1892 811 500-2544 16196           Rockton          67      10091      211                                   
1892 811 900-2473 16280           Rockton          67      10104      211                                   
1892 8112000-2401 16364           Rockton          46      10110      211                                   
1892 812 100-2330 16448           Rockton          26      10117      228                                   
1892 812 600-2273 16448           Rockton          10      10106      228                                   
1892 8122000-2216 16627           Rockton          10      10141      222                                   
1892 813 100-2216 16627           Rockton          10      10146      228                                   
1892 813 600-2216 16627           Rockton          10      10140      228                                   
1892 8132000-2216 16627           Rockton           0      10154      206                                   
1892 814 100-1876 16844           Rockton          26      10159      222                                   
1892 814 600-1870 16856           Rockton          10      10155      222                                   
1892 8142100-1863 16868           Rockton          46      10145      244                                   
1892 815 100-1857 16880           Rockton          46      10135      261                                   
1892 815 600-1851 16892           Rockton          46      10126      256                                   
1892 8152000-1844 16904           Rockton          10      10119      256                                   
1892 816 100-1838 16916           Rockton          10      10118      267                                   
1892 816 600-1832 16928           Rockton          10      10116      256                                   
1892 8162100-1825 16940           Rockton          26      10122      261                                   
1892 817 100-1819 16952           Rockton          26      10107      267                                   
1892 817 600-1819 16952           Rockton          46      10091      267                                   
1892 8172100-1826 17142           Rockton          67      10117      272                                   
1892 818   0-1833 17333           Rockton          67      10103      272                                   
1892 8182000-1842 17522           Rockton          93      10103      272                                   
1892 819   0-1852 17711           Rockton          93      10090      272                                   
1892 819 500-1861 17740           Rockton          93      10084      267                                   
1892 8192000-1871 17769           Rockton          46      10093      256                                   
1892 820   0-1880 17798           Rockton          26      10093      256                                   
1892 820 500-1890 17827           Rockton          26      10060      250                                   
1892 8202000-1899 17856           Rockton          26      10093      256                                   
1892 821   0-1909 17885           Rockton          10      10095      261                                   
1892 821 600-1918 17914           Rockton          10      10059      256                                   
1892 8211900-1928 17943           Rockton           0      10087      272                                   
1892 822   0-1937 17972           Rockton          10                 272                                   
1892 823 500-1947-17999           Rockton          10      10091      267                                   
1892 8232000-1956-17970           Rockton           0      10118      267                                   
1892 824   0-1966-17941           Rockton          10      10129      283                                   
1892 824 600-1975-17912           Rockton           0                                                       
1892 8242000-1985-17883           Rockton          26      10103      278                                   
1892 8242000-2046 17511           Rockton          67      10121      256                                   
1892 825   0-1994-17854           Rockton          46                                                       
1892 825   0-2046 17511           Rockton          26      10115      272                                   
1892 825 500-2046 17511           Rockton          10      10085      267                                   
1892 825 600-2004-17825           Rockton          46      10092      267                                   
1892 8252000-2178 17321           Rockton          26      10106      228                                   
1892 826 100-2311 17132           Rockton          46      10108      222                                   
1892 826 600-2311 17132           Rockton          26      10087      228                                   
1892 8262100-2421 16928           Rockton          67      10034      222                                   
1892 827 100-2531 16724           Rockton         123       9996      217                                   
1892 827 600-2577 16724           Rockton          93       9965      200                                   
1892 8271700-2623 16622           Rockton         154       9907      183                                   
1892 8272100-2669 16519           Rockton         154       9935      178                                   
1892 828 100-2715 16417           Rockton                   9943      178                                   
1892 828 500-2762 16417           Rockton                   9944      172                                   
1892 828 900-2808 16417           Rockton          93       9977      178                                   
1892 8281200-2854 16417           Rockton                   9991      178                                   
1892 8282100-2900 16279           Rockton          67      10034      183                                   
1892 829 100-2946 16142           Rockton          46      10027      189                                   
1892 829 500-2946 16004           Rockton                   9997      183                                   
1892 829 900-2946 15867           Rockton                  10011      183                                   
1892 8291400-3120 15729           Rockton          93                                                       
1892 8292200-3120 15729           Rockton          46      10044      194                                   
1892 830 200-3120 15729           Rockton          26      10022      206                                   
1892 831 200-3247 15322           Rockton          93      10122      178                                   
1892 831 700-3247 15322           Rockton          93      10141      183                                   
18921223 200-3000 15529           Rockton          93                 250                                   
1893 1 71700-2929 10950           Rockton          67      10184      -72                                   
1893 1 81300-2929 10950           Rockton          67      10194      -69                                   
1893 1 81700-2929 10950           Rockton         123      10170      -64                                   
1893 1 82100-2929 10950           Rockton          67      10191      -72                                   
1893 1 9 100-2929 10950           Rockton          67      10196      -67                                   
1893 1 9 500-2929 10950           Rockton          67      10185      -50                                   
1893 1 9 900-2929 10950           Rockton          93      10169      -44                                   
1893 1 91300-2929 10950           Rockton          93      10168      -58                                   
1893 1 91700-2826 10875           Rockton          67      10170      -56                                   
1893 1 92100-2724 10800           Rockton          93      10171      -67                                   
1893 110 100-2621 10725           Rockton          93      10168      -56                                   
1893 110 500-2519 10650           Rockton          67      10177      -42                                   
1893 110 900-2451 10587           Rockton          67      10171      -39                                   
1893 1101300-2384 10523           Rockton          67      10164      -50                                   
1893 1101700-2316 10460           Rockton          46      10145      -44                                   
1893 1102100-2249 10397           Rockton          67      10160      -56                                   
1893 111 100-2181 10333           Rockton          67      10172      -44                                   
1893 111 200-3149 15410           Rockton          67                 239                                   
1893 111 500-2114 10270           Rockton          67      10164      -28                                   
1893 111 900-2047 10197           Rockton          67      10144      -33                                   
1893 1111300-1980 10124           Rockton          46      10149      -44                                   
1893 1121700-1914 10051           Rockton          67      10114      -33                                   
1893 1122100-1847  9978           Rockton          67      10125      -44                                   
1893 113 100-1780  9905           Rockton          67      10136      -33                                   
1893 113 500-1713  9832           Rockton          67      10129      -22                                   
1893 113 900-1635  9770           Rockton          67      10132      -33                                   
1893 1131400-1557  9707           Rockton          67      10122      -28                                   
1893 1132200-1479  9645           Rockton          46      10099      -33                                   
1893 114 200-1401  9582           Rockton          46      10101      -31                                   
1893 114 600-1323  9520           Rockton          26      10111      -22                                   
1893 1182100-3230 15330           Rockton          26       9997      239                                   
1893 119 200-3230 15330           Rockton          10       9998      256                                   
1893 119 700-3230 15330           Rockton          10       9990      244                                   
1893 1192100-3230 15330           Rockton          93       9998      233                                   
1893 120 200-2940 15654           Rockton          46       9984      244                                   
1893 120 700-2940 15654           Rockton          67                 256                                   
1893 1202100-2940 15654           Rockton                             267                                   
1893 121 100-2730 16030           Rockton                   9987      278                                   
1893 121 600-2730 16030           Rockton          67      10004      278                                   
1893 1212000-2730 16030           Rockton          67      10046      289                                   
1893 122 100-2434 16338           Rockton          67      10041      283                                   
1893 122 600-2434 16338           Rockton          67                                                       
1893 1222100-2330 16491           Rockton          67      10052      278                                   
1893 123 100-2227 16645           Rockton          93      10039      311                                   
1893 123 700-2227 16645           Rockton          67      10034      300                                   
1893 1232000-2227 16645           Rockton          46      10052      272                                   
1893 124 100-2227 16645           Rockton          46      10032      311                                   
1893 124 700-2227 16645           Rockton          26      10025      294                                   
1893 1242000-2191 16680           Rockton          10      10037      278                                   
1893 125 100-2154 16715           Rockton          26      10034      272                                   
1893 125 600-2118 16749           Rockton          46      10021      272                                   
1893 1252000-2082 16784           Rockton          46      10010      278                                   
1893 126 100-2045 16819           Rockton          46       9990      311                                   
1893 126 700-2009 16819           Rockton                   9985      300                                   
1893 1262000-1972 16819           Rockton                  10000      289                                   
1893 127 100-1936 16819           Rockton          46       9999      294                                   
1893 127 700-1900 16819           Rockton          46       9996      294                                   
1893 1272000-1863 16819           Rockton          46      10019      294                                   
1893 128   0-1827 17318           Rockton          46      10025      300                                   
1893 128 500-1827 17318           Rockton          46                                                       
1893 1281900-1872 17628           Rockton          46      10031      283                                   
1893 129   0-1853 17727           Rockton          67      10033      289                                   
1893 129 600-1834 17826           Rockton          67      10022      278                                   
1893 1291900-1814 17826           Rockton                  10030      267                                   
1893 130   0-1795 17826           Rockton          26      10030      289                                   
1893 130 600-1776 17826           Rockton          10      10019      289                                   
1893 1301900-1756 17776           Rockton          46      10027      283                                   
1893 131   0-1737 17727           Rockton          46      10033      289                                   
1893 131 600-1737 17727           Rockton          26      10021      278                                   
1893 1311900-1772 17699           Rockton          26      10035      278                                   
1893 2 1   0-1808 17670           Rockton          46      10017      306                                   
1893 2 1 600-1808 17642           Rockton          46      10014      300                                   
1893 2 12000-1808 17613           Rockton          10      10028      278                                   
1893 2 2   0-1808 17585           Rockton          46      10025      300                                   
1893 2 2 600-1885 17557           Rockton         123      10003      289                                   
1893 2 21900-1963 17528           Rockton         123       9984      267                                   
1893 2 3   0-2040 17500           Rockton          93       9971      267                                   
1893 2 3 500-2133 17380           Rockton          67       9970      278                                   
1893 2 31900-2225 17260           Rockton          67      10016      267                                   
1893 2 4 100-2318 17140           Rockton          93      10027      261                                   
1893 2 4 600-2387 16970           Rockton          93      10027      267                                   
1893 2 42000-2457 16801           Rockton          67      10042      261                                   
1893 2 5 100-2526 16631           Rockton                  10044      272                                   
1893 2 5 600-2596 16470           Rockton          46      10037      272                                   
1893 2 52000-2667 16308           Rockton          46      10030      261                                   
1893 2 6 100-2737 16147           Rockton          46      10026      267                                   
1893 2 6 600-2805 16005           Rockton          67      10004      261                                   
1893 2 62000-2874 15863           Rockton         123       9951      256                                   
1893 2 7 200-2942 15721           Rockton          93       9932      256                                   
1893 2 7 700-3010 15579           Rockton         123       9916      250                                   
1893 215 200-3220 15334           Rockton          67      10111      244                                   
1893 2251900-1836 17258           Rockton          46      10018      278                                   
1893 226   0-1836 17258           Rockton          67      10005      294                                   
1893 226 500-1836 17258           Rockton           0      10002      294                                   
1893 2261900-1839 17499           Rockton           0      10025      300                                   
1893 227   0-1842 17740           Rockton          46      10026      294                                   
1893 227 600-1822 17716           Rockton          26      10026      289                                   
1893 2271900-1802 17693           Rockton           0      10025      278                                   
1893 228   0-1781 17669           Rockton           0      10023      311                                   
1893 228 600-1761 17646           Rockton                  10018      300                                   
1893 2281900-1741 17622           Rockton          46      10027      283                                   
1893 3 1   0-1741 17598           Rockton          10      10030      306                                   
1893 3 1 600-1741 17575           Rockton          46      10025      294                                   
1893 3 11900-1800 17551           Rockton          26      10052      294                                   
1893 3 2   0-1858 17528           Rockton          67      10056      317                                   
1893 3 2 600-1917 17504           Rockton          67      10040      294                                   
1893 3 21900-1975 17481           Rockton          67      10058      267                                   
1893 3 3   0-2034 17457           Rockton          67      10056      278                                   
1893 3 3 500-2132 17457           Rockton          93      10049      283                                   
1893 3 32100-2231 17232           Rockton          93      10073      267                                   
1893 3 4 100-2329 17007           Rockton          67      10072      278                                   
1893 3 4 600-2329 17007           Rockton          67      10061      261                                   
1893 3 42000-2430 16826           Rockton          67      10074      267                                   
1893 3 5 100-2531 16645           Rockton          93      10082      267                                   
1893 3 5 600-2531 16645           Rockton          93      10076      261                                   
1893 3 52000-2627 16458           Rockton          93      10072      250                                   
1893 3 6 100-2724 16271           Rockton          93      10071      256                                   
1893 3 6 600-2724 16085           Rockton          93      10058      256                                   
1893 3 62000-2829 15898           Rockton          67      10047      244                                   
1893 3 7 200-2935 15711           Rockton          67      10034      244                                   
1893 3 7 700-3040 15711           Rockton                             250                                   
1893 3 8 200-3250 15314           Rockton          46       9978      233                                   
1893 3 82200 3250 15314           Rockton          26      10020      244                                   
