1893 8 31400-3729 15012           Rodney           26                                                       
1893 8 31800-3729 15012           Rodney                                                                    
1893 8 32200-3729 15012           Rodney                                                                    
1893 8 4 200-3729 15012           Rodney           26      10124      111                                   
1893 8 4 600-3729 15012           Rodney           26                                                       
1893 8 41000-3729 15012           Rodney           26                                                       
1893 8 5 200 3641 15132           Rodney           26                                                       
1893 8 5 600 3641 15132           Rodney           26                                                       
1893 8 51000 3641 15132           Rodney           26      10030      125                                   
1893 8 6 200 3641 15132           Rodney                                                                    
1894 6171000-4070  3110           Rodney           46      10238      133                                   
1894 6181000-3958  3437           Rodney           67      10230      133                                   
1894 619 900-3931  3834           Rodney           67      10167      144                                   
1894 619 900-3931  3834           Rodney           67      10167      144                                   
1894 620 900-3940  4310           Rodney           93      10111      161                                   
1894 621 900-3940  4820           Rodney          154      10014      156                                   
1894 622 900-3959  5242           Rodney          123      10053      100                                   
1894 623 800-3948  5722           Rodney          154      10042      150                                   
1894 624 800-3920  6242           Rodney           67      10120      122                                   
1894 625 800-3958  6711           Rodney          123      10135      139                                   
1894 626 700-3858  7345           Rodney          190      10044      150                                   
1894 627 700-3855  7821           Rodney          190       9923      150                                   
1894 628 600-3918  8319           Rodney          123       9942      100                                   
1894 629 600-3920  8759           Rodney          123      10102       67                                   
1894 630 600-3846  9048           Rodney           93      10283       94                                   
1894 7 1 600-3911  9550           Rodney           46      10301      111                                   
1894 7 2 500-3920 10020           Rodney           46      10227      111                                   
1894 7 3 500-3914 10048           Rodney           93      10126      128                                   
1894 7 4 500-3930 10929           Rodney           67      10119      111                                   
1894 7 5 400-3934 11441           Rodney           67      10196       94                                   
1894 7 6 400-3946 11853           Rodney           46      10180      111                                   
1894 7 7 400-3947 12112           Rodney           26      10198      122                                   
1894 7 8 400-3951 12542           Rodney          123      10185      122                                   
1894 7 9 300-4050 12800           Rodney          190      10133      117                                   
1894 710 300-4019 12938           Rodney           46      10065      117                                   
1894 711 300-3955 13225           Rodney           67      10075       94                                   
1894 712 300-3930 13700           Rodney           67      10114      100                                   
1894 713 300-3913 14128           Rodney          226      10012      106                                   
1894 714 200-3920 14259           Rodney          226       9930      111                                   
1894 715 200-3928 14390           Rodney           93       9985      106                                   
1894 716 200-3935 14521           Rodney          123       9948      100                                   
1894 717 200-3626 15048           Rodney           93       9984       94                                   
1894 718 200-3457 14735           Rodney           93      10018      106                                   
1894 719 200-3470 15151           Rodney          154       9982      117                                   
1894 720 200-3351 15158           Rodney           93      10074      128                                   
189410 5 500-3900 10544           Rodney           67      10243      112                                   
189410 5 900-3907 10624           Rodney           67      10238      114                                   
189410 51300-3915 10705           Rodney           67      10230      111                                   
189410 51700-3922 10785           Rodney           67      10203      111                                   
189410 52100-3929 10865           Rodney           67      10179      114                                   
189410 6 100-3937 10946           Rodney           93      10167      108                                   
189410 6 500-3944 11026           Rodney           93      10138      117                                   
189410 6 900-3956 11094           Rodney          123      10110      118                                   
189410 61300-3968 11162           Rodney          123      10082      122                                   
189410 61700-3980 11230           Rodney          123      10068      112                                   
189410 62000-3993 11299           Rodney           93      10055      110                                   
189410 7   0-4005 11367           Rodney           93      10067      100                                   
189410 7 400-4017 11435           Rodney           93      10084      103                                   
189410 7 800-4016 11485           Rodney           93      10102       94                                   
189410 71200-4015 11536           Rodney           67      10117       88                                   
189410 71600-4014 11586           Rodney           67      10118       78                                   
189410 72000-4013 11637           Rodney           67      10106       79                                   
189410 8   0-4012 11687           Rodney           46      10106       89                                   
189410 8 400-4011 11738           Rodney           67      10101      122                                   
189410 8 800-4013 11800           Rodney           67      10091      111                                   
189410 81200-4014 11862           Rodney           46      10098      101                                   
189410 81600-4016 11923           Rodney          123      10078      106                                   
189410 82000-4018 11985           Rodney          123      10055      116                                   
189410 9   0-4019 12047           Rodney          123      10042      101                                   
189410 9 400-4021 12109           Rodney           93      10034      118                                   
189410 9 800-4018 12182           Rodney          123      10033      116                                   
189410 91200-4014 12255           Rodney          154      10021      106                                   
189410 91600-4011 12328           Rodney          154       9986      101                                   
189410 92000-4008 12402           Rodney          190       9970       84                                   
18941010   0-4004 12475           Rodney          190       9997       83                                   
18941010 400-4001 12548           Rodney          190      10020      101                                   
18941010 800-3992 12625           Rodney          154      10058       92                                   
189410101200-3983 12703           Rodney          154      10083       86                                   
189410101500-3974 12780           Rodney          123      10083       86                                   
189410101900-3966 12857           Rodney           67      10079       89                                   
189410102300-3957 12935           Rodney           93      10099       90                                   
18941011 300-3948 13012           Rodney           93      10090      111                                   
18941011 700-3958 13095           Rodney          123      10087      111                                   
189410111100-3968 13178           Rodney          154      10096      111                                   
189410111500-3978 13261           Rodney          154      10087      114                                   
189410111900-3989 13345           Rodney          154      10070      114                                   
189410112300-3999 13428           Rodney          154      10073      117                                   
18941012 300-4009 13511           Rodney          154      10070      128                                   
18941012 700-4029 13577           Rodney          123      10075      128                                   
189410121100-4048 13643           Rodney          123      10081      122                                   
189410121500-4068 13709           Rodney          123      10080      128                                   
189410121900-4088 13775           Rodney          123      10072      125                                   
189410122300-4107 13841           Rodney           93      10087      128                                   
18941013 300-4127 13907           Rodney           93      10084      139                                   
18941013 700-4106 13911           Rodney           67      10096      134                                   
189410131100-4085 13915           Rodney           67      10090      131                                   
189410131500-4063 13919           Rodney           10      10109      128                                   
189410131900-4042 13923           Rodney           93      10042      133                                   
189410132300-4021 13927           Rodney           67      10034      139                                   
18941014 300-4000 13931           Rodney           46      10064      143                                   
18941014 700-3979 13935           Rodney           26      10087      146                                   
189410141100-3958 13939           Rodney           10      10100      134                                   
189410141500-3936 13943           Rodney           10      10108      128                                   
