1892 8221800-3816 14827           Rome             67      10008      144                                   
1892 8231800-3804 14665           Rome             93      10053      133                                   
1892 8241800-3792 14502           Rome             26      10035      139                                   
1892 8251800-3781 14340           Rome             46      10027      128                                   
1892 8261900-3769 14177           Rome             67      10089      117                                   
1892 8271900-3757 14015           Rome             93      10110      117                                   
1892 8281900-3450 13816           Rome             67      10067      133                                   
1892 8291900-3450 13616           Rome              0      10057      133                                   
1892 8301900-3450 13417           Rome             67      10174      117                                   
1892 8311900-3529 13218           Rome             67      10157      144                                   
1892 9 12000-3522 12557           Rome             67      10112      150                                   
1892 9 22000-3540 11925           Rome            123      10092      172                                   
1892 9 32000-3453 11521           Rome            154      10140      122                                   
1892 9 42100-3042 11058           Rome             26      10230      144                                   
1892 9 52100-2623 10649           Rome             67      10177      183                                   
1892 9 62100-2149 10259           Rome             26      10171      200                                   
1892 9 72100-1718  9924           Rome             67      10155      217                                   
1892 9 82200-1250  9533           Rome             67      10126      239                                   
1892 9 92200 -827  9140           Rome             67      10088      256                                   
1892 9102200 -410  8811           Rome             26      10079      267                                   
1892 9112200   32  8410           Rome             10      10079      267                                   
1892 9122300  432  8112           Rome            123      10084      256                                   
1892 9132300  533  7951           Rome             26      10104      261                                   
1892 9142300  633  7951           Rome             26      10110      261                                   
1892 9152300  734  7614           Rome             93      10080      267                                   
1892 9162300  836  7052           Rome             67      10094      261                                   
1892 918   0  955  6546           Rome             26      10098      261                                   
1892 919   0 1190  6043           Rome             93      10090      250                                   
1892 920   0 1224  5552           Rome             67      10074      250                                   
1892 921 100 1350  5040           Rome             67      10058      244                                   
1893 8 12100-1349-14145           Rome            123      10099      283                                   
1893 8 2 100-1349-14145           Rome            123      10096      283                                   
1893 8 2 500-1413-14240           Rome             26      10117      278                                   
1893 8 21800-1478-14270           Rome            123                 272                                   
1893 8 22200-1542-14300           Rome            123                 278                                   
1893 8 3 200-1628-14333           Rome            123      10115      278                                   
1893 8 3 600-1714-14367           Rome            123      10143      272                                   
1893 8 31800-1800-14400           Rome            123                 261                                   
1893 8 32200-1840-14400           Rome            123                                                       
1893 8 4 200-1840-14400           Rome             93      10140      256                                   
1893 8 41800-2000-14420           Rome             67      10169      244                                   
1893 8 42200-2000-14420           Rome             67                 244                                   
1893 8 5 200-2000-14420           Rome             93      10149      244                                   
1893 8 5 600-2000-14420           Rome             93      10169      244                                   
1893 8 51400-2100-14500           Rome             46      10180      244                                   
1893 8 51800-2100-14500           Rome             46                 244                                   
1893 8 52200-2100-14500           Rome             67                 250                                   
1893 8 6 200-2175-14543           Rome             67                 250                                   
1893 8 6 600-2250-14587           Rome             67      10177      250                                   
1893 8 61800-2325-14630           Rome             67      10203      239                                   
1893 8 62200-2400-14674           Rome             46      10200      239                                   
1893 8 7 200-2400-14717           Rome             67      10217      239                                   
1893 8 71000-2400-14761           Rome             46                 233                                   
1893 8 71800-2400-14804           Rome             93      10203      239                                   
1893 8 72200-2400-14848           Rome             67                 239                                   
1893 8 8 200-2400-14891           Rome             26      10159      239                                   
1893 8 8 600-2400-14935           Rome             46                 233                                   
1894 413   0 5000  -341           Rome             10      10060      100                                   
1894 4131200 5000  -341           Rome             10      10060      100                                   
1894 4141200 5000  -341           Rome             93       9969      139                                   
1894 4151200 4550  -748           Rome             93       9991      144                                   
1894 4161300 4117  -931           Rome             93      10108      167                                   
1894 4171200 3626  -745           Rome             26      10149      200                                   
1894 4181200 3634  -134           Rome             26      10095      178                                   
1894 4191200 3727   531           Rome             26      10115      167                                   
1894 4201100 3654  1157           Rome             93       9943      183                                   
1894 4211100 3621  1520           Rome             93       9957      194                                   
1894 4221100 3733  1735           Rome             93      10050      189                                   
1894 4231100 3845  1950           Rome             46      10086      183                                   
1894 4241000 3437  2430           Rome             26      10109      183                                   
1894 4251000 3260  3038           Rome             26      10107      167                                   
1894 4261000 2935  3248           Rome             26      10092      200                                   
1894 4271000 2611  3459           Rome             67      10067      239                                   
1894 428 900 2114  3850           Rome             46      10067      278                                   
1894 429 900 1680  4150           Rome             46      10057      306                                   
1894 430 900 1238  4448           Rome             26      10060      294                                   
1894 5 1 900 1225  4912           Rome             10      10072      283                                   
1894 5 2 800 1130  5438           Rome             26      10083      294                                   
1894 5 3 800 1024  6015           Rome             10      10083      289                                   
1894 5 4 800  925  6546           Rome             26      10083      289                                   
1894 5 5 700  830  7140           Rome             10      10064      300                                   
1894 5 6 700  733  7619           Rome             26      10067      300                                   
1894 5 7 700  656  7950           Rome             67      10060      300                                   
1894 5 8 700  421  8110           Rome             67      10056      283                                   
1894 5 9 600   20  8517           Rome             46      10048      289                                   
1894 510 600 -413  8920           Rome             10      10066      283                                   
1894 511 600 -838  9235           Rome             67      10074      283                                   
1894 512 600-1340  9526           Rome             67      10087      272                                   
1894 513 500 -125  9836           Rome             93      10097      256                                   
1894 514 500 -925 10157           Rome             93      10133      250                                   
1894 515 500-1725 10517           Rome             67      10166      217                                   
1894 516 500-2525 10980           Rome             46      10152      206                                   
1894 519 400-3510 12325           Rome             67      10127      183                                   
1894 521 300-3530 13714           Rome             46      10155      156                                   
1894 522 300-3649 13913           Rome                     10113      172                                   
1894 523 300-3715 14185           Rome            123      10068      139                                   
1894 524 200-3831 14457           Rome             46      10116      144                                   
1894 525 200-3717 15011           Rome             67      10143      156                                   
1894 526 200-3386 15121           Rome             67      10184      178                                   
1895 1 6 100 4494  -816           Rome            123      10084      111                                   
1895 1 61300 4450  -834           Rome             67      10087      128                                   
1895 1 61700 4405  -852           Rome             93      10053      128                                   
1895 1 62100 4361  -869           Rome             93      10071      139                                   
1895 1 7 100 4316  -887           Rome             93      10033      122                                   
1895 1 7 500 4272  -905           Rome             93      10063      139                                   
1895 1 7 900 4227  -922           Rome            123      10063      139                                   
1895 1 71300 4183  -940           Rome            154      10053      156                                   
1895 1 91200 3649   125           Rome             67      10100      228                                   
1895 1 91600 3664   247           Rome             93      10092      178                                   
1895 1 92000 3679   369           Rome             67                 144                                   
1895 110   0 3693   490           Rome             93      10046      150                                   
1895 110 400 3708   612           Rome             93      10072      139                                   
1895 110 800 3723   734           Rome                     10058      139                                   
1895 1101100 3738   856           Rome             93      10080      172                                   
1895 1101500 3753   978           Rome            123      10044      144                                   
1895 1101900 3768  1100           Rome            123      10049      156                                   
1895 1102300 3593  1414           Rome             67                 150                                   
1895 111 300 3610  1438           Rome             46      10041      156                                   
1895 111 700 3626  1463           Rome             67      10055      156                                   
1895 1111100 3642  1487           Rome             67      10053      167                                   
1895 1111500 3659  1512           Rome             67      10035      178                                   
1895 1111900 3675  1537           Rome             67      10036      150                                   
1895 1112300 3692  1561           Rome                                                                      
1895 112 300 3708  1586           Rome             93      10004      161                                   
1895 112 700 3725  1610           Rome             46      10010      167                                   
1895 1121100 3741  1635           Rome             46      10015      178                                   
1895 1121500 3757  1660           Rome             67      10020      167                                   
1895 1121900 3774  1684           Rome             93      10044      150                                   
1895 1122300 3790  1709           Rome                                                                      
1895 113 300 3807  1733           Rome             46      10082      122                                   
1895 113 700 3823  1758           Rome             46      10084      133                                   
1895 1131100 3840  1782           Rome             46      10090      156                                   
1895 1131500 3856  1807           Rome             46      10091      156                                   
1895 1131900 3872  1832           Rome             46      10094      133                                   
1895 1132300 3889  1856           Rome                                                                      
1895 114 300 3905  1881           Rome             10      10107      122                                   
1895 114 700 3922  1905           Rome             46      10109      128                                   
1895 1141100 3938  1930           Rome             67      10118      156                                   
1895 1141900 3853  2008           Rome             46      10148      156                                   
1895 1142300 3767  2086           Rome             46                                                       
1895 115 300 3682  2163           Rome              0      10153      156                                   
1895 115 700 3596  2241           Rome             26      10161      167                                   
1895 1151000 3511  2319           Rome             26      10170      167                                   
1895 1151400 3426  2397           Rome             26      10173      183                                   
1895 1151800 3340  2475           Rome             26      10185      167                                   
1895 1152200 3359  2815           Rome             46      10202      167                                   
1895 116 200 3318  2852           Rome             26      10191      172                                   
1895 116 600 3276  2888           Rome             26      10197      172                                   
1895 1161000 3235  2924           Rome             46      10200      178                                   
1895 1161400 3194  2960           Rome             26      10187      189                                   
1895 1161800 3152  2996           Rome             46      10198      183                                   
1895 1162200 3111  3032           Rome             26      10191      139                                   
1895 117 200 3069  3069           Rome                     10195      156                                   
1895 117 600 3028  3105           Rome             10      10188      133                                   
1895 1171000 2986  3141           Rome             26      10196      167                                   
1895 1171400 2945  3177           Rome             46      10191      172                                   
1895 1171800 2904  3213           Rome             46      10197      156                                   
1895 1172200 2862  3249           Rome             26      10147      211                                   
1895 118 200 2821  3286           Rome             46      10174      150                                   
1895 118 600 2779  3322           Rome             67      10172      200                                   
1895 1181000 2738  3358           Rome             26      10177      189                                   
1895 1181400 2656  3417           Rome             26      10150      206                                   
1895 1181800 2573  3477           Rome             26      10156      206                                   
1895 1182200 2491  3536           Rome             26      10097      256                                   
1895 119 200 2409  3596           Rome             26      10117      228                                   
1895 119 600 2326  3655           Rome             26      10118      239                                   
1895 1191000 2244  3715           Rome             26      10131      239                                   
1895 1191300 2162  3774           Rome             26      10094      256                                   
1895 1191700 2079  3834           Rome             26                 256                                   
1895 1202100 1347  4291           Rome             67      10124      256                                   
1895 121 100 1335  4321           Rome            123      10082      261                                   
1895 121 500 1323  4350           Rome            123      10088      267                                   
1895 121 900 1311  4380           Rome            123      10088      267                                   
1895 1211300 1299  4409           Rome            123      10089      261                                   
1895 1211700 1287  4439           Rome             67      10123      256                                   
1895 1212100 1275  4468           Rome             67      10122      244                                   
1895 122 100 1263  4498           Rome             67      10130      256                                   
1895 122 500 1251  4527           Rome             67      10137      256                                   
1895 122 900 1239  4557           Rome             67      10135      267                                   
1895 1221300 1226  4653           Rome             67      10110      256                                   
1895 1221700 1212  4749           Rome             67      10131      250                                   
1895 1222100 1199  4845           Rome             46      10128      244                                   
1895 123 100 1186  4941           Rome             67      10109      239                                   
1895 123 500 1172  5037           Rome             67      10145      244                                   
1895 123 900 1159  5133           Rome             67      10136      256                                   
1895 1231300 1141  5231           Rome             46      10108      244                                   
1895 1231600 1123  5329           Rome             67      10136      239                                   
1895 1232000 1104  5427           Rome             93      10117      250                                   
1895 124   0 1086  5526           Rome             46      10108      244                                   
1895 124 400 1068  5624           Rome             67      10140      250                                   
1895 124 800 1050  5722           Rome             67      10126      256                                   
1895 1241200 1033  5811           Rome             67      10089      256                                   
1895 1241600 1016  5899           Rome             93      10119      256                                   
1895 1242000  998  5988           Rome             93      10071      261                                   
1895 125   0  981  6077           Rome             67      10089      256                                   
1895 125 400  964  6165           Rome             93      10106      256                                   
1895 125 800  947  6254           Rome             93      10088      261                                   
1895 1251200  930  6343           Rome             93      10098      261                                   
1895 1251600  913  6431           Rome             93      10074      239                                   
1895 1252000  840  6519           Rome             26      10073      267                                   
1895 126   0  843  6621           Rome             93      10064      261                                   
1895 126 400  845  6724           Rome             46      10079      272                                   
1895 126 700  847  6826           Rome             26      10076      267                                   
1895 1261100  849  6928           Rome             26      10049      272                                   
1895 1261500  851  7031           Rome             26      10060      267                                   
1895 1261900  853  7133           Rome             67                 267                                   
1895 1262300  856  7235           Rome             26      10053      267                                   
1895 127 300  858  7338           Rome              0      10072      272                                   
1895 127 700  860  7440           Rome              0      10079      272                                   
1895 1271100  826  7521           Rome             26      10051      278                                   
1895 1271500  791  7602           Rome             46      10058      278                                   
1895 1271900  756  7683           Rome             46      10073      267                                   
1895 1272300  722  7764           Rome             67      10046      267                                   
1895 128 300  687  7845           Rome             67      10069      267                                   
1895 128 700  653  7926           Rome             67      10067      278                                   
1895 1281100  619  7950           Rome             46      10070      283                                   
1895 1281500  585  7974           Rome             26      10070      283                                   
1895 1281900  551  7999           Rome             67      10086      267                                   
1895 1282300  517  8023           Rome             46      10076      267                                   
1895 129 300  483  8047           Rome             26      10075      272                                   
1895 129 700  448  8071           Rome             26      10075      289                                   
1895 1291100  414  8096           Rome             10      10049      283                                   
1895 1291500  380  8120           Rome             67      10064      278                                   
1895 1291900  346  8144           Rome             46      10049      283                                   
1895 1292300  312  8168           Rome             46      10044      272                                   
1895 130 300  278  8193           Rome             46      10059      283                                   
1895 130 700  244  8217           Rome             26      10066      283                                   
1895 1301100  210  8241           Rome             46      10033      261                                   
1895 1301400  176  8265           Rome             46      10050      278                                   
1895 1302200   29  8404           Rome             26                 278                                   
1895 131 200  -57  8469           Rome             46      10049      283                                   
1895 131 600 -143  8533           Rome             46      10048      289                                   
1895 1311000 -229  8597           Rome             26      10017      272                                   
1895 1311400 -315  8662           Rome             26      10055      267                                   
1895 1311800 -401  8726           Rome             26      10052      267                                   
1895 1312200 -488  8790           Rome             26      10036      261                                   
1895 2 1 200 -574  8855           Rome             26      10051      272                                   
1895 2 1 600 -660  8919           Rome             26      10047      278                                   
1895 2 11000 -732  8975           Rome             26      10025      289                                   
1895 2 11400 -803  9031           Rome             26      10052      272                                   
1895 2 11800 -875  9086           Rome             46      10045      272                                   
1895 2 12200 -947  9142           Rome             26      10028      256                                   
1895 2 2 200-1018  9198           Rome             26      10035      278                                   
1895 2 2 600-1090  9254           Rome             26      10017      283                                   
1895 2 21000-1145  9317           Rome             26       9994      283                                   
1895 2 21400-1200  9381           Rome             26                                                       
1895 2 21800-1255  9444           Rome             26      10022      261                                   
1895 2 22200-1311  9507           Rome             26      10012      261                                   
1895 2 3 200-1366  9571           Rome             67      10031      267                                   
1895 2 3 600-1421  9634           Rome             67      10045      267                                   
1895 2 31000-1489  9688           Rome             67      10030      256                                   
1895 2 31400-1556  9741           Rome             26      10057      239                                   
1895 2 31700-1624  9795           Rome             26      10066      244                                   
1895 2 32100-1692  9849           Rome             46      10048      233                                   
1895 2 4 100-1759  9902           Rome             46      10060      244                                   
1895 2 4 500-1827  9956           Rome             46      10053      250                                   
1895 2 4 900-1895 10010           Rome             46      10037      250                                   
1895 2 41300-1962 10063           Rome             46      10052      239                                   
1895 2 41700-2030 10117           Rome             46      10064      233                                   
1895 2 42100-2097 10222           Rome             46      10051      233                                   
1895 2 5 100-2166 10276           Rome             46      10064      256                                   
1895 2 5 500-2234 10331           Rome             26      10064      239                                   
1895 2 5 900-2302 10385           Rome             26      10078      239                                   
1895 2 51300-2371 10440           Rome             46      10067      228                                   
1895 2 51700-2439 10494           Rome                                                                      
1895 2 52100-2507 10549           Rome             46      10042      222                                   
1895 2 6 100-2576 10603           Rome             46      10045      228                                   
1895 2 6 500-2644 10658           Rome                     10052      228                                   
1895 2 6 900-2712 10724           Rome             26      10046      228                                   
1895 2 61300-2780 10791           Rome             46      10053      228                                   
1895 2 61700-2848 10857           Rome                                                                      
1895 2 62100-2916 10924           Rome             46      10069      217                                   
1895 2 7 100-2984 10990           Rome             67      10081      228                                   
1895 2 7 500-3052 11057           Rome             93      10090      222                                   
1895 2 7 900-3052 11057           Rome             93      10084      217                                   
1895 2 71300-3052 11057           Rome             93      10108      194                                   
1895 2 71700-3148 11170           Rome                                194                                   
1895 2 72000-3243 11283           Rome            123      10100      189                                   
1895 2 8   0-3339 11397           Rome            123      10113      194                                   
1895 2 8 400-3435 11510           Rome            123      10126      206                                   
1895 2 8 800-3531 11563           Rome             93      10128      200                                   
1895 2 81200-3626 11617           Rome             93      10143      194                                   
1895 2 81600-3722 11670           Rome                                                                      
1895 2 82000-3818 11724           Rome             67      10143      183                                   
1895 2 9   0-3914 11777           Rome             93      10135      194                                   
1895 2 9 400-4009 11831           Rome             93      10126      156                                   
1895 2 9 800-4105 11884           Rome             67      10113      200                                   
1895 2 91200-4201 11938           Rome            123      10113      200                                   
1895 2 91600-3515 12458           Rome             67      10068      194                                   
1895 2 92000-3515 12458           Rome             93      10099      189                                   
1895 210   0-3515 12458           Rome             67      10098      194                                   
1895 210 400-3515 12458           Rome             67      10106      206                                   
1895 210 800-3515 12458           Rome             67      10087      200                                   
1895 2101200-3515 12458           Rome             67      10085      194                                   
1895 2101600-3523 12630           Rome             26      10041      211                                   
1895 2101900-3530 12802           Rome             67      10065      189                                   
1895 2102300-3538 12974           Rome             67      10067      200                                   
1895 211 300-3546 13146           Rome             46      10059      206                                   
1895 211 700-3546 13146           Rome             46      10038      211                                   
1895 2111100-3546 13146           Rome             26      10048      211                                   
1895 2111500-3459 13817           Rome             26      10070      261                                   
1895 2111900-3459 13817           Rome             26      10029      222                                   
1895 2112300-3459 13817           Rome             26      10050      239                                   
1895 212 300-3459 13817           Rome             10      10056      261                                   
1895 212 700-3459 13817           Rome             10      10057      300                                   
1895 2121100-3459 13817           Rome             10      10065      289                                   
1895 2121500-3752 14013           Rome             26      10146      222                                   
1895 2121900-3752 14013           Rome             26      10078      228                                   
1895 2122300-3752 14013           Rome             46      10108      211                                   
1895 213 300-3752 14013           Rome             10      10118      250                                   
1895 213 700-3752 14013           Rome             26      10118      228                                   
1895 2131100-3752 14013           Rome             26      10145      228                                   
1895 2131400-3725 14440           Rome             26      10139      222                                   
1895 2131800-3725 14440           Rome             10      10149      206                                   
1895 2132200-3725 14440           Rome             10      10173      200                                   
1895 214 200-3725 14440           Rome             26      10158      211                                   
1895 214 600-3725 14440           Rome             26      10140      239                                   
1895 2141000-3725 14440           Rome             26      10138      228                                   
1895 5232200 2715  3414           Rome             26      10063      267                                   
1895 5241000 2715  3414           Rome             67      10085      278                                   
1895 5242200 2219  3731           Rome             26      10055      294                                   
1895 5251000 2219  3731           Rome             46      10045      294                                   
1895 5252100 1717  4029           Rome             46      10039      311                                   
1895 526 900 1717  4029           Rome             26      10049      311                                   
1895 5262100 1231  4345           Rome             10      10039      300                                   
1895 527 900 1231  4343           Rome             26      10048      306                                   
1895 5272100 1249  4759           Rome             10      10019      278                                   
1895 528 900 1249  4759           Rome             26      10047      311                                   
1895 5282000 1248  5321           Rome             67      10026      294                                   
1895 529 800 1248  5321           Rome             67      10025      300                                   
1895 5292000 1135  5940           Rome             67      10056      294                                   
1895 530 800 1135  5940           Rome             67      10048      300                                   
1895 5302000 1080  6446           Rome             67      10058      300                                   
1895 531 800 1080  6446           Rome             46      10073      311                                   
1895 5311900  848  7011           Rome             26      10050      283                                   
1895 6 1 700  848  7011           Rome             46      10054      300                                   
1895 6 11900  760  7543           Rome             46      10043      283                                   
1895 6 2 700  740  7543           Rome             26      10064      300                                   
1895 6 21900  740  7984           Rome             26      10034      278                                   
1895 6 3 700  695  7984           Rome             26      10044      300                                   
1895 6 31900  590  8034           Rome             46      10053      283                                   
1895 6 4 700  590  8034           Rome             46      10052      289                                   
1895 6 41800  150  8450           Rome             10      10058      289                                   
1895 6 5 600  150  8450           Rome             10      10065      289                                   
1895 6 51800 -311  8727           Rome             46      10050      278                                   
1895 6 6 600 -311  8727           Rome             26      10054      294                                   
1895 6 61800 -726  9057           Rome             67      10053      283                                   
1895 6 7 600 -726  9057           Rome             67      10060      283                                   
1895 6 71800 -726  9057           Rome             67      10053      283                                   
1895 6 71800 -936  9301           Rome             46      10060      267                                   
1895 6 8 600-1137  9440           Rome             46      10044      283                                   
1895 6 81800-1337  9578           Rome             67      10066      278                                   
1895 6 9 600-1538  9717           Rome             46      10079      267                                   
1895 6 91700-1741  9887           Rome             67      10060      244                                   
1895 610 500-1945 10057           Rome             46      10064      250                                   
1895 6101700-2151 10243           Rome             46                 217                                   
1895 611 500-2358 10429           Rome             46      10076      233                                   
1895 612 500-2819 10841           Rome             46      10052      217                                   
1895 613 500-3199 11234           Rome                      9943      200                                   
1895 614 400-3580 11820           Rome             46      10130      167                                   
1895 615 400-3550 12143           Rome                     10193      172                                   
1895 616 300-3521 12752           Rome             46                 172                                   
1895 617 300-3545 13357           Rome             46                                                       
1895 618 300-3682 13707           Rome             26                                                       
1895 619 300-3819 14058           Rome                     10065      144                                   
1895 620 200-3793 14357           Rome                     10013      150                                   
1895 621 200-3767 14655           Rome             46                                                       
1895 622 200-3741 14954           Rome                     10092      139                                   
1895 928 500 1641  4057           Rome             10      10050      306                                   
189510 61900  412  8122           Rome             67      10044      272                                   
189510 62300  412  8122           Rome             26      10050      278                                   
189510 7 300  412  8122           Rome             26      10053      283                                   
189510 7 700  412  8122           Rome             46      10049      306                                   
189510 71100  412  8122           Rome             26      10037      294                                   
189510 71500  412  8122           Rome             26      10045      289                                   
189510 71900  412  8122           Rome             67      10021      272                                   
189510 72300  412  8122           Rome             46      10035      267                                   
189510 8 300  412  8122           Rome             26      10043      261                                   
189510 8 700  412  8122           Rome             67      10023      278                                   
189510 81100  412  8122           Rome             67      10022      283                                   
189510 81500  412  8122           Rome             67      10050      278                                   
189510 81800  -10  8590           Rome                     10070      278                                   
189510 82200  -10  8598           Rome             46      10040      278                                   
189510 9 200  -10  8598           Rome             26      10050      278                                   
189510 9 600  -10  8590           Rome             26      10060      278                                   
189510 91000  -10  8590           Rome             26      10043      278                                   
189510 91400  -10  8590           Rome             10      10067      278                                   
189510 91800 -416  8838           Rome             67      10052      267                                   
189510 92200 -416  8838           Rome             46      10052      267                                   
18951010 200 -416  8838           Rome             26      10061      272                                   
18951010 600 -416  8838           Rome             46      10060      278                                   
189510101000 -416  8838           Rome             67      10054      256                                   
189510101400 -416  8838           Rome             67      10067      256                                   
189510101800 -820  9147           Rome             93      10084      261                                   
189510102200 -820  9147           Rome             93      10036      267                                   
18951011 200 -820  9147           Rome             93      10059      272                                   
18951011 600 -820  9147           Rome             93      10058      278                                   
189510111000 -820  9147           Rome             93      10048      278                                   
189510111400 -820  9147           Rome             93      10074      261                                   
189510111800-1220  9441           Rome             93      10101      250                                   
189510112200-1220  9441           Rome             67      10065      261                                   
18951012 200-1220  9441           Rome             93      10089      261                                   
18951012 600-1220  9441           Rome             93      10091      267                                   
189510121000-1220  9441           Rome             93      10073      272                                   
189510121400-1319  9520           Rome             93      10087      256                                   
189510121800-1419  9600           Rome             93      10125      228                                   
189510122200-1518  9679           Rome             93      10093      244                                   
18951013 100-1618  9759           Rome             67      10113      244                                   
18951013 500-1618  9759           Rome             67      10116      250                                   
18951013 900-1618  9759           Rome             67      10097      239                                   
189510131300-1618  9759           Rome             93      10108      233                                   
189510131700-1820  9939           Rome             26      10130      211                                   
189510132100-2023 10119           Rome             67      10108      228                                   
18951014 100-2023 10119           Rome             46      10125      228                                   
18951014 500-2023 10119           Rome             46      10124      233                                   
18951014 900-2023 10119           Rome             26      10121      233                                   
189510141300-2023 10119           Rome             26      10127      217                                   
189510141700-2230 10313           Rome             26      10155      200                                   
189510142100-2437 10507           Rome             26      10110      211                                   
18951015 100-2437 10507           Rome             10      10130      217                                   
18951015 500-2437 10507           Rome             26      10131      211                                   
18951015 900-2437 10507           Rome             26      10131      211                                   
189510151300-2437 10507           Rome             26      10155      206                                   
189510151700-2648 10711           Rome             10      10130      183                                   
189510152100-2859 10915           Rome             10      10140      194                                   
18951016 100-2859 10915           Rome             26      10151      206                                   
18951016 500-2859 10915           Rome             26      10162      200                                   
18951016 900-2859 10915           Rome             10      10157      211                                   
189510161300-2859 10915           Rome                     10150      194                                   
189510161600-3329 11328           Rome             67      10112      183                                   
189510162000-3329 11328           Rome             26      10092      183                                   
18951017   0-3329 11328           Rome             67      10095      183                                   
18951017 400-3329 11328           Rome             67      10091      189                                   
18951017 800-3329 11328           Rome             67      10092      222                                   
189510171200-3329 11328           Rome             93      10101      206                                   
189510171600-3329 11328           Rome             67      10112      183                                   
189510172000-3329 11328           Rome             67      10129      183                                   
18951018   0-3329 11328           Rome             10      10124      172                                   
18951018 400-3329 11328           Rome             10      10130      178                                   
18951018 800-3329 11328           Rome             26      10124      189                                   
189510181200-3329 11328           Rome             67      10150      178                                   
189510181600-3453 12420           Rome             93      10148      172                                   
189510182000-3453 12420           Rome             26      10149      167                                   
18951019   0-3453 12420           Rome             67      10151      178                                   
18951019 400-3453 12420           Rome             67      10163      167                                   
18951019 800-3453 12420           Rome             67      10173      167                                   
189510191200-3453 12420           Rome             93      10182      150                                   
189510191500-3530 13053           Rome             67      10180      150                                   
189510191900-3530 13053           Rome             67      10174      144                                   
189510192300-3530 13053           Rome             67      10191      144                                   
18951020 300-3530 13053           Rome             67      10188      161                                   
18951020 700-3530 13053           Rome             67      10185      161                                   
189510201100-3530 13053           Rome             67      10182      156                                   
189510201500-3516 13745           Rome             26      10139      172                                   
189510201900-3516 13745           Rome             67      10169      156                                   
189510202300-3516 13745           Rome             67      10179      172                                   
18951021 300-3516 13745           Rome             67      10176      172                                   
18951021 700-3516 13745           Rome             26      10134      283                                   
189510211100-3516 13745           Rome             26      10148      200                                   
189510211500-3516 13745           Rome             26      10139      172                                   
189510211500-3712 13932           Rome             46      10104      150                                   
189510211900-3712 13932           Rome             26      10136      161                                   
189510212300-3712 13932           Rome             26      10139      161                                   
18951022 300-3712 13932           Rome              0      10138      167                                   
18951022 700-3712 13932           Rome             10      10120      172                                   
189510221100-3712 13932           Rome             26      10118      144                                   
189510221500-3712 13932           Rome             67      10067      167                                   
189510221900-3712 13932           Rome             26      10104      150                                   
189510222300-3712 13932           Rome             67      10087      172                                   
18951023 300-3712 13932           Rome             46      10089      156                                   
18951023 700-3712 13932           Rome             26      10105      206                                   
189510231100-3712 13932           Rome             46      10040      167                                   
189510231500-3712 14021           Rome             67                                                       
189510231900-3712 14111           Rome             93      10067      150                                   
189510232300-3712 14200           Rome            123      10079      156                                   
18951024 200-3712 14290           Rome            123      10130      172                                   
18951024 600-3712 14379           Rome            123      10137      172                                   
189510241000-3712 14469           Rome            123      10169      144                                   
189510241400-3683 14558           Rome                                                                      
189510241800-3654 14558           Rome             67      10164      128                                   
189510242200-3625 14558           Rome             26      10163      133                                   
18951025 200-3596 14558           Rome                     10175      139                                   
18951025 600-3566 14558           Rome             67      10156      150                                   
189510251000-3537 14558           Rome             26      10158      139                                   
189510251800-3508 14710           Rome             67      10115      133                                   
189510252200-3479 14861           Rome             93                 161                                   
18951026 200-3450 15013           Rome                     10064      194                                   
18951026 600-3421 15165           Rome            123      10013      194                                   
189510261000-3392 15316           Rome             93      10045      200                                   
