1895 1201600-3403-17297           Rotokino         26      10012      200                                   
1895 1202000-3409-17424           Rotokino                 10010      211                                   
1895 121 400-3416-17551           Rotokino         26      10001      267                                   
1895 121 800-3422-17678           Rotokino         67      10035      244                                   
1895 1211600-3428-17805           Rotokino         67      10043      217                                   
1895 1212000-3434-17932           Rotokino         67      10075      228                                   
1895 121 400-3440 17941           Rotokino         26      10098      250                                   
1895 1212000-3447 17814           Rotokino                 10106      267                                   
1895 122 400-3453 17687           Rotokino                 10113      267                                   
1895 1221600-3459 17560           Rotokino         26      10155      233                                   
1895 1222000-3465 17433           Rotokino         26      10158      256                                   
1895 123 400-3471 17306           Rotokino         26      10164      300                                   
1895 123 900-3478 17179           Rotokino         26      10146      267                                   
1895 1231700-3484 17052           Rotokino         26      10149      233                                   
1895 1232100-3490 16925           Rotokino         26      10152      256                                   
1895 124 500-3455 16799           Rotokino         26      10144      322                                   
1895 124 900-3419 16672           Rotokino         67      10138      294                                   
1895 1241700-3384 16546           Rotokino         26      10135      250                                   
1895 1242100-3349 16420           Rotokino         26      10115      267                                   
1895 125 500-3343 16307           Rotokino         26      10100      278                                   
1895 125 900-3337 16195           Rotokino         26      10086      278                                   
1895 1251700-3332 16082           Rotokino         26      10070      256                                   
1895 1252100-3326 15970           Rotokino         26      10050      250                                   
1895 126 500-3309 15857           Rotokino         46      10028      300                                   
1895 1261800-3292 15745           Rotokino         26       9988      256                                   
1895 1262200-3276 15632           Rotokino         26       9992      256                                   
1895 127 600-3259 15520           Rotokino        154       9968      256                                   
1895 1271000-3242 15407           Rotokino        154      10004      239                                   
1895 2 91800-3257 15225           Rotokino         26       9984      261                                   
1895 2 92200-3276 15347           Rotokino         67      10012      278                                   
1895 210 600-3296 15470           Rotokino         67      10019      256                                   
1895 2101800-3316 15593           Rotokino         67      10055      239                                   
1895 2102200-3335 15715           Rotokino         67      10090      233                                   
1895 211 500-3355 15838           Rotokino         67      10103      261                                   
1895 2111700-3375 15973           Rotokino         46      10091      228                                   
1895 2112100-3394 16108           Rotokino         46      10114      233                                   
1895 212 500-3414 16243           Rotokino         93      10110      261                                   
1895 2121700-3414 16379           Rotokino         93      10088      228                                   
1895 2122100-3415 16514           Rotokino         93      10092      228                                   
1895 213 500-3415 16650           Rotokino        154      10071      228                                   
1895 2131700-3418 16731           Rotokino        190      10039      239                                   
1895 2132100-3420 16811           Rotokino        226      10028      228                                   
1895 214 500-3423 16892           Rotokino        268      10010      211                                   
1895 2141700-3425 16973           Rotokino        268      10003      217                                   
1895 2142100-3428 17053           Rotokino        268      10003      217                                   
1895 215 500-3430 17134           Rotokino        268       9982      217                                   
1895 2151700-3458 17236           Rotokino         93      10041      233                                   
1895 2152000-3485 17337           Rotokino         26      10056      244                                   
1895 216 400-3513 17439           Rotokino         26      10039      244                                   
1895 2281600-4096 17701           Rotokino         26      10003      211                                   
1895 2282000-4068 17591           Rotokino         26      10006      211                                   
1895 3 1 400-4040 17480           Rotokino         26      10002      211                                   
1895 3 1 800-4012 17370           Rotokino         26      10002      211                                   
1895 3 11600-3983 17260           Rotokino         93       9914      211                                   
1895 3 12100-3955 17149           Rotokino         93       9924      211                                   
1895 3 2 500-3927 17039           Rotokino         93       9945      222                                   
1895 3 2 900-3883 16929           Rotokino         93       9981      211                                   
1895 3 21700-3840 16818           Rotokino         93       9980      211                                   
1895 3 22100-3797 16708           Rotokino         46      10010      233                                   
1895 3 3 500-3753 16597           Rotokino         46      10024      228                                   
1895 3 3 900-3721 16487           Rotokino         46      10066      217                                   
1895 3 31700-3688 16377           Rotokino         67      10062      200                                   
1895 3 32100-3656 16266           Rotokino                 10113      211                                   
1895 3 4 500-3624 16156           Rotokino                 10122      239                                   
1895 3 4 900-3588 16069           Rotokino         10      10128      239                                   
1895 3 41300-3552 15982           Rotokino         93                 250                                   
1895 3 41700-3517 15895           Rotokino         46      10122      233                                   
1895 3 42100-3481 15808           Rotokino         46      10123      244                                   
1895 3 5 600-3445 15721           Rotokino         93      10099      267                                   
1895 3 51000-3423 15643           Rotokino         93      10084      256                                   
1895 3 51400-3400 15565           Rotokino         93                 244                                   
1895 3 51800-3378 15488           Rotokino         93      10037      250                                   
1895 3 52200-3355 15410           Rotokino         93      10062      261                                   
1895 3 6 600-3333 15332           Rotokino         93      10030      289                                   
1895 3 61000-3311 15254           Rotokino         93       9970      244                                   
1895 527 500-4514 16500           Rotokino        154       9876      139                                   
1895 527 900-4514 16500           Rotokino        154                                                       
1895 5271700-4514 16500           Rotokino        154       9914      156                                   
1895 5272100-4514 16500           Rotokino        154       9941      156                                   
1895 528 500-4514 16500           Rotokino         93       9966      128                                   
1895 528 900-4444 16408           Rotokino                  9977      139                                   
1895 5281700-4374 16316           Rotokino         26      10009      144                                   
1895 5282100-4304 16225           Rotokino         46      10017      156                                   
1895 529 100-4234 16133           Rotokino         67      10009      161                                   
1895 529 500-4234 16133           Rotokino          0      10015      183                                   
1895 5291700-4234 16133           Rotokino          0      10031      167                                   
1895 5292100-4234 16133           Rotokino          0      10072      167                                   
1895 530 100-3930 15860           Rotokino          0      10074      178                                   
1895 530 500-3930 15860           Rotokino         10      10066      189                                   
1895 5301700-3930 15860           Rotokino         67      10051      194                                   
1895 5302100-3930 15860           Rotokino         67      10050      200                                   
1895 531 200-3750 15441           Rotokino         26      10037      211                                   
1895 531 600-3750 15441           Rotokino         93      10015      222                                   
1895 5311000-3750 15441           Rotokino         93      10021      206                                   
1895 5311800-3639 15365           Rotokino                 10026      211                                   
1895 5312200-3527 15289           Rotokino                 10047      200                                   
1895 6 1 200-3416 15213           Rotokino         93      10051      211                                   
1895 6 1 600-3527 15289           Rotokino                                                                  
1895 6 11000-3639 15365           Rotokino         26                                                       
1895 6 32200-3750 15441           Rotokino         93      10049      200                                   
1895 6 4 200-3416 15213           Rotokino                 10051      211                                   
