18931217 300 1817  9023           Rotohino                 10072      217                                   
189312171000 1817  9023           Rotohino                 10060      250                                   
18931218 300 1817  9023           Rotohino         26      10062      233                                   
189312181000 1817  9023           Rotohino         26      10034      244                                   
18931219 300 1817  9023           Rotohino         26      10043      250                                   
189312191000 1817  9023           Rotohino         46      10030      267                                   
18931220 300 1524  9254           Rotohino         26      10062      267                                   
189312201000 1524  9254           Rotohino         26      10018      289                                   
18931221 300 1260  9448           Rotohino         26      10034      289                                   
189312211000 1260  9448           Rotohino         26      10009      294                                   
18931222 300  914  9634           Rotohino         26      10035      294                                   
189312221000  914  9634           Rotohino         26       9995      294                                   
18931223 200  680  9835           Rotohino         26      10019      289                                   
18931223 900  680  9835           Rotohino         26       9980      300                                   
18931224 200  350 10044           Rotohino         10       9997      294                                   
18931224 900  350 10044           Rotohino          0       9965      283                                   
18931225 200  224 10245           Rotohino         10      10004      272                                   
18931229 900   99 10447           Rotohino         67       9949      278                                   
18931230 200  -27 10648           Rotohino         46       9981      289                                   
18931230 900  -27 10648           Rotohino         26       9950      294                                   
18931231 200 -308 10933           Rotohino          0       9980      294                                   
18931231 900 -308 10933           Rotohino          0       9945      306                                   
1894 1 1 200 -552 11231           Rotohino          0       9973      300                                   
1894 1 1 900 -552 11231           Rotohino         26       9942      328                                   
1894 1 2 100 -743 11544           Rotohino         10       9956      306                                   
1894 1 2 800 -743 11544           Rotohino         10       9943      322                                   
1894 1 3 100 -806 11940           Rotohino         46       9970      300                                   
1894 1 3 800 -806 11940           Rotohino         10       9944      317                                   
1894 1 4 100 -816 12337           Rotohino         26       9955      311                                   
1894 1 4 800 -816 12337           Rotohino         26       9933      300                                   
1894 7142100-4456 16444           Rotohino         26       9976       67                                   
1894 715 500-4456 16444           Rotohino         26       9956       61                                   
1894 7152100-4456 16444           Rotohino         26       9916       56                                   
1894 716 500-4456 16444           Rotohino         26       9877       50                                   
1894 7162100-4456 16444           Rotohino         26       9838       78                                   
1894 717 500-4456 16444           Rotohino         26       9565       94                                   
1894 7172100-4456 16444           Rotohino         93       9701       94                                   
1894 718 500-4456 16444           Rotohino         93       9686      100                                   
1894 7182100-4456 16444           Rotohino         93       9685      106                                   
1894 719 500-4456 16444           Rotohino         93       9641      111                                   
1894 7192100-4456 16444           Rotohino         67       9605      100                                   
1894 720 500-4456 16444           Rotohino        190       9668       89                                   
1894 720 900-4456 16444           Rotohino        190       9688       89                                   
1894 7201700-4456 16444           Rotohino        190       9679      106                                   
1894 7202100-4243 16155           Rotohino        123       9765      106                                   
1894 721 500-4243 16155           Rotohino        123       9829      128                                   
1894 721 900-4243 16155           Rotohino        123       9870      122                                   
1894 7211700-4243 16155           Rotohino        123       9867      139                                   
1894 7212100-4019 15850           Rotohino         93       9870      150                                   
1894 722 500-4019 15850           Rotohino         26       9886      178                                   
1894 722 900-4019 15850           Rotohino          0       9922      161                                   
1894 4222000-2625 17046           Rotohino                            244                                   
1894 5211700-2759 16383           Rotohino        190       9933      200                                   
1894 5212200-2894 15721           Rotohino        226       9924      194                                   
1894 522 600-3028 15643           Rotohino         93       9959      172                                   
1894 5221000-3162 15565           Rotohino        154       9928      183                                   
1894 5221800-3297 15487           Rotohino        154       9978      194                                   
1894 5222200-3431 15409           Rotohino        154                 200                                   
1894 523 600-3565 15331           Rotohino        190       9985      206                                   
1894 5231000-3700 15253           Rotohino        190      10014      206                                   
1894 5231800-3834 15175           Rotohino        123      10046      200                                   
1894 5232200-3968 15097           Rotohino         93      10067      200                                   
1894 4302200-3375 15026           Rotohino         26      10093      217                                   
1894 5 1 600-3433 15228           Rotohino         93      10050      239                                   
1894 5 11000-3490 15429           Rotohino         93      10041      233                                   
1894 5 12200-3548 15631           Rotohino         26      10010      217                                   
1894 5 2 500-3606 15833           Rotohino         46      10003      222                                   
1894 5 2 900-3663 16034           Rotohino         46      10009      211                                   
1894 5 22100-3721 16236           Rotohino         26       9961      217                                   
1894 5 3 500-3779 16539           Rotohino         93       9925      217                                   
1894 5 3 900-3836 16841           Rotohino         93       9912      217                                   
1894 5 42100-3894 17144           Rotohino        123       9955      161                                   
1894 5 5 400-3952 17447           Rotohino        123                 183                                   
1894 5 5 800-4009 17749           Rotohino         46       9975      172                                   
1894 5 62000-4067-17948           Rotohino        123                 189                                   
1894 5 7 400-4125-17645           Rotohino        123       9951      200                                   
1894 5 9 400-4182-17343           Rotohino                  9980      189                                   
1894 5 9 700-4240-17040           Rotohino         93       9971      189                                   
1894 5 91900-4298-16737           Rotohino                                                                  
1894 510 300-4355-16435           Rotohino         26       9968      189                                   
1894 5101900-4413-16132           Rotohino         26                                                       
1894 511 300-4471-15829           Rotohino         26      10004      139                                   
1894 511 600-4528-15527           Rotohino         26      10014      144                                   
1894 5111800-4586-15224           Rotohino         26      10033      133                                   
1894 512 200-4644-14921           Rotohino         26      10033      139                                   
1894 513 600-4701-14619           Rotohino         26      10042      128                                   
1894 5131800-4759-14316           Rotohino         26      10034      139                                   
1894 514 100-4817-14013           Rotohino                            156                                   
1894 514 500-4874-13711           Rotohino                 10007      144                                   
1894 3312200-3656 15016           Rotohino         46      10420      194                                   
1894 4 12200-3855 14640           Rotohino         46      10073      200                                   
1894 4 22200-3850 14440           Rotohino        226      10063      161                                   
1894 4 32300-3845 14240           Rotohino         10      10101      156                                   
1894 4 42300-3750 13925           Rotohino         46      10426      161                                   
1894 4 52300-3675 13692           Rotohino         26      10174      194                                   
1894 4 62300-3601 13458           Rotohino         10      10196      200                                   
1894 4 72300-3526 13225           Rotohino         10      10180      211                                   
1894 4 9   0-3519 12697           Rotohino         26                 206                                   
1894 410   0-3512 12170           Rotohino         67      10192      178                                   
1894 411   0-3531 11813           Rotohino         26      10198      183                                   
1894 412   0-3550 11456           Rotohino         10      10107      183                                   
1894 413   0-3550 11497           Rotohino         26      10082      211                                   
1894 414   0-3550 11537           Rotohino         26      10119      194                                   
1894 415   0-3550 11578           Rotohino         10      10149      194                                   
1894 416   0-3550 11619           Rotohino         10      10181      167                                   
1894 417   0-3550 11659           Rotohino         46      10209      156                                   
1894 418   0-3550 11700           Rotohino         46      10220      150                                   
1894 419   0-3500 12125           Rotohino         46      10202      178                                   
1894 420   0-3540 12646           Rotohino         26      10174      183                                   
1894 4202300-3570 13280           Rotohino         46      10193      172                                   
1894 4212300-3612 13462           Rotohino         46      10195      167                                   
1894 4222300-3655 13645           Rotohino          0      10162      161                                   
1894 4232300-3697 13827           Rotohino         10      10167      156                                   
1894 4242300-3740 14010           Rotohino         46      10257      161                                   
1894 4252300-3766 14180           Rotohino        154      10064      167                                   
1894 4262200-3793 14350           Rotohino        226                 167                                   
1894 4272200-3819 14520           Rotohino         67      10182      150                                   
1894 4282200-3427 15056           Rotohino         46      10168      172                                   
1894 4292200-3427 15056           Rotohino                 10180      206                                   
1894 5 52200-3427 15056           Rotohino                            189                                   
1895 1291800-3310 15540           Rotohino         93      10004      244                                   
1895 1292200-3310 15540           Rotohino         93      10013      228                                   
1895 130 200-3310 15540           Rotohino         93      10016      233                                   
1895 130 600-3310 15540           Rotohino        154      10022      239                                   
1895 1301000-3310 15540           Rotohino        190      10034      228                                   
1895 1301800-3310 15540           Rotohino        226      10040      228                                   
1895 1302200-3310 15540           Rotohino        226      10040      228                                   
1895 131 100-3311 15810           Rotohino        226      10030      211                                   
1895 131 500-3311 15810           Rotohino        226      10014      206                                   
1895 131 900-3311 15810           Rotohino        268      10010      206                                   
1895 1311300-3412 15800           Rotohino        350       9754      189                                   
1895 1311700-3311 15800           Rotohino        268      10003      211                                   
1895 1312100-3311 15800           Rotohino        268       9973      228                                   
1895 2 1 100-3412 15800           Rotohino        309       9919      211                                   
1895 2 1 500-3412 15800           Rotohino        350                 200                                   
1895 2 1 900-3412 15800           Rotohino        350       9822      189                                   
1895 2 4 100-3202 15813           Rotohino                  9849      239                                   
1895 510 200-3433 15680           Rotohino         26      10285      183                                   
1895 510 600-3433 15680           Rotohino         10      10110      222                                   
1895 5101000-3433 15680           Rotohino         10      10244      222                                   
1895 5101800-3433 15680           Rotohino         26      10102      228                                   
1895 5102200-3433 15680           Rotohino         26      10099      244                                   
1895 511 200-3433 15680           Rotohino         46      10088      250                                   
1895 511 600-3433 15680           Rotohino         26      10072      244                                   
1895 5111000-3433 15680           Rotohino         46      10054      233                                   
1895 5111800-3433 15680           Rotohino         93      10049      222                                   
1895 5112200-3433 15680           Rotohino         93      10052      206                                   
1895 512 100-3554 16040           Rotohino        123      10052      211                                   
1895 512 500-3554 16040           Rotohino        123      10033      200                                   
1895 512 900-3554 16040           Rotohino        123      10033      200                                   
1895 5121700-3554 16040           Rotohino        190      10019      167                                   
1895 5122100-3554 16040           Rotohino        190      10018      172                                   
1895 513 100-3720 16353           Rotohino        190      10019      172                                   
1895 513 500-3720 16353           Rotohino        190      10033      172                                   
1895 513 900-3720 16353           Rotohino        190      10039      172                                   
1895 5131700-3720 16478           Rotohino         93      10052      178                                   
1895 5132100-3720 16604           Rotohino          0      10062      178                                   
1895 514 100-3838 16729           Rotohino         10      10066      200                                   
1895 514 500-3838 16729           Rotohino         26      10069      206                                   
1895 514 900-3838 16729           Rotohino         26      10070      178                                   
1895 5141700-3878 16729           Rotohino         26      10055      189                                   
1895 5142100-3919 16729           Rotohino         26      10064      178                                   
1895 515 100-3959 17129           Rotohino          0      10052      189                                   
1895 515 500-3959 17129           Rotohino          0      10020      183                                   
1895 5151700-3959 17129           Rotohino         26       9985      189                                   
1895 5152100-3959 17129           Rotohino         67       9992      189                                   
1895 516 100-3959 17129           Rotohino         93       9982      167                                   
1895 516 500-3959 17129           Rotohino        154       9958      144                                   
