189212 81700 -324 10944           Saladin          10       9891      267                                   
189212 9 100 -324 10944           Saladin           0       9892      278                                   
189212 9 500 -324 10944           Saladin          26       9887      289                                   
189212 91300 -324 10944           Saladin           0       9882      278                                   
189212 91700 -223 10869           Saladin          26       9883      272                                   
18921210 100 -121 10794           Saladin          10       9894      267                                   
18921210 500  -20 10719           Saladin          26       9885      239                                   
189212101300  -20 10718           Saladin          26       9899      256                                   
189212101700  -20 10717           Saladin          10       9566      256                                   
18921211 100  -20 10716           Saladin          10       9911      261                                   
18921211 500  -20 10715           Saladin          10       9916      272                                   
189212111300  -20 10714           Saladin          26       9899      256                                   
18921217 500   37 10435           Saladin          67       9931      267                                   
189212171300   39 10435           Saladin          67       9933      256                                   
189212171700  -39 10435           Saladin          46       9933      256                                   
18921218 100  -78 10593           Saladin           0       9926      256                                   
18921218 500 -117 10752           Saladin          46       9918      239                                   
189212181300 -117 10752           Saladin          67       9926      233                                   
189212181700 -117 10752           Saladin          67       9929      239                                   
18921219 100 -276 10898           Saladin         123       9921      244                                   
18921219 500 -435 11045           Saladin         123       9906      256                                   
189212191300 -489 11136           Saladin          67       9904      267                                   
189212191700 -542 11227           Saladin          67       9904      267                                   
18921220   0 -596 11319           Saladin           0       9897      272                                   
18921220 400 -650 11410           Saladin          10       9888      283                                   
189212201200 -704 11501           Saladin          26       9899      261                                   
