1894 5101000 4852 14746           Sascow          123                  72                                   
1894 521 200-3944 14911           Sascow          123       9990      156                                   
1894 5211000-4013 15020           Sascow          123                                                       
1894 5211800-4081 15129           Sascow          123       9959      150                                   
1894 522 200-4150 15238           Sascow          123       9936      150                                   
1894 5221000-4251 15330           Sascow           93       9944      144                                   
1894 5221800-4351 15421           Sascow          154       9880      128                                   
1894 523 200-4452 15513           Sascow          154       9797      128                                   
1894 5231000-4478 15661           Sascow          154       9864      128                                   
1894 5231700-4505 15808           Sascow          190       9970      106                                   
1894 524 100-4531 15956           Sascow           93      10002      117                                   
1894 524 900-4572 16083           Sascow           93       9984      122                                   
1894 5241700-4613 16209           Sascow           93       9935      117                                   
1894 525 100-4654 16336           Sascow           67      10068      133                                   
1894 525 900-4695 16404           Sascow           67      10018      133                                   
1894 5251700-4736 16472           Sascow           67      10088      117                                   
1894 526 100-4777 16540           Sascow           93      10140      111                                   
1894 526 900-4818 16544           Sascow           67      10190      117                                   
1894 5261700-4859 16548           Sascow           26      10174      117                                   
1894 527 100-4900 16552           Sascow           26      10118      128                                   
1894 5271700-4915 16586           Sascow                   10047      111                                   
1894 528 100-4930 16620           Sascow                   10016      117                                   
1894 528 900-4934 16692           Sascow           46      10000      111                                   
1894 5281700-4939 16763           Sascow           46      10001      106                                   
1894 529 100-4943 16835           Sascow           93      10046      117                                   
1894 529 900-4932 17028           Sascow          154      10076      100                                   
1894 5291700-4922 17221           Sascow          154      10084       89                                   
1894 530   0-4911 17414           Sascow          154      10078       89                                   
1894 530 800-4860 17491           Sascow          190      10064       89                                   
1894 5301600-4810 17569           Sascow          190      10044       83                                   
1894 531   0-4759 17646           Sascow          190      10024      100                                   
1894 6 1   0-4845 17603           Sascow           93      10093       94                                   
1894 6 91600-4828 -5319           Sascow           67                 106                                   
1894 610   0-4828 -5319           Sascow          190                 100                                   
1894 615 500-5134-12929           Sascow          226       9977       94                                   
1894 6211400-5417  9681           Sascow          190       9926       50                                   
1894 6212200-5435  9549           Sascow          190       9930       44                                   
1894 622 600-5454  9418           Sascow          123       9986       56                                   
1894 6221400-5473  9287           Sascow           93      10048       50                                   
1894 6222200-5491  9155           Sascow           93      10056       44                                   
1894 623 600-5510  9024           Sascow           93      10058       56                                   
1894 6231400-5542  8850           Sascow           93      10063       67                                   
1894 6232200-5573  8676           Sascow          154      10045       56                                   
1894 624 600-5605  8502           Sascow          190      10020       67                                   
1894 6241400-5605  8502           Sascow          190      10014       61                                   
1894 6242300-5656  8173           Sascow                               56                                   
1894 625 700-5707  7844           Sascow          154                  67                                   
1894 627 800-5753  6740           Sascow           67      10143       44                                   
1894 6271600-5748  6675           Sascow           46      10143       44                                   
1894 628   0-5742  6610           Sascow           46      10097       39                                   
1894 628 800-5737  6545           Sascow           46      10070       56                                   
1894 6281600-5737  6545           Sascow           46      10052       61                                   
