1893 129 200-3839 14440           Southern         67      10186      189                                   
1893 129 600-3853 14324           Southern         67      10186      189                                   
1893 1291500-3818 13910           Southern         67      10195      156                                   
1893 1291800-3853 14324           Southern         67      10209      156                                   
1893 130 300-3818 13910           Southern         67      10213      189                                   
1893 130 700-3818 13910           Southern         46      10203      189                                   
1893 1301100-3818 13910           Southern         46      10209      150                                   
1893 1301500-3799 13910           Southern         67      10195      156                                   
1893 1301900-3780 13910           Southern         93      10173      161                                   
1893 1302300-3762 13910           Southern         93      10154      178                                   
1893 131 300-3743 13400           Southern         93      10130      200                                   
1893 131 700-3743 13400           Southern         93      10087      172                                   
1893 1311100-3725 13400           Southern        123      10084      189                                   
1893 1311500-3708 13400           Southern        123      10099      178                                   
1893 1311900-3690 13400           Southern        123      10132      161                                   
1893 1312300-3673 13125           Southern         93      10161      167                                   
1893 2 1 300-3655 12850           Southern         67      10153      178                                   
1893 2 1 700-3649 12780           Southern         46      10153      172                                   
1893 2 11200-3642 12709           Southern         26      10170      156                                   
1893 2 11600-3636 12639           Southern         26      10173      156                                   
1893 2 12000-3629 12569           Southern         26      10170      156                                   
1893 2 2   0-3623 12499           Southern         26      10195      167                                   
1893 2 2 400-3616 12428           Southern         26      10186      178                                   
1893 2 2 800-3610 12358           Southern         26      10186      178                                   
1893 2 21200-3561 12134           Southern         46      10193      172                                   
1893 2 21600-3512 11911           Southern         46      10194      167                                   
1893 2 22000-3512 11911           Southern         46      10196      156                                   
1893 2 3   0-3512 11911           Southern         26      10207      167                                   
1893 2 3 400-3512 11911           Southern         26      10197      189                                   
1893 2 3 800-3512 11911           Southern         46      10185      178                                   
1893 2 31200-3512 11911           Southern         46      10183      189                                   
1893 2 31600-3512 11911           Southern         46      10185      178                                   
1893 2 82100-2236 10415           Southern         93      10132      233                                   
1893 2 9 100-2236 10415           Southern         93      10132      233                                   
1893 2 9 500-2236 10415           Southern         93      10166      233                                   
1893 2 9 900-2236 10415           Southern         93      10130      244                                   
1893 2 91300-2236 10415           Southern         67      10130      244                                   
1893 2 91700-2163 10347           Southern         46                                                       
1893 2 92100-2089 10279           Southern         46      10230      244                                   
1893 210 100-2016 10212           Southern         26      10296      250                                   
1893 210 500-1943 10144           Southern         26      10086      278                                   
1893 210 900-1905 10106           Southern         26                                                       
1893 2101300-1868 10068           Southern         26                                                       
1893 2101700-1830 10030           Southern                                                                  
1893 2102100-1792  9992           Southern         46                                                       
1893 211 100-1755  9954           Southern         46                                                       
1893 211 500-1717  9916           Southern         46                                                       
1893 211 900-1685  9884           Southern         46                                                       
1893 2111300-1653  9851           Southern         46                                                       
1893 2111700-1621  9819           Southern                                                                  
1893 2112100-1589  9787           Southern         46      10091      256                                   
1893 212 100-1557  9754           Southern         46      10090      261                                   
1893 212 600-1525  9722           Southern         67      10070      278                                   
1893 2121000-1492  9698           Southern         67      10055      267                                   
1893 2121400-1460  9673           Southern         67      10084      256                                   
1893 2122200-1428  9649           Southern         67      10057      256                                   
1893 213 200-1396  9624           Southern         67      10076      261                                   
1893 213 600-1364  9600           Southern                 10053      278                                   
1893 2131000-1332  9600           Southern         46      10048      267                                   
1893 2131400-1300  9600           Southern         46      10061      267                                   
18931219 200-4321  3100           Southern         67       9935      100                                   
18931219 600-4331  3100           Southern         67       9935      100                                   
189312191000-4331  3100           Southern         67       9936       94                                   
189312191400-4331  3100           Southern         67       9935      100                                   
189312191800-4415  3100           Southern         67       9938       89                                   
189312192200-4500  3700           Southern         67       9955       89                                   
18931220 200-4500  3700           Southern         67       9955       89                                   
18931220 600-4500  3700           Southern         67       9955       89                                   
189312201000-4500  3700           Southern         67       9955       89                                   
189312201400-4500  3700           Southern         67       9955       89                                   
189312201800-4500  3700           Southern         67       9955       89                                   
189312202100-4700  4200           Southern         67                                                       
18931221 100-4700  4200           Southern         67       9973       94                                   
18931221 500-4700  4200           Southern         67       9973       94                                   
18931221 900-4700  4200           Southern         67       9972      100                                   
189312211300-4700  4200           Southern         67       9973       94                                   
189312211700-4700  4200           Southern         67       9973       94                                   
189312212100-4800  5000           Southern         67      10008       94                                   
18931222 100-4800  5000           Southern         67      10009       89                                   
18931222 500-4800  5000           Southern         67      10009       89                                   
18931222 900-4800  5000           Southern         67      10008       94                                   
189312221300-4800  5000           Southern         67      10009       89                                   
189312221700-4800  5000           Southern         67      10009       89                                   
189312222000-4900  5700           Southern         67      10028       83                                   
18931223   0-4900  5700           Southern         67      10029       78                                   
18931223 400-4900  5700           Southern         67      10029       72                                   
18931223 800-4900  5700           Southern         67      10028       83                                   
189312231200-4900  5700           Southern         67      10029       78                                   
189312231600-4900  6000           Southern         67      10029       72                                   
189312232000-5000  6300           Southern         67      10014       67                                   
18931224 400-5100  6600           Southern                                                                  
18931230 900-4892 11035           Southern                                                                  
189312301300-4882 11134           Southern                             94                                   
189312301700-4871 11233           Southern         46                  94                                   
189312302000-4861 11332           Southern                            100                                   
18931231   0-4851 11431           Southern                            100                                   
18931231 400-4841 11530           Southern         26      10109      100                                   
18931231 800-4831 11629           Southern         67                  94                                   
189312311200-4821 11728           Southern         67                  89                                   
189312311600-4810 11827           Southern         67                                                       
189312312000-4800 11926           Southern        123                 100                                   
1894 1 1   0-4790 12025           Southern        123                 100                                   
1894 1 1 400-4780 12124           Southern        123      10073      111                                   
1894 1 1 800-4750 12220           Southern         93      10071      117                                   
1894 1 11200-4720 12316           Southern         67                 117                                   
1894 1 11600-4690 12412           Southern         46                 111                                   
1894 1 12000-4660 12508           Southern         46                 122                                   
1894 1 2   0-4630 12604           Southern         67                 133                                   
1894 1 2 400-4600 12700           Southern         67      10034      133                                   
1894 1 2 700-4570 12796           Southern         67                 139                                   
1894 1 21100-4540 12892           Southern         67                                                       
1894 1 21500-4510 12988           Southern         67                 144                                   
1894 1 31900-4480 13084           Southern                                                                  
