189212 91700  353 16612           Sperber                                                                   
189212 92100  353 16612           Sperber          67                 -28                                   
18921210 100  353 16612           Sperber          67                                                       
18921210 500  353 16612           Sperber          67      10143      -22                                   
18921210 900  353 16612           Sperber          46                                                       
189212101300  353 16612           Sperber                                                                   
189212101700  353 16612           Sperber          46      10147      -39                                   
189212102100  353 16612           Sperber          46      10153      -40                                   
18921211 100  353 16612           Sperber          93                                                       
18921211 900  353 16612           Sperber                  10159      -29                                   
18921214 100  353 15919           Sperber          67      10162      -18                                   
18921214 500  353 15919           Sperber          93      10149      -21                                   
18921214 900  353 15919           Sperber          67      10137      -23                                   
1893 1271800 -689 15573           Sperber          26      10122      -21                                   
1893 1272200 -742 15556           Sperber          10      10126      -18                                   
1893 128 200 -795 15539           Sperber          10      10106        4                                   
1893 128 600 -848 15522           Sperber          26      10095        3                                   
1893 1281000 -901 15505           Sperber          67      10104        3                                   
1893 1281400 -953 15488           Sperber                                                                   
1893 1281800-1006 15471           Sperber          67      10099      -15                                   
1893 1282200-1059 15454           Sperber                  10107      -39                                   
1893 129 200-1112 15437           Sperber          93      10106      -22                                   
1893 129 600-1165 15456           Sperber          93      10062       -4                                   
1893 1291000-1218 15476           Sperber          93      10075        0                                   
1893 1291400-1270 15496           Sperber                                                                   
1893 1291800-1323 15515           Sperber          93      10084      -12                                   
1893 1292200-1376 15534           Sperber          93      10091       -7                                   
1893 130 200-1429 15554           Sperber          93      10081      -24                                   
1893 130 600-1482 15570           Sperber          93      10081      -23                                   
1893 1301000-1535 15585           Sperber          93      10093      -23                                   
1893 1301400-1587 15601           Sperber                                                                   
1893 1301800-1640 15617           Sperber          93      10083      -20                                   
1893 1302200-1693 15632           Sperber          93      10088      -27                                   
1893 131 200-1746 15648           Sperber          93      10079      -11                                   
1893 131 600-1808 15650           Sperber          93      10067      -16                                   
1893 1311000-1870 15652           Sperber          67      10074      -16                                   
1893 1311400-1931 15653           Sperber                                                                   
1893 1311800-1993 15655           Sperber          67                 -27                                   
1893 1312200-2055 15657           Sperber          93      10089      -20                                   
1893 2 1 200-2117 15659           Sperber          93      10089       -2                                   
1893 2 1 600-2179 15661           Sperber          67      10096      -10                                   
1893 2 11000-2241 15663           Sperber          46      10111      -16                                   
1893 123 200 -518 15427           Sperber          10      10130      -12                                   
1893 118 200 -425 15219           Sperber          26      10125      -19                                   
1893 121 200 -445 15214           Sperber          26      10104       -1                                   
1893 121 600 -457 15254           Sperber          10      10097      -11                                   
1893 1211000 -468 15294           Sperber          67      10123      -19                                   
1893 1211400 -480 15334           Sperber          10      10133      -17                                   
1893 1211800 -492 15374           Sperber          46      10109      -32                                   
1893 1212200 -503 15414           Sperber          10      10121      -24                                   
1893 122 200 -515 15454           Sperber          10      10117      -16                                   
1893 122 600 -527 15454           Sperber          10      10114      -28                                   
1893 1221000 -538 15454           Sperber           0      10123      -23                                   
1893 1221400 -550 15454           Sperber          10      10130      -24                                   
1893 113 200 -418 15215           Sperber          10      10145      -12                                   
1893 1 8 200 -156 14641           Sperber          10                 -12                                   
1893 111 200 -324 15437           Sperber          10                 -17                                   
1893 111 600 -343 15433           Sperber          26                 -22                                   
1893 1111000 -362 15429           Sperber          10                                                       
1893 1111400 -381 15424           Sperber          26                 -27                                   
1893 1111800 -400 15420           Sperber          10                 -22                                   
1893 1112200 -419 15416           Sperber          26                 -23                                   
1893 112 200 -438 15412           Sperber          10                 -10                                   
1893 112 600 -457 15408           Sperber          10                 -10                                   
1893 1121000 -476 15404           Sperber          10                 -16                                   
1893 1121400 -495 15399           Sperber          10                 -33                                   
1892 8241700-3054 16113           Sperber          67      10167      -78                                   
1892 8242100-3054 15980           Sperber          46      10191      -74                                   
1892 825 100-3054 15846           Sperber          26      10198      -72                                   
1892 825 600-3054 15712           Sperber          46      10165      -66                                   
1892 8251000-3054 15579           Sperber          93      10164      -69                                   
1892 8251400-3270 15445           Sperber          67      10153      -68                                   
1892 8251800-3270 15445           Sperber          67      10117      -70                                   
1892 8252200-3270 15445           Sperber          46      10109      -70                                   
1892 826 200-3270 15445           Sperber          26      10074      -70                                   
1892 826 600-3270 15445           Sperber          46      10050      -69                                   
1892 8261000-3270 15445           Sperber          93                 -88                                   
1892 8261400-3287 15257           Sperber         226      10061      -93                                   
1892 8261800-3303 15257           Sperber         123      10042      -93                                   
1892 8262200-3320 15257           Sperber         190      10034      -88                                   
1892 827 200-3337 15257           Sperber         190      10051      -93                                   
1892 827 600-3362 15257           Sperber         226      10052      -91                                   
1892 8271000-3386 15257           Sperber         226      10073      -67                                   
1892 8271400-3411 15311           Sperber                  10090      -78                                   
1892 8271800-3411 15311           Sperber         226      10093      -79                                   
1892 8272200-3411 15311           Sperber         226      10108      -72                                   
1892 828 200-3411 15311           Sperber         154      10111      -92                                   
1892 828 600-3411 15311           Sperber          93      10118      -93                                   
1892 8281000-3411 15311           Sperber          10      10119      -98                                   
1892 8281400-3411 15311           Sperber          93      10106     -100                                   
1892 8201700-2738 16856           Sperber         123                                                       
1892 8202100-2738 16856           Sperber          67                                                       
1892 821 100-2738 16856           Sperber          67                                                       
1892 821 500-2738 16856           Sperber          67                                                       
1892 821 900-2738 16856           Sperber         123      10105      -69                                   
1892 8221300-2784 16731           Sperber          67                                                       
1892 8221700-2831 16607           Sperber          46                                                       
1892 8222100-2877 16482           Sperber          67                                                       
1892 823 100-2924 16358           Sperber          67                                                       
1892 823 500-2941 16307           Sperber          67                                                       
1892 823 900-2959 16256           Sperber          67                                                       
1892 8231300-2976 16205           Sperber          93                                                       
1892 8231700-2993 16154           Sperber          93                                                       
1892 8232100-3011 16103           Sperber          93                                                       
1892 824 100-3028 16052           Sperber          46                                                       
1892 824 500-3045 16001           Sperber          93                                                       
1892 824 900-3063 15950           Sperber          93                                                       
1892 8241300-3080 15899           Sperber          93                                                       
1892 8171200-2062-17694           Sperber          46      10229      -53                                   
1892 8171600-2082-17745           Sperber          67      10205      -49                                   
1892 8172000-2101-17795           Sperber          67      10220      -48                                   
1892 818   0-2121-17846           Sperber          46      10213      -42                                   
1892 818 400-2141-17896           Sperber          10      10209      -50                                   
1892 818 800-2160-17947           Sperber          26      10231      -51                                   
1892 8181200-2180-17997           Sperber          46      10235      -53                                   
1892 8171600-2200 17952           Sperber          46      10214      -58                                   
1892 8172000-2219 17901           Sperber          67      10236      -62                                   
1892 818   0-2239 17851           Sperber          67      10235      -57                                   
1892 818 400-2268 17798           Sperber          67      10219      -50                                   
1892 818 800-2297 17745           Sperber          67      10233      -57                                   
1892 8181200-2325 17691           Sperber          46      10232      -59                                   
1892 8181600-2354 17638           Sperber          67      10231      -61                                   
1892 8182000-2383 17585           Sperber          93      10237      -62                                   
1892 819   0-2412 17532           Sperber          93      10225      -61                                   
1892 819 400-2432 17469           Sperber          67      10213      -63                                   
1892 819 800-2453 17407           Sperber          67      10229      -69                                   
1892 8191200-2473 17344           Sperber          67      10113      -69                                   
1892 8191600-2494 17282           Sperber          93      10231      -70                                   
1892 8192100-2514 17219           Sperber         123      10207      -69                                   
1892 820 100-2535 17157           Sperber         123      10179      -68                                   
1892 820 500-2555 17094           Sperber         190      10141      -72                                   
1892 820 900-2576 17032           Sperber         226      10133      -73                                   
1892 8201300-2596 16969           Sperber                                                                   
