1895 5111000-3290  2484           Strassfur                                                                 
1895 5121000-3550  2959           Strassfur        67      10045      -61                                   
1895 5131000-3810  3434           Strassfur        93       9976      -63                                   
1895 514 900-4060  3930           Strassfur       154       9947      -88                                   
1895 515 900-4149  4523           Strassfur        67       9948      -93                                   
1895 516 900-4153  5230           Strassfur       190       9995     -122                                   
1895 517 800-4153  5843           Strassfur       154      10028     -114                                   
1895 518 800-4250  6522           Strassfur       226       9920      -98                                   
1895 519 700-4227  7130           Strassfur        10       9928     -113                                   
1895 520 700-4240  7719           Strassfur        46       9950     -123                                   
1895 521 700-4136  8112           Strassfur        46       9890     -104                                   
1895 522 600-4230  8520           Strassfur       123       9939     -111                                   
1895 523 600-4230  9080           Strassfur        26       9893     -125                                   
1895 524 600-4230  9516           Strassfur       154       9791     -121                                   
1895 525 500-4240  9840           Strassfur        93       9909     -122                                   
1895 526 500-4038 10460           Strassfur        67       9987     -112                                   
1895 527 500-4024 11040           Strassfur       123       9905     -101                                   
1895 528 400-3948 11550           Strassfur       154       9849     -106                                   
1895 529 400-3836 12157           Strassfur       226       9851     -111                                   
1895 530 400-3738 12733           Strassfur       154       9964     -110                                   
1895 531 300-3600 13240           Strassfur        93      10053      -91                                   
1895 6 1 300-3531 13790           Strassfur       123      10039      -95                                   
1895 6 41100-3636 13935           Strassfur         0      10247      -96                                   
1895 6 5 300-3741 14080           Strassfur        26      10221      -91                                   
1895 6 6 200-3840 14452           Strassfur        46      10194     -103                                   
1895 6 9 200-3825 14819           Strassfur        93       9851      -93                                   
1895 610 200-3456 15100           Strassfur       123       9846     -102                                   
