1892 3 1 600-2419 14825           Taiyuan          26      10126      261                                   
1892 3 11000-2366 14808           Taiyuan          26      10124      267                                   
1892 3 11400-2312 14790           Taiyuan                  10131      267                                   
1892 3 11800-2259 14772           Taiyuan          67      10132      278                                   
1892 3 12200-2206 14755           Taiyuan          26      10142      278                                   
1892 3 2 200-2153 14737           Taiyuan          26      10141      278                                   
1892 3 2 600-2100 14719           Taiyuan          26      10131      278                                   
1892 3 21000-2047 14702           Taiyuan          26      10126      283                                   
1892 3 21400-1993 14684           Taiyuan          26      10143      283                                   
1892 3 21800-1940 14666           Taiyuan          26      10105      283                                   
1892 3 22200-1887 14649           Taiyuan          26      10143      278                                   
1892 3 3 200-1834 14631           Taiyuan                  10139      278                                   
1892 3 3 600-1781 14613           Taiyuan          26      10119      278                                   
1892 3 31000-1728 14596           Taiyuan          26      10118      283                                   
1892 3 31400-1674 14578           Taiyuan          67                                                       
1892 3 31800-1621 14560           Taiyuan          67      10110      267                                   
1892 3 32200-1568 14543           Taiyuan          67      10118      256                                   
1892 3 4 200-1515 14525           Taiyuan          26      10089      267                                   
1892 3 4 600-1564 14494           Taiyuan          67      10074      278                                   
1892 3 41000-1614 14462           Taiyuan          67      10081      278                                   
1892 3 41400-1663 14431           Taiyuan          67      10090      283                                   
1892 3 41800-1713 14400           Taiyuan          26      10091      283                                   
1892 3 42200-1762 14368           Taiyuan          26      10094      283                                   
1892 3 5 200-1811 14337           Taiyuan          26      10096      272                                   
1892 3 5 600-1861 14438           Taiyuan          67      10082      278                                   
1892 3 51000-1910 14538           Taiyuan          26                 278                                   
1892 3 51400-1959 14639           Taiyuan           0      10095      267                                   
1892 3 51800-2009 14739           Taiyuan           0      10095      267                                   
1892 3 52200-2058 14840           Taiyuan          26      10105      267                                   
1892 3 6 200-2108 14940           Taiyuan          26      10102      267                                   
1892 327 400  800 12200           Taiyuan          46      10090      283                                   
1892 328 400  400 12400           Taiyuan          46      10080      283                                   
1892 329 400    0 12600           Taiyuan          46      10078      289                                   
1892 330 300 -500 12800           Taiyuan          46      10084      300                                   
1892 331 300 -900 12900           Taiyuan          26      10086      294                                   
1892 4 2 300-1000 13400           Taiyuan          46      10091      306                                   
1892 4 3 300-1000 13800           Taiyuan          10      10092      278                                   
1892 4 4 300-1100 14200           Taiyuan          26                                                       
1892 4 5 200-1300 14400           Taiyuan          46      10107      294                                   
1892 4 6 200-1500 14500           Taiyuan          26      10098      294                                   
1892 4 7 200-1900 14600           Taiyuan          10      10103      294                                   
1892 4 8 200-2100 14900           Taiyuan          93      10133      283                                   
1892 4 9 200-2300 15300           Taiyuan          67      10148      261                                   
1892 410 200-2700 15300           Taiyuan          46                                                       
1892 411 200-2700 15400           Taiyuan          67      10116      228                                   
1892 412 200-3200 15300           Taiyuan          67      10131      183                                   
1892 415 200-3400 15100           Taiyuan         154      10099      183                                   
1892 416 200-3700 15000           Taiyuan         123      10153      178                                   
1892 417 200-3900 14500           Taiyuan          26      10168      161                                   
1892 424 300-3800 14100           Taiyuan         123      10234      161                                   
1892 428 200-3800 14900           Taiyuan          26      10166      189                                   
1892 429 200-3400 15100           Taiyuan          26      10099      183                                   
1892 5 4 200-3100 15300           Taiyuan                  10099      211                                   
1892 5 6 200-2400 15300           Taiyuan          26      10151      228                                   
1892 5 7 200-2100 14900           Taiyuan          26      10174      261                                   
1892 5 8 200-1800 14700           Taiyuan          26      10144      250                                   
1892 5 9 200-1500 14500           Taiyuan          26                 261                                   
1892 510 300-1100 14200           Taiyuan                             272                                   
1893 2 91400-3625 15148           Taiyuan          67      10149      200                                   
1893 2 92200-3424 15132           Taiyuan          67      10091      256                                   
1893 210 200-3424 15116           Taiyuan          67      10097      256                                   
1893 210 600-3490 15090           Taiyuan          67      10132      211                                   
1893 2101000-3557 15064           Taiyuan          67      10106      211                                   
1893 2101400-3623 15038           Taiyuan          26      10101      200                                   
1893 2101800-3690 15012           Taiyuan          46      10143      194                                   
1893 2102200-3756 14986           Taiyuan          26      10137      194                                   
1893 211 200-3820 14960           Taiyuan          10      10116      228                                   
1893 211 600-3819 14961           Taiyuan          46      10104      233                                   
1893 2111000-3818 14962           Taiyuan          46      10103      222                                   
1893 2111800-3818 14962           Taiyuan                  10081      189                                   
1893 2112200-3817 14963           Taiyuan          67      10087      178                                   
1893 212 200-3816 14964           Taiyuan          67      10086      183                                   
1893 2151400-3815 14965           Taiyuan          26      10187      183                                   
1893 216 200-3815 14965           Taiyuan          67      10189      189                                   
1893 216 600-3814 14966           Taiyuan          67      10179      189                                   
1893 2161000-3813 14967           Taiyuan          67      10180      183                                   
1893 2161400-3812 14968           Taiyuan         123      10146      228                                   
1893 2161800-3812 14968           Taiyuan          46      10170      183                                   
1893 2162200-3811 14969           Taiyuan          67      10170      183                                   
1893 217 200-3810 14970           Taiyuan          46      10157      200                                   
1893 217 600-3809 14971           Taiyuan         123      10142      211                                   
1893 2171000-3808 14972           Taiyuan         123      10140      222                                   
1893 2171800-3808 14972           Taiyuan         123      10133      222                                   
1893 2172200-3807 14973           Taiyuan         123      10137      217                                   
1893 218 200-3806 14974           Taiyuan          46      10180      222                                   
1893 218 600-3805 14975           Taiyuan          67      10023      233                                   
1893 2281400-2157 15041           Taiyuan          46      10130      267                                   
1893 3 1 600-2147 15016           Taiyuan          26      10124      261                                   
1893 3 11000-2138 14991           Taiyuan          26      10123      267                                   
1893 3 11400-2128 14966           Taiyuan          46      10129      267                                   
1893 3 11800-2119 14941           Taiyuan          67      10131      278                                   
1893 3 12200-2074 14902           Taiyuan          26      10141      278                                   
1893 3 2 200-2030 14863           Taiyuan          26      10140      278                                   
1893 3 2 600-1997 14825           Taiyuan          26      10130      278                                   
1893 3 21000-1965 14786           Taiyuan          26      10126      283                                   
1893 3 21400-1932 14747           Taiyuan          26      10142      283                                   
1893 3 21800-1899 14708           Taiyuan          26      10105      283                                   
1893 3 22200-1867 14670           Taiyuan          26      10143      278                                   
1893 3 3 200-1834 14631           Taiyuan          26      10139      278                                   
1893 3 3 600-1834 14631           Taiyuan          26      10119      278                                   
1893 3 31000-1770 14610           Taiyuan          26      10118      283                                   
1893 3 31400-1706 14589           Taiyuan          67      10121      283                                   
1893 3 31800-1643 14567           Taiyuan          67      10110      267                                   
1893 3 32200-1579 14546           Taiyuan          67      10118      256                                   
1893 3 4 200-1515 14525           Taiyuan          26      10089      267                                   
1893 3 4 600-1515 14525           Taiyuan          67      10074      278                                   
1893 3 41000-1482 14487           Taiyuan          67      10080      278                                   
1893 3 41400-1449 14450           Taiyuan          67      10089      283                                   
1893 3 41800-1416 14412           Taiyuan          26      10089      283                                   
1893 3 42200-1383 14375           Taiyuan          26      10092      283                                   
1893 3 5 200-1350 14337           Taiyuan          26      10094      272                                   
1893 3 5 600-1301 14318           Taiyuan          67      10080      278                                   
1893 3 51000-1252 14299           Taiyuan          26      10416      278                                   
1893 3 51400-1203 14279           Taiyuan           0      10091      267                                   
1893 3 51500-1044 13924           Taiyuan          26      10102      278                                   
1893 3 51800-1155 14260           Taiyuan           0      10091      267                                   
1893 3 52300-1106 14241           Taiyuan          26      10101      267                                   
1893 3 6 300-1057 14222           Taiyuan          26      10097      267                                   
1893 3 6 700-1044 13912           Taiyuan          67      10094      267                                   
1893 3 61100-1044 13900           Taiyuan          67      10091      283                                   
1893 3 61500-1044 13888           Taiyuan          10      10101      283                                   
1893 3 61900-1044 13876           Taiyuan          26      10092      278                                   
1893 3 62300-1044 13864           Taiyuan          26      10099      278                                   
1893 3 7 300-1044 13852           Taiyuan                  10091      283                                   
1893 3 7 700-1044 13840           Taiyuan                  10091      283                                   
1893 3 71100-1046 13759           Taiyuan          10      10084      283                                   
1893 3 71500-1048 13679           Taiyuan          67      10085      278                                   
1893 3 71900-1049 13598           Taiyuan          26      10091      283                                   
1893 3 72300-1051 13518           Taiyuan          26      10092      278                                   
1893 3 8 300-1053 13437           Taiyuan          26      10084      283                                   
1893 3 8 700-1068 13387           Taiyuan          67      10080      272                                   
1893 3 81100-1084 13337           Taiyuan          67      10080      272                                   
1893 3 81500-1099 13287           Taiyuan                  10080      272                                   
1893 3 81900-1114 13238           Taiyuan         123      10072      278                                   
1893 3 82300-1130 13188           Taiyuan          67      10086      278                                   
1893 3 9 300-1145 13138           Taiyuan          67      10079      278                                   
1893 3 9 700-1124 13118           Taiyuan          93      10065      278                                   
1893 3 91100-1103 13098           Taiyuan          26      10070      289                                   
1893 3 91500-1081 13078           Taiyuan          26      10092      278                                   
1893 3 91900-1060 13058           Taiyuan                  10085      278                                   
1893 3 92300-1039 13038           Taiyuan          10      10089      278                                   
1893 310 300-1018 13019           Taiyuan                  10091      283                                   
1893 310 700 -997 12999           Taiyuan          26      10064      283                                   
1893 3101100 -976 12979           Taiyuan          67      10084      283                                   
1893 3101500 -988 12940           Taiyuan          26      10118      283                                   
1893 3101900 -954 12959           Taiyuan          67      10092      278                                   
1893 3102300 -933 12939           Taiyuan          46                 278                                   
1893 311 300 -912 12919           Taiyuan          26      10102      278                                   
1893 311 700 -912 12919           Taiyuan          26                                                       
1893 3111100 -836 12898           Taiyuan          26      10106      289                                   
1893 3111500 -759 12876           Taiyuan          67      10120      267                                   
1893 3111900 -683 12855           Taiyuan          26      10107      283                                   
1893 3112300 -606 12833           Taiyuan          67      10121      278                                   
1893 312 300 -530 12812           Taiyuan          67      10122      250                                   
1893 312 700 -463 12783           Taiyuan          26      10098      256                                   
1893 3121100 -397 12754           Taiyuan          46      10102      267                                   
1893 3121600 -330 12725           Taiyuan          67      10097      278                                   
1893 3122000 -264 12696           Taiyuan          67      10106      267                                   
1893 313   0 -197 12667           Taiyuan          67      10122      267                                   
1893 313 400 -131 12638           Taiyuan          67      10101      272                                   
1893 316 400  937 12150           Taiyuan                  10082      256                                   
1893 318 400 1657 11960           Taiyuan          26      10090      267                                   
1893 819 600-3021 15634           Taiyuan          46                 178                                   
1893 8191000-2935 15576           Taiyuan          46                 178                                   
1893 8191400-2849 15517           Taiyuan          67                                                       
1893 8191800-2762 15459           Taiyuan          67                                                       
1893 8192200-2676 15400           Taiyuan          67                 211                                   
1893 820 200-2590 15342           Taiyuan          67                 222                                   
1893 820 600-2504 15284           Taiyuan          26      10261      217                                   
1893 8201000-2418 15225           Taiyuan          26      10269      228                                   
1893 8201400-2331 15167           Taiyuan                                                                   
1893 8201800-2245 15108           Taiyuan          67      10255      222                                   
1893 821 200-2159 15050           Taiyuan          67      10232      239                                   
1893 821 600-2118 14992           Taiyuan          26      10206      233                                   
1893 8211000-2077 14933           Taiyuan          26      10199      233                                   
1893 8211400-2035 14875           Taiyuan                                                                   
1893 8211800-1994 14816           Taiyuan          26      10166      222                                   
1893 8212200-1953 14758           Taiyuan          67      10161      233                                   
1893 822 200-1912 14700           Taiyuan          67      10128      228                                   
1893 822 600-1903 14641           Taiyuan          26      10091      228                                   
1893 8221000-1893 14583           Taiyuan          93      10117      233                                   
1893 8221400-1884 14524           Taiyuan          67                                                       
1893 8221800-1875 14466           Taiyuan           0      10107      211                                   
1893 8222200-1866 14408           Taiyuan          26      10122      200                                   
1893 823 200-1856 14349           Taiyuan          26      10109      194                                   
1893 823 600-1847 14291           Taiyuan          26      10087      206                                   
1893 8231100-1838 14232           Taiyuan          26      10100      211                                   
1893 8231900-1829 14174           Taiyuan          67      10112      217                                   
1893 8232300-1819 14116           Taiyuan          26      10132      222                                   
1893 824 300-1810 14057           Taiyuan          26      10134      228                                   
1893 8291500-1045 13225           Taiyuan          26      10179      261                                   
1893 8291900-1045 13225           Taiyuan          26      10178      244                                   
1893 8292300-1045 13225           Taiyuan          26      10178      244                                   
1893 830 300-1045 13225           Taiyuan          26      10177      294                                   
1893 830 700-1045 13225           Taiyuan           0      10161      267                                   
1893 8301100-1045 13225           Taiyuan          67      10165      261                                   
1893 8301900-1222 13045           Taiyuan           0      10179      244                                   
1893 8302300-1222 13045           Taiyuan          26      10179      261                                   
1893 831 300-1222 13045           Taiyuan          10      10164      272                                   
1893 831 700-1187 13030           Taiyuan          26      10167      272                                   
1893 8311100-1151 13014           Taiyuan          10      10171      272                                   
1893 8311500-1116 12999           Taiyuan          67      10170      278                                   
1893 8312300-1081 12984           Taiyuan          26      10163      294                                   
1893 9 1 300-1046 12969           Taiyuan          26      10170      294                                   
1893 9 1 700-1010 12953           Taiyuan          26      10166      278                                   
1893 9 11100 -975 12938           Taiyuan          67      10166      278                                   
1893 9 11500 -940 12923           Taiyuan          26      10171      267                                   
1893 9 11900 -940 12923           Taiyuan          67      10167      272                                   
1893 9 12300 -940 12923           Taiyuan          26      10179      278                                   
1893 9 2 300 -940 12923           Taiyuan          26      10188      283                                   
1893 9 2 700 -940 12923           Taiyuan          26      10171      289                                   
1893 9 21100 -940 12923           Taiyuan          26      10168      267                                   
1893 9 21500 -689 12833           Taiyuan          26      10155      300                                   
1893 9 22000 -439 12743           Taiyuan          26      10166      267                                   
1893 9 3   0 -439 12743           Taiyuan          26      10163      267                                   
1893 9 3 400 -439 12743           Taiyuan          26      10153      267                                   
1893 9 3 800 -439 12743           Taiyuan          26      10148      278                                   
1893 9 31200 -336 12727           Taiyuan          26      10149      272                                   
1893 9 32000 -233 12711           Taiyuan          26      10150      283                                   
1893 9 4   0 -131 12696           Taiyuan          26      10149      289                                   
1893 9 4 400  -28 12680           Taiyuan          67                                                       
1893 9 81600 1820 11559           Taiyuan          46      10062      278                                   
1893 9 82000 1820 11559           Taiyuan                                                                   
1893 9 9   0 1820 11559           Taiyuan                                                                   
1893 9 9 400 1820 11559           Taiyuan                                                                   
1893 9 9 800 1820 11559           Taiyuan          67      10048      278                                   
1893 9 91200 1820 11559           Taiyuan          67      10055      278                                   
1893 9 91600 1820 11559           Taiyuan          10      10064      283                                   
1893 9 92000 1820 11559           Taiyuan          26      10061      283                                   
1893 910   0 1820 11559           Taiyuan          26      10060      267                                   
1893 910 400 1820 11559           Taiyuan          26      10060      267                                   
1893 910 800 1820 11559           Taiyuan          10      10053      272                                   
1893 9101200 1820 11559           Taiyuan                  10054      283                                   
1893 9101600 1820 11559           Taiyuan          10      10047      289                                   
1893 9102000 1820 11559           Taiyuan          10      10061      283                                   
1893 911   0 1820 11559           Taiyuan          10      10069      272                                   
1893 911 400 2216 11414           Taiyuan          26      10072      294                                   
1893 911 800 2216 11414           Taiyuan          10      10048      294                                   
1893 9111200 2216 11414           Taiyuan          10      10049      289                                   
1893 9111600 2216 11414           Taiyuan          26                                                       
1893 9112000 2216 11414           Taiyuan          26      10061      256                                   
1893 912   0 2216 11414           Taiyuan          26      10398      256                                   
1893 912 400 2216 11414           Taiyuan          26      10404      256                                   
1893 912 800 2216 11414           Taiyuan          26      10058      272                                   
1893 9121200 2216 11414           Taiyuan          26      10055      272                                   
1893 9121600 2216 11414           Taiyuan                                                                   
1893 9122000 2216 11414           Taiyuan          26      10055      272                                   
1893 913   0 2216 11414           Taiyuan          26      10055      272                                   
1893 913 400 2216 11414           Taiyuan          26      10055      272                                   
1893 913 800 2216 11414           Taiyuan          26      10055      272                                   
1893 9131200 2216 11414           Taiyuan          26      10055      272                                   
1893 9132000 2216 11414           Taiyuan          26      10153      272                                   
1893 914   0 2216 11414           Taiyuan          26      10153      272                                   
1893 914 400 2216 11414           Taiyuan          26      10153      272                                   
1893 914 800 2226 11418           Taiyuan          26      10156      272                                   
1893 9231600 2214 11421           Taiyuan          10      10167      267                                   
1893 924 800 2214 11421           Taiyuan          26      10157      283                                   
1893 9241200 2214 11421           Taiyuan          26      10157      289                                   
1893 9241600 2214 11421           Taiyuan          10                 278                                   
1893 9242000 2214 11421           Taiyuan          10      10161      283                                   
1893 925   0 2214 11421           Taiyuan          26      10157      283                                   
1893 925 400 2420 11838           Taiyuan          10      10165      289                                   
1893 925 800 2420 11838           Taiyuan          10      10160      278                                   
1893 9251200 2420 11838           Taiyuan          10      10159      283                                   
1893 9251600 2420 11838           Taiyuan          10      10153      278                                   
1893 9252000 2420 11838           Taiyuan          10      10167      278                                   
1893 926   0 2420 11838           Taiyuan          10      10170      294                                   
1893 926 400 2420 11838           Taiyuan          10      10162      306                                   
1893 926 800 2420 11838           Taiyuan          10      10161      289                                   
1893 9261200 2420 11838           Taiyuan          10      10153      278                                   
1893 9261600 2420 11838           Taiyuan                  10133      278                                   
1893 9262000 2420 11838           Taiyuan          10      10153      278                                   
1893 927   0 2420 11838           Taiyuan          10      10153      278                                   
1893 927 400 2420 11838           Taiyuan          10      10153      278                                   
1893 927 800 2420 11838           Taiyuan                  10133      278                                   
1893 9271200 2420 11838           Taiyuan                  10133      278                                   
1893 9271600 2420 11838           Taiyuan          10      10173      278                                   
1893 9272000 2420 11838           Taiyuan                  10153      278                                   
1893 928   0 2420 11838           Taiyuan                  10156      283                                   
1893 928 400 2420 11838           Taiyuan          46      10154      294                                   
1893 928 800 2420 11838           Taiyuan                  10167      278                                   
1893 9281200 2420 11838           Taiyuan                  10173      278                                   
1893 9282000 2420 11838           Taiyuan                  10173      278                                   
1893 929   0 2420 11838           Taiyuan                  10173      278                                   
1893 929 400 2420 11838           Taiyuan                  10170      300                                   
189310 31600 2575 11513           Taiyuan         123      10176      228                                   
189310 4 800 2575 11508           Taiyuan          93      10162      228                                   
189310 41200 2575 11504           Taiyuan          93      10168      233                                   
189310 41600 2575 11499           Taiyuan          93      10181      256                                   
189310 42000 2575 11494           Taiyuan          93      10181      239                                   
189310 5   0 2575 11490           Taiyuan         123      10191      239                                   
189310 5 400 2575 11485           Taiyuan         123      10191      239                                   
189310 5 800 2575 11480           Taiyuan          93      10180      261                                   
189310 51200 2575 11476           Taiyuan          93      10190      267                                   
189310 51600 2222 11471           Taiyuan          26      10177      228                                   
189310 52000 2222 11466           Taiyuan          67      10170      267                                   
189310 6   0 2222 11462           Taiyuan          46      10177      250                                   
189310 6 400 2222 11457           Taiyuan          46      10168      239                                   
189310 6 800 2222 11452           Taiyuan          46      10178      239                                   
189310 61200 2222 11448           Taiyuan          26      10177      228                                   
189310 61600 2222 11443           Taiyuan          93      10110      244                                   
189310 62000 2222 11438           Taiyuan          26      10177      228                                   
189310 7   0 2222 11434           Taiyuan          46      10153      250                                   
189310 7 400 2222 11429           Taiyuan          67      10145      256                                   
189310 7 800 2222 11424           Taiyuan          67      10145      256                                   
189310 71200 2222 11420           Taiyuan          67      10110      244                                   
189310 71600 2217 11415           Taiyuan          67      10150      244                                   
189310 72000 2212 11410           Taiyuan         123      10076      244                                   
189310 8   0 2207 11406           Taiyuan         123      10096      250                                   
189310 8 400 2202 11401           Taiyuan         123      10108      256                                   
189310 8 800 2197 11396           Taiyuan          93      10108      256                                   
189310 81200 2192 11392           Taiyuan          93      10127      261                                   
189310 81600 2187 11387           Taiyuan                                                                   
189310 82000 2182 11382           Taiyuan          46      10147      261                                   
189310131600  198 12526           Taiyuan          10      10144      278                                   
189310132000  149 12526           Taiyuan           0      10136      283                                   
18931014   0  100 12526           Taiyuan           0      10143      283                                   
18931014 400   51 12526           Taiyuan           0      10143      283                                   
18931014 800    2 12526           Taiyuan          26      10138      272                                   
189310141200  -47 12526           Taiyuan          26      10148      272                                   
189310141600  -96 12587           Taiyuan          10      10152      272                                   
189310142000 -145 12648           Taiyuan          10      10132      272                                   
18931015   0 -194 12709           Taiyuan          10      10139      267                                   
18931015 300 -243 12770           Taiyuan                             289                                   
18931015 700 -292 12812           Taiyuan          10      10120      283                                   
189310151100 -341 12854           Taiyuan          10      10124      278                                   
189310151500 -390 12896           Taiyuan          10      10139      267                                   
189310151900 -439 12939           Taiyuan          10      10128      278                                   
189310152300 -488 12981           Taiyuan          26      10141      278                                   
18931016 300 -537 13023           Taiyuan          10      10145      294                                   
18931016 700 -586 13101           Taiyuan          10      10127      283                                   
189310161100 -635 13179           Taiyuan          26      10140      289                                   
189310161500 -684 13256           Taiyuan          26      10153      289                                   
189310161900 -733 13334           Taiyuan          10      10149      294                                   
189310162300 -782 13412           Taiyuan          26                                                       
18931017 300 -831 13490           Taiyuan          26      10170      289                                   
18931017 700 -880 13533           Taiyuan          26      10154      289                                   
189310171100 -929 13577           Taiyuan          26      10154      289                                   
189310171500 -978 13620           Taiyuan          46      10166      278                                   
189310171900-1027 13663           Taiyuan          46      10159      278                                   
189310172300-1076 13707           Taiyuan          26      10161      289                                   
18931018 300-1125 13750           Taiyuan          26      10164      294                                   
1895 6 1 200-1100 14300           Taiyuan          93      10126      239                                   
1895 6 2 200-1300 14400           Taiyuan          93      10143      261                                   
1895 6 3 200-1600 14500           Taiyuan         123      10166      250                                   
1895 6 4 200-1900 14700           Taiyuan          67      10211      211                                   
1895 6 5 200-2100 14900           Taiyuan         123      10224      200                                   
1895 6 6 200-2300 15200           Taiyuan          93      10216      217                                   
1895 6 7 200-2600 15300           Taiyuan          67      10220      206                                   
1895 6 8 200-2800 15200           Taiyuan          26      10221      211                                   
1895 6 9 200-3200 15200           Taiyuan          26      10122      178                                   
1895 612 200-3700 15000           Taiyuan          46      10202      144                                   
1895 613 200-3900 14700           Taiyuan          46      10278      144                                   
1895 616 200-3800 14800           Taiyuan          46      10288      144                                   
1895 617 200-3500 15100           Taiyuan          67      10265      144                                   
1895 627   0-3390 15100           Taiyuan                                                                   
1895 627 200-3000 15300           Taiyuan          67      10059      178                                   
1895 628   0-2610 15500           Taiyuan          67      10180      167                                   
