1892 8 12000-4335 17250           Talune            0                 106                                   
1892 8 12000-4335 17250           Talune            0      10292      106                                   
1892 8 22100-4549 17039           Talune           26      10206      111                                   
1892 8 22100-4549 17039           Talune           26      10206      111                                   
1892 8 42100 4656 16822           Talune                   10103      128                                   
1892 8 42100-4636 16822           Talune            0      10102      128                                   
1892 8 52100-4549 16239           Talune           67      10083      139                                   
1892 8 62200-4439 15656           Talune           67      10126       78                                   
1892 8 7 200-4436 15557           Talune           67      10090       89                                   
1892 8 72200-4339 15013           Talune           46      10099       89                                   
1892 8 82200-4187 14881           Talune            0      10032      122                                   
1892 8 92200-4035 14750           Talune           93      10134      106                                   
1892 8102200-4035 14743           Talune            0      10200      117                                   
1892 816 200-4035 14737           Talune           26      10196      139                                   
1892 8162200-4035 14730           Talune           46      10266      128                                   
1892 8172200-4192 14935           Talune           10      10287      111                                   
1892 8182200-4349 15140           Talune           46      10340      106                                   
1892 8192100-4459 15819           Talune           67      10350      111                                   
1892 8202100-4600 16700           Talune           46      10340      117                                   
1892 8212100-4626 16826           Talune           46      10141      100                                   
1892 9 12100-3421 16959           Talune           67      10189      150                                   
1892 9 22100-3420 16412           Talune           46      10270      150                                   
1892 9 32100-3415 15812           Talune           93      10259      172                                   
189212 1 300-3385 15510           Talune           93      10056      194                                   
189212 1 600-3417 15510           Talune           93                                                       
189212 1 800-3448 15510           Talune           93                                                       
189212 2 200-3480 15510           Talune           67      10078      194                                   
189212 22100-3430 15510           Talune          123      10051      167                                   
189212 3 100-3403 16025           Talune          154      10027      172                                   
189212 3 800-3403 16025           Talune                                                                    
189212 31000-3403 16025           Talune          190       9986      172                                   
189212 4 100-3425 16620           Talune           93       9989      178                                   
189212 5 100-3422 17136           Talune           26      10037      194                                   
189212 6   0-3684 17302           Talune                   10028      239                                   
189212 7   0-3684 17468           Talune          123      10030      189                                   
189212 8   0-3684 17635           Talune           26      10025      194                                   
189212 9   0-3815 17801           Talune           46      10019      239                                   
18921210   0-3947 17691           Talune           93       9981      211                                   
18921211   0-4128 17551           Talune           46       9975      194                                   
18921212   0-4128 17412           Talune           26      10026      194                                   
18921213   0-4360 17272           Talune           46       9910      256                                   
18921214 100-4460 17050           Talune           93       9962      194                                   
18921215 100-4559 17050           Talune          123       9984      189                                   
18921216 100-4659 16833           Talune          190       9961      167                                   
18921217 100-4587 16216           Talune           46      10047      156                                   
18921218 200-4425 15547           Talune           67      10142      139                                   
18921219 200-4321 14857           Talune           26      10143      150                                   
18921220 300-4128 14167           Talune           26      10117      172                                   
18921221 300-3935 13477           Talune           46      10022      250                                   
18921227 200-4358 15222           Talune           46      10134      144                                   
18921228 100-4509 15918           Talune           67      10054      150                                   
18921229 100-4627 16603           Talune           10      10100      139                                   
18921230 100-4587 16827           Talune           26      10060      139                                   
18921231 100-4493 17051           Talune           26      10139      144                                   
1893 1 1 100-4399 17150           Talune            0      10167      133                                   
1893 1 2 100-4305 17249           Talune           26      10169      156                                   
1893 1 3   0-4211 17348           Talune           26      10135      172                                   
1893 1 4   0-4117 17447           Talune           93      10102      139                                   
1893 1 5   0-3944 17691           Talune           26      10109      150                                   
1893 1 6   0-3772 17584           Talune           93      10113      200                                   
1893 1 7   0-3599 17477           Talune           93      10138      200                                   
1893 1 8 100-3426 17115           Talune           67      10382      206                                   
1893 1 9 100-3426 16509           Talune           46      10016      217                                   
1893 110 100-3409 15913           Talune           67      10017      233                                   
1893 111 200-3349 15321           Talune           26      10020      228                                   
1893 2 8 100-4522 15941           Talune           26      10081      150                                   
1893 2181300 3400 17100           Talune                                                                    
1893 219 500 3400 17100           Talune           46      10081      233                                   
1893 219 900 3400 17100           Talune           46      10065      328                                   
1893 2191700 3400 17100           Talune           67      10065      328                                   
1893 220 100 3400 16400           Talune           46      10042      244                                   
1893 2241400-3350 15118           Talune           26      10076      217                                   
1893 225 400-3350 15118           Talune           46      10066      239                                   
1893 225 600-3350 15118           Talune           46      10067      233                                   
1893 2251000-3350 15118           Talune           46      10075      222                                   
1893 2251400-3529 15640           Talune           67      10096      206                                   
1893 2251800-3350 15118           Talune           26      10075      206                                   
1893 2252200-3350 15118           Talune           26      10070      233                                   
1893 226 200-3529 15640           Talune           26      10062      250                                   
1893 226 600-3529 15640           Talune           26      10064      239                                   
1893 2261000-3529 15640           Talune           26      10087      222                                   
1893 2261300-3720 16137           Talune           46      10104      172                                   
1893 2261800-3529 15640           Talune           67      10102      189                                   
1893 2262200-3529 15640           Talune           67      10113      189                                   
1893 227 100-3720 16157           Talune           93      10110      194                                   
1893 227 500-3720 16137           Talune           67      10100      194                                   
1893 227 900-3720 16137           Talune           67      10109      178                                   
1893 2271300-3720 16137           Talune           93      10012      178                                   
1893 2271700-3720 16137           Talune           46      10098      167                                   
1893 2272100-3720 16137           Talune           46      10093      172                                   
1893 228 100-3720 16137           Talune           46      10069      178                                   
1893 228 500-3720 16137           Talune           93      10031      183                                   
1893 228 900-3720 16137           Talune           93      10021      183                                   
1893 2281300-3875 16137           Talune           93      10013      178                                   
1893 2281700-4030 16137           Talune           93      10005      172                                   
1893 2282100-4030 16137           Talune           93       9997      178                                   
1893 3 1   0-4030 17320           Talune          123       9971      172                                   
1893 3 1 400-4030 17320           Talune          154       9978      172                                   
1893 3 1 800-4030 17431           Talune          154       9964      156                                   
1893 3 11100-3779 17478           Talune          154       9962      156                                   
1893 318 900-4635 16820           Talune            0      10179      172                                   
1893 3181300-4615 16692           Talune          154      10402      156                                   
1893 3181700-4595 16565           Talune           93      10268      144                                   
1893 3182100-4575 16437           Talune          123      10123      122                                   
1893 319 100-4555 16310           Talune           26      10135      128                                   
1893 319 500-4531 16199           Talune            0      10156      122                                   
1893 319 900-4507 16087           Talune           26      10171      117                                   
1893 3191300-4483 15975           Talune           26      10165      111                                   
1893 3191700-4459 15864           Talune           46      10154      111                                   
1893 3192100-4435 15752           Talune           46      10143      117                                   
1893 320 200-4411 15641           Talune           93      10117      128                                   
1893 320 600-4379 15538           Talune           93      10092      156                                   
1893 3201000-4347 15436           Talune           67      10110      150                                   
1893 3201400-4315 15333           Talune           93      10112      156                                   
1893 3201800-4284 15231           Talune           67      10091      156                                   
1893 3202200-4252 15128           Talune           67      10094      156                                   
1893 321 200-4220 15026           Talune           93      10109      167                                   
1893 321 600-4188 14924           Talune           93      10136      144                                   
1893 3211000-4156 14821           Talune          123      10178      133                                   
1893 3211400-4124 14718           Talune           93      10193      122                                   
1893 3211800-4093 14616           Talune           46      10196      144                                   
1893 3212200-4061 14513           Talune           46      10200      156                                   
1893 322 200-4029 14411           Talune           26      10197      172                                   
1893 322 600-3997 14308           Talune           67      10193      156                                   
1893 3221000-3965 14206           Talune           93      10186      156                                   
1893 526 600-3529 15640           Talune           26      10126     -139                                   
1893 6 81300-4635 16820           Talune          190      10081       50                                   
1893 6 9 100-4635 16820           Talune          226                                                       
1893 6 9 400-4635 16820           Talune          226      10015       44                                   
1893 6 9 900-4607 16578           Talune          268      10065       44                                   
1893 6 91300-4580 16337           Talune           46      10231       83                                   
1893 6 91700-4580 16337           Talune          190      10088       50                                   
1893 610 100-4580 16337           Talune          154      10186       67                                   
1893 610 500-4580 16337           Talune          123      10206       72                                   
1893 610 900-4580 16337           Talune           93      10225       78                                   
1893 6101300-4540 15780           Talune           10      10240      106                                   
1893 6101700-4580 16337           Talune           26      10243       89                                   
1893 6102100-4580 16337           Talune           10      10242      100                                   
1893 611 100-4540 15780           Talune           26      10248      122                                   
1893 611 500-4540 15780           Talune            0      10238      117                                   
1893 611 900-4540 15780           Talune           10      10240      106                                   
1893 6111300-4540 15780           Talune           10      10240      106                                   
1893 6111700-4540 15780           Talune           26      10240      106                                   
1893 6112100-4540 15780           Talune           46      10227      122                                   
1893 612 200-4125 15046           Talune           46      10196      144                                   
1893 612 600-4125 15046           Talune           67      10187      139                                   
1893 612 900-4100 14821           Talune                                                                    
1893 6211400-4206 14480           Talune           93      10046      100                                   
1893 622 700-4253 14720           Talune           46      10048      106                                   
1893 6221000-4299 14960           Talune           46      10042      106                                   
1893 6221400-4346 15200           Talune           93      10047      100                                   
1893 6221800-4346 15200           Talune           93      10044       94                                   
1893 6222200-4346 15200           Talune          123      10048       94                                   
1893 623 200-4346 15200           Talune          123      10054      100                                   
1893 623 600-4346 15200           Talune          123      10056       83                                   
1893 6231000-4346 15200           Talune          123      10056       83                                   
1893 6231300-4346 15812           Talune           93      10055       89                                   
1893 6231800-4346 15200           Talune           93      10055       89                                   
1893 6232200-4346 15200           Talune           93      10054       94                                   
1893 624 100-4454 15812           Talune           93      10059       94                                   
1893 624 500-4454 15812           Talune           67      10071       83                                   
1893 624 900-4535 15812           Talune           67      10078       83                                   
1893 6241300-4617 16441           Talune           46      10075       89                                   
1893 6241700-4617 15812           Talune           26      10074       94                                   
1893 6242100-4617 15812           Talune           26      10068      111                                   
1893 625 100-4617 16441           Talune           67      10039      144                                   
1893 625 500-4617 16441           Talune          123      10028      128                                   
1893 625 900-4617 16441           Talune          154      10036      117                                   
1893 6251300-4617 16441           Talune          154      10051      111                                   
1893 6251500-4617 16441           Talune                                                                    
1893 815 200-3354 15558           Talune           26      10220      161                                   
1893 8171400-3354 15558           Talune           26      10220      161                                   
1893 818 600-3354 15558           Talune           26      10211      178                                   
1893 8181000-3354 15558           Talune           46      10219      167                                   
1893 8181400-3354 15558           Talune           67      10193      161                                   
1893 8181800-3354 15558           Talune           26      10213      161                                   
1893 8182200-3354 15558           Talune           26      10213      167                                   
1893 819 200-3354 15558           Talune           46      10201      172                                   
1893 819 600-3354 15558           Talune           46      10192      167                                   
1893 8191000-3354 15558           Talune           46      10199      164                                   
1893 8191400-3354 15558           Talune           67      10170      161                                   
1893 8191800-3354 15558           Talune           67      10187      158                                   
1893 8192200-3386 15558           Talune           67      10191      156                                   
1893 820 100-3418 16145           Talune           93      10173      164                                   
1893 820 500-3420 16245           Talune           93      10170      161                                   
1893 820 900-3422 16345           Talune           93      10167      161                                   
1893 8201300-3423 16445           Talune           46      10170      161                                   
1893 8201700-3425 16546           Talune           67      10168      156                                   
1893 8202100-3427 16646           Talune           67      10176      167                                   
1893 821 100-3429 16746           Talune           67      10157      178                                   
1893 821 500-3431 16846           Talune           67      10152      172                                   
1893 821 900-3433 16946           Talune           46      10166      167                                   
1893 8211700-3434 17046           Talune           26      10168      156                                   
1893 8212100-3436 17147           Talune           10      10165      172                                   
