1893 3211600 2266 11652           Tanjuan          67      10144      161                                   
1893 3212000 2294 11652           Tanjuan          93      10122      172                                   
1893 322   0 2322 11652           Tanjuan          93      10134      167                                   
1893 322 400 2350 11652           Tanjuan          93      10144      167                                   
1893 322 800 2378 11702           Tanjuan          93      10129      156                                   
1893 3221200 2406 11752           Tanjuan          67      10135      161                                   
1893 3221600 2434 11802           Tanjuan          93      10143      133                                   
1893 3222000 2462 11852           Tanjuan          67      10132      161                                   
1893 323   0 2490 11902           Tanjuan          93      10150      133                                   
1893 323 400 2518 11952           Tanjuan          67      10150      139                                   
1893 323 800 2569 11986           Tanjuan          67      10137      139                                   
1893 3231200 2619 12020           Tanjuan         123      10145      133                                   
1893 3231600 2670 12054           Tanjuan          26      10128      117                                   
1893 3232000 2721 12088           Tanjuan          67      10135      117                                   
1893 324   0 2771 12122           Tanjuan          67      10143      111                                   
1893 324 400 2822 12156           Tanjuan          46      10139      117                                   
1893 324 800 2873 12190           Tanjuan          67      10129      117                                   
1893 3241200 2923 12224           Tanjuan          26      10130      117                                   
1893 3241600 2974 12258           Tanjuan          26      10135      128                                   
1893 3242000 3025 12292           Tanjuan          26      10123      122                                   
1893 325   0 3075 12326           Tanjuan          46      10123      122                                   
1893 325 400 3126 12360           Tanjuan          67      10127      122                                   
1893 325 800 3177 12394           Tanjuan          67      10134      122                                   
1893 3251200 3227 12428           Tanjuan          26      10138      122                                   
1893 3251600 3278 12462           Tanjuan          26      10168      144                                   
1893 3252000 3329 12496           Tanjuan          26      10140      117                                   
1893 326   0 3379 12530           Tanjuan          26      10140      117                                   
1893 326 400 3430 12564           Tanjuan          26      10149      144                                   
1893 326 800 3481 12598           Tanjuan          26      10138      133                                   
1893 3261200 3531 12632           Tanjuan          26      10158      161                                   
189310 81600 2252 11363           Tanjuan          26      10154      267                                   
189310 9   0 2188 11407           Tanjuan          46      10148      261                                   
189310 9 400 2123 11451           Tanjuan          46      10154      261                                   
189310 9 800 2058 11495           Tanjuan          26      10145      272                                   
189310 91200 1994 11539           Tanjuan          26      10149      267                                   
189310 91600 1929 11583           Tanjuan          26      10116      278                                   
189310 92000 1864 11627           Tanjuan          46      10138      267                                   
18931010   0 1800 11671           Tanjuan          46      10140      272                                   
18931010 400 1735 11715           Tanjuan          10      10131      306                                   
18931010 800 1669 11755           Tanjuan          10      10115      278                                   
189310101200 1604 11796           Tanjuan          10      10115      278                                   
189310101600 1538 11836           Tanjuan          26      10127      283                                   
189310102000 1473 11876           Tanjuan                  10111      278                                   
18931011   0 1407 11917           Tanjuan          10      10119      289                                   
18931011 400 1342 11957           Tanjuan           0      10125      289                                   
18931011 800 1274 11988           Tanjuan           0      10109      283                                   
189310111200 1205 12020           Tanjuan          26      10114      289                                   
189310111600 1137 12051           Tanjuan                                                                   
189310112000 1069 12082           Tanjuan          26      10119      278                                   
18931012   0 1000 12114           Tanjuan          26      10123      272                                   
18931012 400  932 12145           Tanjuan                  10123      272                                   
18931023 200-2210 15130           Tanjuan          10      10188      283                                   
