189110 2 200 1138  9120           Tara             46      10071      283                                   
189110 3 200  -39  9524           Tara             67      10072      267                                   
189110 4 100 -326  9850           Tara             93      10059      267                                   
189110 5 100 -536 10390           Tara            154      10072      267                                   
189110 6 100 -562 10613           Tara             26      10066      267                                   
189110 7 100 -587 10835           Tara                     10057      278                                   
189110 8 100 -613 11058           Tara             67      10051      278                                   
189110 9   0 -743 11446           Tara             93      10059      267                                   
18911010   0 -810 11930           Tara             93      10060      267                                   
18911011   0 -758 12346           Tara             26      10051      278                                   
189110112300 -831 12755           Tara             46      10060      267                                   
189110122300 -939 13129           Tara             46      10055      256                                   
189110132300-1026 13452           Tara             46      10049      256                                   
189110142300-1028 13838           Tara             46      10048      261                                   
189110152200-1034 14280           Tara             46      10040      267                                   
189110162300-1050 14241           Tara             46      10047      267                                   
189110172200-1334 14334           Tara             46      10062      261                                   
189110182200-1536 14474           Tara             67      10076      267                                   
189110192200-1739 14613           Tara             67      10092      256                                   
189110202200-1875 14732           Tara                     10093      256                                   
189110212200-2012 14851           Tara             46      10111      233                                   
189110222200-2233 15024           Tara             93      10146      233                                   
189110232200-2333 15120           Tara             93      10180      233                                   
189110242200-2521 15330           Tara             67      10178      211                                   
189110252200-2709 15540           Tara             67      10183      189                                   
189110262100-2897 15750           Tara                     10128      244                                   
189312 51400-2043 15451           Tara             26                 244                                   
189312 6 200-2115 15447           Tara             46      10091      256                                   
189312 6 600-2186 15443           Tara             46      10081      278                                   
189312 61000-2258 15438           Tara             26      10107      244                                   
189312 61400-2329 15434           Tara             67      10109      256                                   
189312 61800-2401 15430           Tara             26      10099      239                                   
189312 62200-2472 15425           Tara              0      10125      244                                   
189312 7 200-2544 15421           Tara             26      10125      272                                   
189312 7 600-2625 15406           Tara             46      10090      283                                   
189312 71000-2707 15390           Tara             46      10093      267                                   
189312 71400-2788 15375           Tara             46      10141      206                                   
189312 71800-2870 15360           Tara             67      10125      244                                   
189312 72200-2951 15344           Tara             67      10129      244                                   
189312 8 200-3033 15329           Tara             67      10137      239                                   
189312 8 600-3112 15314           Tara             46      10133      228                                   
189312 81000-3192 15298           Tara             46      10151      222                                   
189312 81800-3272 15283           Tara             46      10124      211                                   
189312 82200-3351 15268           Tara             46      10148      233                                   
1892 3 3 200 -232  8333           Tara             26      10042      283                                   
1892 3 4 200 -242  8824           Tara              0      10050      278                                   
1892 3 5 200 -237  9316           Tara             67      10042      283                                   
1892 3 6 200 -334  9745           Tara             46      10043      283                                   
1892 3 7 100 -506 10155           Tara             67      10029      283                                   
1892 3 8 100 -610 10534           Tara             26      10024      278                                   
1892 3 9 100 -609 10741           Tara             26      10024      278                                   
1892 310 100 -608 10948           Tara             26      10023      283                                   
1892 311   0 -658 11413           Tara             46       9994      294                                   
1892 312   0 -804 11805           Tara             93      10006      267                                   
1892 313   0 -758 12230           Tara             46      10017      278                                   
1892 314   0 -818 12715           Tara             26      10012      272                                   
1892 3142300 -926 13101           Tara             46      10011      278                                   
1892 3152300 -953 13500           Tara             26      10004      278                                   
1892 3162300-1023 13849           Tara              0      10005      278                                   
1892 3172300-1051 13983           Tara             26       9997      283                                   
1892 3182300-1080 14118           Tara             26       9984      283                                   
1892 3192200-1108 14252           Tara             46      10005      278                                   
1892 3202200-1330 14341           Tara             46      10018      267                                   
1892 3212200-1449 14421           Tara             67      10035      267                                   
1892 3222200-1569 14501           Tara             46      10005      289                                   
1892 3232200-1688 14582           Tara              0      10004      300                                   
1892 3242200-1808 14662           Tara              0      10021      283                                   
1892 3252200-1927 14742           Tara             46      10022      278                                   
1892 3262200-2128 14957           Tara              0      10023      278                                   
1892 3272200-2334 15075           Tara             26      10040      267                                   
1892 3282200-2541 15194           Tara             67      10065      244                                   
1892 3292200-2747 15312           Tara             67      10095      233                                   
1892 3302200-2953 15430           Tara             26      10032      239                                   
1892 4152200-2335 15052           Tara             46      10094      222                                   
1892 4162200-2335 15052           Tara             46      10137      211                                   
1892 4172200-2909 15036           Tara             67      10117      256                                   
1892 4182200-2909 15036           Tara             67      10103      233                                   
1892 4192200-1970 14645           Tara             26      10087      250                                   
1892 4202200-1540 14524           Tara             93      10048      228                                   
1892 4212200-1248 14353           Tara             67      10042      261                                   
1892 4222300-1034 14213           Tara             93      10033      267                                   
1892 4232300-1031 14111           Tara             26      10047      267                                   
1892 4242300 -954 13610           Tara             67      10025      272                                   
1892 4252300 -928 13106           Tara             67      10033      267                                   
1892 427   0 -814 12638           Tara             67      10036      267                                   
1892 428   0 -757 12154           Tara             26      10044      278                                   
1892 429   0 -803 11721           Tara             93      10038      272                                   
1892 430   0 -640 11336           Tara             26      10048      256                                   
1892 5 1 100 -602 10923           Tara             46      10032      267                                   
1892 5 2 100 -582 10725           Tara             26      10046      306                                   
1892 5 3 100 -563 10527           Tara             46      10046      267                                   
1892 5 4 100 -543 10329           Tara             67      10046      267                                   
1892 5 5 100 -325  9912           Tara             46      10039      267                                   
1892 5 6 200 -104  9506           Tara              0      10043      278                                   
1892 5 7 200  124  9046           Tara             26      10037      278                                   
1892 5 8 200  355  8612           Tara             26      10050      278                                   
1892 5 9 300  556  8145           Tara             93      10044      278                                   
1892 510 300  655  7951           Tara             46      10018      311                                   
1892 8302200-2452 15325           Tara             46                 228                                   
1892 8312200-2314 15193           Tara             67                 211                                   
1892 9 12200-2175 15062           Tara             93                 178                                   
1892 9 22200-2037 14930           Tara                                222                                   
1892 9 32200-1934 14830           Tara             26                 244                                   
1892 9 42200-1832 14730           Tara             46                 244                                   
1892 9 52200-1730 14631           Tara                                256                                   
1892 9 62200-1627 14531           Tara             26                                                       
1892 9 72200-1327 14342           Tara             67                 250                                   
1892 9 82300-1171 14121           Tara             93                 256                                   
1892 9 92300-1015 13900           Tara             67                 244                                   
1892 9101600 -972 13671           Tara             46                 250                                   
1892 9102300 -930 13441           Tara             46                 256                                   
1892 9111600 -891 13229           Tara                                256                                   
1892 9112300 -852 13018           Tara             26                 256                                   
1892 9121600 -836 12810           Tara             26                 256                                   
1892 913   0 -820 12603           Tara             26                 250                                   
1892 9131700 -810 12407           Tara             46                 267                                   
1892 914   0 -800 12211           Tara             26                 261                                   
1892 9141700 -801 12008           Tara             67                 267                                   
1892 9142300 -803 11805           Tara             46                 272                                   
1892 9151700 -726 11603           Tara             67                 267                                   
1892 9152300 -649 11401           Tara             67                 272                                   
1892 917   0 -602 10934           Tara             67                 267                                   
1892 9172300 -555 10467           Tara             46                 261                                   
1892 9182300 -508 10000           Tara                                                                      
1892 9191700 -461  9533           Tara                                289                                   
