1892 8121900-4650 16323           Tarawera        268      10068      133                                   
1892 8122000-4602 16323           Tarawera        350      10067      133                                   
1892 813 100-4554 16323           Tarawera        268      10118      133                                   
1892 8131900-4506 16323           Tarawera        350      10115      144                                   
1892 814 200-4458 15730           Tarawera        268      10115      144                                   
1892 8141200-4424 15730           Tarawera        268      10011      156                                   
1892 8142000-4391 15730           Tarawera        190       9994      156                                   
1892 815 200-4357 15150           Tarawera        350      10065      133                                   
1892 826 200-4415 15212           Tarawera         67      10031      139                                   
1892 8262000-4415 15212           Tarawera         26      10031      139                                   
1892 827 100-4524 15846           Tarawera         26      10038      144                                   
1892 827 500-4524 15846           Tarawera         26      10038      144                                   
1892 8271900-4524 15846           Tarawera                  9964      139                                   
1892 8272100-4524 15846           Tarawera                  9931      139                                   
1892 828 100-4610 16513           Tarawera                  9915      139                                   
1892 828 700-4610 16513           Tarawera                  9905      133                                   
