1891 4 1 200-4148 15048           Taroba           93                                                       
1891 4 2 200-3848 15148           Taroba                                                                    
1891 4 3 200-3645 15257           Taroba           67                                                       
1891 4 4 200-3456 15343           Taroba           67                                                       
1891 4 5 100 -411 10024           Taroba                   10037      294                                   
1891 4 5 200-3320 15456           Taroba           10                                                       
1891 4 6 100 -680 10500           Taroba                   10016      306                                   
1891 4 6 200-3015 15617           Taroba           67                                                       
1891 4 61400-2986 15585           Taroba                                                                    
1891 4 62200-2956 15553           Taroba                                                                    
1891 4 7 200-2927 15521           Taroba            0                                                       
1891 4 72200-2893 15440           Taroba                                                                    
1891 4 8 200-2859 15359           Taroba           93                                                       
1891 4 9 100 -670 10932           Taroba                   10066      267                                   
1891 410   0 -730 11414           Taroba                   10067      283                                   
1891 411   0 -800 11823           Taroba                   10058      294                                   
1891 412   0 -850 12329           Taroba                   10043      289                                   
1891 4122200-4240 15035           Taroba                   10136      289                                   
1891 4131400-4141 15107           Taroba                                                                    
1891 4132200-4043 15180           Taroba                   10150      294                                   
1891 4142200-3930 15137           Taroba                   10147      306                                   
1891 4151400-3779 15228           Taroba                                                                    
1891 4152200-3629 15320           Taroba                   10121      283                                   
1891 4161400-3540 15389           Taroba                                                                    
1891 4162200-3450 15458           Taroba                                                                    
1891 4171400-3289 15546           Taroba                                                                    
1891 4172200-3128 15635           Taroba                   10154      283                                   
1891 4182200-2854 15528           Taroba                   10191      289                                   
1891 4192200-2703 15345           Taroba                   10175      261                                   
1891 420 200-2485 15201           Taroba                                                                    
1891 4202200-2266 15058           Taroba                   10091      261                                   
1891 4212200-2048 14914           Taroba                   10102      228                                   
1891 4222200-2240 15120           Taroba                   10087      261                                   
1891 4232200-2432 15326           Taroba                   10148      250                                   
1891 919 200   94  9421           Taroba                   10085      272                                   
1891 920 100 -154  9758           Taroba                   10085      267                                   
1891 921 100 -402 10041           Taroba                   10084      278                                   
1891 922 100 -555 10338           Taroba                              267                                   
1891 923 100 -579 10635           Taroba                                                                    
1891 924 100 -603 10932           Taroba                   10111      278                                   
1891 925   0 -644 11349           Taroba                   10119      272                                   
1891 926   0 -835 11751           Taroba                   10103      267                                   
1891 927   0 -802 12156           Taroba                   10096      272                                   
1891 928   0 -814 12634           Taroba                   10103      267                                   
1891 9282300 -914 13029           Taroba                   10090      372                                   
1891 9292300 -949 13417           Taroba                   10119      256                                   
1891 9302300-1014 13810           Taroba                   10125      261                                   
189110 12300-1032 14143           Taroba                   10122      261                                   
189110 22300-1030 14216           Taroba                                                                    
189110 32200-1327 14344           Taroba                   10117      256                                   
189110 42200-1590 14492           Taroba                                                                    
189110 52200-1853 14640           Taroba                   10116      233                                   
189110 62200-1981 14781           Taroba                                                                    
189110 72200-2110 14923           Taroba                   10169      228                                   
189110 82200-2238 15064           Taroba                                                                    
189110 92200-2367 15206           Taroba                   10165      222                                   
189110102200-2495 15347           Taroba                   10158      233                                   
189110112200-2624 15489           Taroba                                                                    
1892 2 8 200 -223  9113           Taroba                   10060      278                                   
1892 2 9 200 -335  9529           Taroba                                                                    
1892 210 100 -448  9946           Taroba                              306                                   
1892 211 100 -558 10356           Taroba                   10065      294                                   
1892 213 100 -616 11056           Taroba                   10060      300                                   
1892 214   0 -737 11523           Taroba                   10047      300                                   
1892 215   0 -830 12050           Taroba                   10044      300                                   
1892 216   0 -840 12428           Taroba                   10065      272                                   
1892 2162300 -842 12960           Taroba                   10055      294                                   
1892 2172300 -921 13330           Taroba                   10055      294                                   
1892 2182300-1050 13744           Taroba                   10077      289                                   
1892 2192300-1033 13995           Taroba                   10072      278                                   
1892 2202300-1056 14246           Taroba                   10068      283                                   
1892 2212200-1324 14340           Taroba                   10082      283                                   
1892 2222200-1535 14478           Taroba                   10071      272                                   
1892 2232200-1736 14617           Taroba                                                                    
1892 2262200-1937 14755           Taroba                   10093      278                                   
1892 2271400-2039 14883           Taroba                   10092      267                                   
1892 2272200-2141 15012           Taroba                   10092      267                                   
1892 2282200-2328 15156           Taroba                                                                    
1892 2292200-2516 15300           Taroba                   10077      272                                   
1892 3 12200-2703 15444           Taroba                   10075      233                                   
1893 825 300 -620 10910           Taroba           67      10082      289                                   
1893 8251600 -639 11312           Taroba           10      10114      278                                   
1893 826 200 -639 11312           Taroba           10      10114      278                                   
1893 8261400 -639 11478           Taroba           10      10114      278                                   
1893 8261600 -830 11645           Taroba           67      10117      283                                   
1893 827 200 -830 11917           Taroba           67      10117      283                                   
1893 8271600 -830 12190           Taroba           67      10107      283                                   
1893 828 200 -830 12190           Taroba           67      10107      283                                   
1893 8281400 -835 12190           Taroba           67      10107      283                                   
1893 8281600 -830 12533           Taroba           67      10101      283                                   
1893 829 200 -850 12533           Taroba           67      10101      283                                   
1893 8291500 -858 12935           Taroba           67      10115      278                                   
1893 830 100 -858 12935           Taroba           67      10115      278                                   
1893 8301500 -946 13320           Taroba           67      10109      278                                   
1893 831 100 -946 13320           Taroba           67      10109      278                                   
1893 8311500-1015 13655           Taroba           93      10095      278                                   
1893 9 1 100-1015 13655           Taroba           93      10095      278                                   
1893 9 11500-1031 14035           Taroba           93      10087      267                                   
1893 9 2 100-1031 14035           Taroba           93      10087      267                                   
1893 9 21500-1135 14137           Taroba                   10086      278                                   
1893 9 3 100-1238 14240           Taroba                   10086      278                                   
1893 9 31400-1342 14342           Taroba           46      10100      278                                   
1893 9 4   0-1342 14342           Taroba           46      10100      278                                   
1893 9 41400-1550 14526           Taroba           46      10095      272                                   
1893 9 5   0-1550 14526           Taroba           46      10095      272                                   
1893 9 51400-1831 14626           Taroba           46      10141      267                                   
1893 9 6   0-1831 14683           Taroba           46      10141      267                                   
1893 9 61400-1892 14739           Taroba           67      10125      267                                   
1893 9 7   0-1954 14796           Taroba           67      10125      267                                   
1893 9 71400-2015 14853           Taroba                   10128      250                                   
1893 9 8   0-2015 14853           Taroba                   10128      250                                   
1893 9 81400-2250 15057           Taroba           67      10136      211                                   
1893 9 9   0-2250 15057           Taroba           67      10136      211                                   
1893 9 91400-2413 15250           Taroba           93      10170      194                                   
1893 910   0-2413 15250           Taroba                   10170      194                                   
1893 9101400-2453 15254           Taroba           46      10158      189                                   
1893 911   0-2453 15258           Taroba           46                 189                                   
1893 9111400-2747 15262           Taroba           67      10099      233                                   
1893 912   0-3041 15266           Taroba                                                                    
