1892 8162100-3508 17417           Tekapo          123      10000      239                                   
1892 8172200-3419 17021           Tekapo           46      10088      189                                   
1892 8182200-3406 16522           Tekapo           46      10094      211                                   
1892 8192200-3357 16000           Tekapo          154      10042      222                                   
1892 8201000-3378 15721           Tekapo          190      10048      222                                   
1892 8202300-3400 15442           Tekapo          123      10052      222                                   
1892 8252200-3345 15848           Tekapo           46                                                       
1892 8282200-3394 16900           Tekapo          123       9897      200                                   
1892 829 900-3417 17082           Tekapo           67                                                       
1892 8292200-3440 17263           Tekapo           26                 206                                   
1892 8301600-3650 17445           Tekapo                                                                    
1894 6 21800-3845 14638           Tekapo           93      10124      156                                   
1894 6 22200-3845 14638           Tekapo           26      10107      156                                   
1894 6 3 200-3845 14638           Tekapo           26      10091      156                                   
1894 6 3 600-3845 14638           Tekapo           26      10057      156                                   
1894 6 31000-3845 14638           Tekapo           26      10064      156                                   
1894 6 31400-3845 14638           Tekapo           26      10070      178                                   
1894 6 31800-3750 14459           Tekapo           26      10073      156                                   
1894 6 32200-3750 14459           Tekapo           93      10090      156                                   
1894 6 4 200-3750 14459           Tekapo           26      10107      156                                   
1894 6 4 600-3750 14459           Tekapo           93      10132      167                                   
1894 6 41000-3750 14459           Tekapo           93      10153      178                                   
1894 6 41400-3750 14459           Tekapo          123      10137      178                                   
1894 6 41800-3750 14459           Tekapo          123      10153      178                                   
1894 6 42200-3750 14459           Tekapo          123      10170      178                                   
1894 6 5 200-3750 14459           Tekapo          123      10177      178                                   
1894 6 5 600-3750 14459           Tekapo           26      10189      167                                   
1894 6 51000-3750 14459           Tekapo          123      10221      178                                   
1894 6 51400-3750 14459           Tekapo          123      10215      211                                   
1894 6 6 200-3750 14459           Tekapo           93      10221      178                                   
1894 6 6 600-3750 14459           Tekapo           93      10239      172                                   
1894 6 61000-3750 14459           Tekapo           93      10239      189                                   
1894 6 61400-3750 14459           Tekapo           93      10242      211                                   
1894 6 61800-3750 14459           Tekapo           26      10223      167                                   
1894 6 62200-3750 14459           Tekapo           26      10196      167                                   
1894 6 7 300-3800 14040           Tekapo           26      10179      167                                   
1894 6 7 700-3800 14040           Tekapo           26      10163      167                                   
1894 6 71100-3800 14040           Tekapo           26      10166      183                                   
1894 6 71500-3800 14040           Tekapo           26      10172      211                                   
1894 6 71500-3447 13831           Tekapo                                                                    
1894 6 71900-3447 13831           Tekapo           26      10153      167                                   
1894 6 72300-3447 13831           Tekapo           26      10151      178                                   
1894 6 8 300-3447 13831           Tekapo           26      10149      189                                   
1894 6 8 700-3447 13831           Tekapo           26      10149      189                                   
1894 6 81100-3447 13831           Tekapo           26      10145      211                                   
1894 6 81500-3447 13831           Tekapo                   10211      222                                   
1894 6 81900-3447 13831           Tekapo                                                                    
1894 6 82300-3447 13831           Tekapo            0      10183      189                                   
1894 6 9 300-3447 13831           Tekapo            0      10181      200                                   
1894 6 9 700-3447 13831           Tekapo            0      10188      200                                   
1894 6 91100-3447 13831           Tekapo            0      10198      200                                   
1894 6 91500-3447 13831           Tekapo                   10246      211                                   
1894 6 91900-3447 13831           Tekapo            0      10230      211                                   
1894 6 92300-3447 13831           Tekapo           26      10248      200                                   
1894 610 300-3447 13831           Tekapo           26      10248      200                                   
1894 610 700-3447 13831           Tekapo           26      10248      200                                   
1894 6101100-3447 13831           Tekapo           26      10248      200                                   
1894 6101500-3516 13258           Tekapo           26      10165      178                                   
1894 6101900-3447 13831           Tekapo           26      10265      200                                   
1894 6102300-3447 13831           Tekapo                   10265      200                                   
1894 611 300-3516 13258           Tekapo           26      10268      189                                   
1894 611 700-3516 13258           Tekapo           26      10232      200                                   
1894 6111100-3516 13258           Tekapo           93      10215      200                                   
1894 6111500-3516 12815           Tekapo                   10125      233                                   
1894 6111900-3516 13258           Tekapo          123      10099      189                                   
1894 6112300-3516 13258           Tekapo          123      10084      200                                   
1894 612 300-3508 12815           Tekapo          123      10083      206                                   
1894 612 700-3500 12815           Tekapo                   10084      200                                   
1894 6121100-3492 12815           Tekapo                   10100      183                                   
1894 6121600-3454 12564           Tekapo           10      10048      211                                   
1894 6122000-3454 12495           Tekapo           93      10112      211                                   
1894 613   0-3455 12426           Tekapo           93      10127      178                                   
1894 613 400-3455 12357           Tekapo           67      10122      211                                   
1894 613 800-3455 12288           Tekapo           67      10121      156                                   
1894 6131200-3456 12219           Tekapo           67      10103      222                                   
1894 6131600-3456 12150           Tekapo           26      10049      200                                   
1894 6132000-3456 12081           Tekapo          123       9960      211                                   
1894 614   0-3457 12012           Tekapo          226       9979      200                                   
1894 614 400-3457 11943           Tekapo          226       9931      200                                   
1894 614 800-3469 11911           Tekapo          226       9989      200                                   
1894 6141200-3481 11880           Tekapo          226      10029      200                                   
1894 6141600-3492 11848           Tekapo          226       9983      178                                   
1894 6142000-3504 11817           Tekapo          226      10053      200                                   
1894 615   0-3516 11785           Tekapo          226      10081      194                                   
1894 615 400-3528 11754           Tekapo          226      10075      189                                   
1894 615 800-3527 11754           Tekapo          226      10065      189                                   
1894 6151200-3525 11754           Tekapo          123      10053      200                                   
1894 6151600-3524 11754           Tekapo          123      10047      200                                   
1894 6152000-3523 11754           Tekapo          190       9929      200                                   
1894 616   0-3521 11754           Tekapo          268       9929      200                                   
1894 616 400-3520 11754           Tekapo          268      10000      178                                   
1894 616 800-3520 11754           Tekapo          268      10016      183                                   
1894 6161200-3520 11754           Tekapo          268      10030      200                                   
1894 6161600-3520 11754           Tekapo          268      10063      200                                   
1894 6162000-3520 11754           Tekapo          268      10067      178                                   
1894 617   0-3520 11754           Tekapo          268      10048      189                                   
1894 617 400-3520 11754           Tekapo          268      10032      189                                   
1894 617 800-3520 11754           Tekapo          268      10017      178                                   
1894 6171200-3520 11754           Tekapo          268      10060      222                                   
1894 6171600-3520 11754           Tekapo          268      10063      200                                   
1894 6172000-3638 11810           Tekapo          190      10076      189                                   
1894 618   0-3614 11775           Tekapo          190      10066      189                                   
1894 618 400-3590 11740           Tekapo          190      10059      189                                   
1894 618 800-3566 11705           Tekapo          190      10049      189                                   
1894 6181200-3542 11670           Tekapo          123      10131      200                                   
1894 6181600-3518 11635           Tekapo          123      10148      200                                   
1894 6182000-3494 11600           Tekapo          123      10164      200                                   
1894 619   0-3470 11565           Tekapo           26      10199      194                                   
1894 619 400-3446 11530           Tekapo           26      10250      189                                   
1894 619 800-3407 11530           Tekapo           26      10248      200                                   
1894 6191200-3368 11531           Tekapo           26      10264      200                                   
1894 6191600-3329 11531           Tekapo           26      10282      194                                   
1894 6192000-3290 11532           Tekapo           26      10284      178                                   
1894 620   0-3251 11532           Tekapo           26      10282      189                                   
1894 620 400-3212 11533           Tekapo           26      10283      183                                   
1894 620 800-3216 11535           Tekapo           26      10284      178                                   
1894 6201200-3221 11537           Tekapo           26      10281      194                                   
1894 6201600-3225 11539           Tekapo           26      10283      183                                   
1894 6202000-3229 11541           Tekapo           26      10288      156                                   
1894 621   0-3234 11543           Tekapo           26      10288      156                                   
1894 621 400-3238 11545           Tekapo           26      10267      178                                   
1894 621 800-3237 11545           Tekapo           26      10263      200                                   
1894 6211200-3235 11545           Tekapo           26      10263      200                                   
1894 6211600-3234 11545           Tekapo           26      10263      200                                   
1894 6212000-3233 11545           Tekapo           26      10246      200                                   
1894 622   0-3231 11545           Tekapo           26      10240      178                                   
1894 622 400-3230 11545           Tekapo           93      10213      200                                   
1894 622 800-3229 11545           Tekapo           93      10177      211                                   
1894 6221200-3227 11545           Tekapo          123      10150      211                                   
1894 6221600-3226 11545           Tekapo          123      10128      200                                   
1894 6221600-3230 11545           Tekapo                                                                    
1894 6222000-3230 11545           Tekapo          123      10154      189                                   
1894 623   0-3230 11545           Tekapo          123      10181      189                                   
1894 623 400-3230 11545           Tekapo           26      10215      189                                   
1894 623 800-3230 11545           Tekapo           26      10233      200                                   
1894 6231200-3230 11545           Tekapo           26      10256      200                                   
1894 6231600-3230 11545           Tekapo           26      10299      189                                   
1894 6232000-3230 11545           Tekapo           26      10273      183                                   
1894 624   0-3230 11545           Tekapo           26      10280      178                                   
1894 624 400-3230 11545           Tekapo           26      10282      189                                   
1894 624 800-3230 11545           Tekapo           26      10275      189                                   
1894 6241200-3230 11545           Tekapo           26      10285      189                                   
1894 6241600-3230 11545           Tekapo           26      10297      200                                   
1894 6242000-3230 11545           Tekapo           26      10294      178                                   
1894 625   0-3230 11545           Tekapo           26      10294      178                                   
1894 625 400-3230 11545           Tekapo           26      10297      178                                   
1894 625 800-3258 11527           Tekapo           26      10297      200                                   
1894 6251200-3287 11509           Tekapo           26      10312      211                                   
1894 6251600-3315 11491           Tekapo           26      10156      178                                   
1894 6252000-3343 11474           Tekapo           26      10279      172                                   
1894 626   0-3372 11456           Tekapo           26      10252      172                                   
1894 626 400-3400 11438           Tekapo           26      10225      178                                   
1894 626 800-3420 11502           Tekapo          123      10166      189                                   
1894 6261200-3439 11565           Tekapo          123      10166      189                                   
1894 6261400-4515 14989           Tekapo                                                                    
1894 6261600-3459 11629           Tekapo           93      10151      178                                   
1894 6262000-3479 11693           Tekapo           93      10147      200                                   
1894 627   0-3498 11756           Tekapo           93      10153      167                                   
1894 627 400-3518 11820           Tekapo           93      10169      172                                   
1894 627 800-3538 11884           Tekapo           26      10151      183                                   
1894 6271200-3557 11947           Tekapo           26      10163      211                                   
1894 6271600-3577 12011           Tekapo           26      10152      178                                   
1894 6271600-3550 12339           Tekapo           10      10249      222                                   
1894 6272000-3550 12339           Tekapo           10      10133      189                                   
1894 628   0-3550 12339           Tekapo           10      10150      189                                   
1894 628 400-3550 12339           Tekapo           10      10173      189                                   
1894 628 800-3550 12339           Tekapo           10      10182      200                                   
1894 6281200-3550 12339           Tekapo           10      10214      211                                   
1894 6281500-3635 12842           Tekapo           10      10297      200                                   
1894 6282000-3550 12339           Tekapo           10      10249      200                                   
1894 629   0-3550 12339           Tekapo           10      10271      172                                   
1894 629 300-3635 12842           Tekapo           10      10271      172                                   
1894 629 700-3635 12842           Tekapo           26      10271      172                                   
1894 6291100-3635 12842           Tekapo           26      10282      211                                   
1894 6291500-3731 13450           Tekapo          123      10248      217                                   
1894 6291900-3635 12842           Tekapo           93      10285      189                                   
1894 6292300-3635 12842           Tekapo           93      10279      167                                   
1894 630 300-3731 13453           Tekapo           93      10272      172                                   
1894 630 700-3731 13450           Tekapo          123      10255      172                                   
1894 6301100-3731 13450           Tekapo          123      10254      183                                   
1894 6301500-3830 13930           Tekapo          190      10038      206                                   
1894 6301900-3731 13450           Tekapo          123      10201      194                                   
1894 6302300-3731 13450           Tekapo          123      10170      178                                   
1894 7 1 300-3830 13930           Tekapo          123      10172      172                                   
1894 7 1 700-3830 13930           Tekapo          123      10121      172                                   
1894 7 11100-3830 13930           Tekapo          190      10081      211                                   
1894 7 11400-3828 14434           Tekapo           26      10177      144                                   
1894 7 11900-3830 13930           Tekapo          190      10047      172                                   
1894 7 12300-3830 13930           Tekapo          123      10074      156                                   
1894 7 2 200-3828 14434           Tekapo           93      10126      144                                   
1894 7 2 600-3828 14434           Tekapo           93      10143      144                                   
1894 7 21000-3828 14434           Tekapo           26      10158      156                                   
1894 8221800-4484 15007           Tekapo          123      10040      150                                   
1894 8222200-4453 15024           Tekapo           93      10022      156                                   
1894 823 200-4422 15041           Tekapo          154      10018      156                                   
1894 823 600-4391 15058           Tekapo          154      10028      156                                   
1894 8231000-4360 15075           Tekapo          190      10012      150                                   
1894 8231400-4328 15092           Tekapo          154      10060      144                                   
1894 8231800-4297 15110           Tekapo          190      10025      150                                   
1894 8232200-4266 15127           Tekapo          154      10027      156                                   
1894 824 200-4235 15144           Tekapo          190      10023      156                                   
1894 824 600-4216 15156           Tekapo          154      10027      150                                   
1894 8241000-4196 15168           Tekapo          123      10025      144                                   
1894 8241400-4177 15180           Tekapo          123      10017      167                                   
1894 8241800-4158 15192           Tekapo          123      10036      156                                   
1894 8242200-4138 15204           Tekapo          123      10047      150                                   
1894 825 200-4119 15216           Tekapo           10      10059      156                                   
1894 825 600-4107 15200           Tekapo           67      10074      167                                   
1894 8251000-4096 15184           Tekapo           93      10070      172                                   
1894 8251400-4084 15168           Tekapo           46      10038      178                                   
1894 8251800-4072 15153           Tekapo           46      10032      172                                   
1894 8252200-4061 15137           Tekapo           67       9983      167                                   
1894 826 200-4049 15121           Tekapo           93       9965      172                                   
1894 826 600-4041 15121           Tekapo          123       9955      167                                   
1894 8261000-4033 15121           Tekapo          123       9939      161                                   
1894 8261400-4024 15121           Tekapo           93       9923      156                                   
1894 8261800-4016 15122           Tekapo           93       9903      156                                   
1894 8262200-4008 15122           Tekapo          123       9889      161                                   
1894 827 200-4000 15122           Tekapo          154       9874      167                                   
1894 827 600-3992 15122           Tekapo          190       9853      172                                   
1894 8271000-3984 15122           Tekapo          226       9838      178                                   
1894 8271400-3975 15122           Tekapo          226       9834      183                                   
