1893 127   0-4435 17780           Tekoa            67       9943      183                                   
1893 127 400-4146-17681           Tekoa                                                                     
1893 128 100-4724 17241           Tekoa            93       9950      156                                   
1893 129 100-4843 16721           Tekoa            93       9966      128                                   
1893 130 100-4922 16149           Tekoa            93      10143      144                                   
1893 131 200-5010 15618           Tekoa            93      10472      139                                   
1893 2 1 200-5019 15054           Tekoa            46      10435      139                                   
1893 2 2 200-5039 14536           Tekoa            26      10021      172                                   
1893 2 3 300-5114 13934           Tekoa            46       9977      133                                   
1893 2 4 300-5140 13326           Tekoa           154      10066      111                                   
1893 2 5 400-5270 12722           Tekoa            93      10007      106                                   
1893 2 6 400-5236 12100           Tekoa            67       9966      128                                   
1893 2 7 400-5325 11436           Tekoa           123       9934      144                                   
1893 2 8 500-5425 10818           Tekoa            67       9977      133                                   
1893 2 9 500-5540 10156           Tekoa            93       9973      122                                   
1893 210 600-5523  9580           Tekoa            93      10190      117                                   
1893 211 600-5531  8810           Tekoa            93      10207      139                                   
1893 212 700-5546  8100           Tekoa           154      10099      117                                   
1893 213 700-5620  7426           Tekoa            67      10080      111                                   
1893 214 800-5612  6746           Tekoa            93       9999      133                                   
1893 215 800-5339  6336           Tekoa            26       9937      144                                   
1893 216 800-4954  6214           Tekoa            93       9856      144                                   
1893 217 800-4633  5920           Tekoa            46       9986      200                                   
1893 218 800-4289  5616           Tekoa            67      10252      222                                   
1893 219 800-3945  5324           Tekoa            46      10386      211                                   
1893 220 900-3634  5022           Tekoa            67      10175      167                                   
1893 227 900-3323  4720           Tekoa                                                                     
1893 8111200-4336 17300           Tekoa            46      10168      122                                   
1893 8111600-4335 17300           Tekoa            26      10225      106                                   
1893 8112000-4334 17300           Tekoa            26      10204      111                                   
1893 812   0-4334 17300           Tekoa            26      10222      122                                   
1893 812 400-4333 17300           Tekoa            26      10168      122                                   
1893 812 800-4333 17300           Tekoa            26      10139      117                                   
1893 8121200-4332 17300           Tekoa           123      10137      144                                   
1893 8121600-4332 17300           Tekoa            46      10112      133                                   
1893 8122000-4331 17300           Tekoa             0      10154      128                                   
1893 813   0-4331 17300           Tekoa             0      10104      144                                   
1893 813 400-4330 17300           Tekoa            26      10081      156                                   
1893 813 800-4330 17300           Tekoa            26      10129      156                                   
1893 8131200-4329 17300           Tekoa            26                 128                                   
1893 8131600-4329 17300           Tekoa            26      10192      139                                   
1893 8132000-4328 17300           Tekoa            26      10153      133                                   
1893 814   0-4328 17300           Tekoa            93      10104      139                                   
1893 814 400-4327 17300           Tekoa            93      10000      156                                   
1893 814 800-4327 17300           Tekoa            67      10084      139                                   
1893 8141200-4326 17300           Tekoa            67      10136      150                                   
1893 8141600-4326 17300           Tekoa             0      10120      128                                   
1893 8142000-4325 17300           Tekoa             0      10132      133                                   
1893 815   0-4325 17300           Tekoa            26      10142      139                                   
1893 815 400-4324 17300           Tekoa            67      10126      133                                   
1893 815 800-4324 17300           Tekoa            67      10123      150                                   
1893 8151200-4323 17300           Tekoa           154      10059      167                                   
1893 8151600-4323 17300           Tekoa            93      10144      144                                   
1893 8152000-4168 17301           Tekoa            93                 167                                   
1893 816   0-4014 17303           Tekoa            93      10137      167                                   
1893 816 400-4014 17303           Tekoa            93      10122      161                                   
1893 816 800-4014 17303           Tekoa            93      10104      167                                   
1893 8161300-3905 16954           Tekoa            93      10260      117                                   
1893 8161700-3905 16954           Tekoa            93      10057      156                                   
1893 8162100-3905 16954           Tekoa            93      10104      139                                   
1893 817 100-3905 16954           Tekoa           123      10132      150                                   
1893 817 500-3905 16954           Tekoa            93      10166      133                                   
1893 817 900-3905 16954           Tekoa            93      10223      133                                   
1893 8171300-3820 16652           Tekoa            67      10320      117                                   
1893 8171700-3820 16954           Tekoa            67      10272      117                                   
1893 8172100-3820 16954           Tekoa            67      10300      133                                   
1893 818 100-3820 16652           Tekoa            67      10313      133                                   
1893 818 500-3820 16652           Tekoa            67      10297      128                                   
1893 818 900-3820 16652           Tekoa            67      10303      133                                   
1893 8181300-3645 16209           Tekoa            93      10279      150                                   
1893 8181700-3820 16652           Tekoa            67      10304      128                                   
1893 8182100-3820 16652           Tekoa            46      10324      128                                   
1893 819 100-3645 16209           Tekoa            46      10316      150                                   
1893 819 500-3645 16209           Tekoa            67      10293      144                                   
1893 819 900-3645 16209           Tekoa            67      10298      156                                   
1893 8191300-3358 15833           Tekoa            93      10174      156                                   
1893 8191700-3358 16209           Tekoa            93      10230      144                                   
1893 8192100-3358 16209           Tekoa            93      10223      167                                   
1893 820 100-3358 15833           Tekoa            93      10213      167                                   
1893 820 500-3358 15833           Tekoa            93      10172      167                                   
1893 820 900-3358 15833           Tekoa           123      10182      150                                   
1893 8201400-3050 15533           Tekoa            93      10138      194                                   
1893 8201700-3358 15833           Tekoa            67      10187      156                                   
1893 8202100-3358 15833           Tekoa            93      10160      200                                   
1893 821 200-3050 15533           Tekoa            67      10152      211                                   
1893 821 600-3050 15533           Tekoa            67      10135      211                                   
1893 8211000-3050 15533           Tekoa            67      10138      194                                   
1893 8251400-2659 15321           Tekoa            26      10087      222                                   
1893 8252200-2659 15321           Tekoa             0      10093      244                                   
1893 826 200-2659 15321           Tekoa            26      10081      256                                   
1893 826 600-2659 15321           Tekoa            26      10075      233                                   
1893 8261000-2659 15321           Tekoa            26      10075      233                                   
1893 8261400-2502 15231           Tekoa            26      10085      222                                   
1893 8261800-2346 15142           Tekoa            93      10076      211                                   
1893 8262200-2346 15142           Tekoa            93      10092      239                                   
1893 827 200-2346 15142           Tekoa            46      10089      256                                   
1893 827 600-2346 15142           Tekoa             0      10084      244                                   
1893 8271000-2346 15142           Tekoa             0      10105      239                                   
1893 9 91400-2301 15101           Tekoa            10      10107      183                                   
1893 9 92200-2346 15142           Tekoa            26      10103      211                                   
1893 910 200-2301 15101           Tekoa            26      10111      244                                   
1893 910 600-2301 15101           Tekoa            26      10109      211                                   
1893 9101000-2301 15101           Tekoa            26      10104      200                                   
1893 9101400-2006 14838           Tekoa            10      10105      183                                   
1893 9101800-2301 15101           Tekoa            26      10107      183                                   
1893 9102200-2006 14838           Tekoa            26      10101      211                                   
1893 911 200-2006 14838           Tekoa            26      10101      211                                   
1893 911 600-2006 14838           Tekoa            26      10087      211                                   
1893 9111000-2006 14838           Tekoa            26      10083      239                                   
1893 9111400-2006 14838           Tekoa            26      10085      228                                   
1893 9111800-2006 14838           Tekoa            26      10087      211                                   
1893 9191400-1927 14801           Tekoa            10      10109      217                                   
1893 9192200-2006 14838           Tekoa            67      10080      233                                   
1893 920 200-1927 14801           Tekoa            67      10075      244                                   
1893 920 600-1927 14801           Tekoa            67      10077      228                                   
1893 9201000-1927 14801           Tekoa            10      10092      222                                   
1893 9201400-1927 14801           Tekoa            10      10109      217                                   
1894 225 600-4100  3045           Tekoa            26      10123      217                                   
1894 2251000-4100  3045           Tekoa            10      10136      222                                   
1894 226 600-4100  3045           Tekoa            26      10154      133                                   
1894 226 800-4100  3045           Tekoa            26      10150      156                                   
1894 2261000-4241  3551           Tekoa            10      10140      206                                   
1894 227 600-4241  3551           Tekoa            46      10136      106                                   
1894 227 800-4241  3551           Tekoa            46      10144      122                                   
1894 227 900-4334  4130           Tekoa            46      10151      144                                   
1894 228 500-4334  4130           Tekoa            46      10177       89                                   
1894 228 900-4433  4656           Tekoa            46      10165      106                                   
1894 3 1 500-4433  4656           Tekoa            26      10047      122                                   
1894 3 1 900-4452  5246           Tekoa            26      10058      100                                   
1894 3 11000-4453  5315           Tekoa                                                                     
1894 3 2 500-4452  5246           Tekoa            46      10069       72                                   
1894 3 2 800-4537  5819           Tekoa            67      10062      100                                   
1894 3 3 400-4537  5819           Tekoa           154      10122       83                                   
1894 3 3 600-4537  5819           Tekoa           154      10136       83                                   
1894 3 3 800-4558  6418           Tekoa           190      10155       89                                   
1894 3 4 400-4558  6418           Tekoa           123      10202       56                                   
1894 3 4 600-4558  6418           Tekoa            93      10205       72                                   
1894 3 4 700-4633  6950           Tekoa            93      10198      122                                   
1894 3 5 300-4633  6950           Tekoa            46      10105       72                                   
1894 3 5 500-4688  7239           Tekoa            46      10085       72                                   
1894 3 5 700-4744  7529           Tekoa            46      10071       78                                   
1894 3 6 300-4744  7529           Tekoa           154       9952       61                                   
1894 3 6 500-4744  7529           Tekoa           154       9966       61                                   
1894 3 6 700-4856  8124           Tekoa           154       9971       56                                   
1894 3 7 300-4856  8124           Tekoa            67       9890       56                                   
1894 3 7 600-4939  8739           Tekoa           123       9829       56                                   
1894 3 7 800-4939  8739           Tekoa           190       9770       67                                   
1894 3 71000-4939  8739           Tekoa           190       9779       78                                   
1894 3211400-4318 -6200           Tekoa            26                                                       
1894 3211800-4318 -9200           Tekoa                                                                     
1894 3282100 4531 17106           Tekoa            67      10036      117                                   
1894 3282300 4531 17106           Tekoa            93      10015      117                                   
1894 329 100 4531 17106           Tekoa            93       9983      128                                   
1894 3292100 4531 17106           Tekoa            67       9996      156                                   
1894 330 100 4531 17106           Tekoa            67       9980      167                                   
1894 4 62100 4531 17106           Tekoa            10      10159      189                                   
1894 4 62300 4531 17106           Tekoa            10      10159      189                                   
1894 4 7 100 4531 17106           Tekoa            10      10427      200                                   
1894 4 72100 4531 17106           Tekoa           190      10018      144                                   
1894 4 72300 4531 17106           Tekoa           226      10005      139                                   
1894 4 8 100 4531 17106           Tekoa           226      10009      133                                   
1894 4 82100 4531 17106           Tekoa           268      10080       50                                   
1894 4 82300 4531 17106           Tekoa           268      10097       72                                   
1894 4 9 100 4531 17106           Tekoa           154      10115       89                                   
1894 4132100 4531 17106           Tekoa           123      10091       89                                   
1894 4132300 4531 17106           Tekoa           123      10093       94                                   
1894 414 100 4531 17106           Tekoa           154      10119      100                                   
1894 4142100 4531 17106           Tekoa            93      10281      106                                   
1894 4142300 4531 17106           Tekoa            67      10280      128                                   
1894 415 100 4531 17106           Tekoa            46      10273      172                                   
1894 420   0-4318 17800           Tekoa            26      10136      172                                   
1894 4201600-4318-12200           Tekoa            10      10138      178                                   
1894 4202000-4318-15200           Tekoa            26      10135      178                                   
1894 4202200-4318 14800           Tekoa            10      10138      178                                   
1894 421   0-4318 14800           Tekoa            26      10135      178                                   
1894 422   0-4318-17729           Tekoa           123      10000      139                                   
1894 4222000-4549-17729           Tekoa            93       9925      133                                   
1894 4222200-4549-17729           Tekoa            93       9913      144                                   
1894 4222300-4655-17202           Tekoa            93       9897      144                                   
1894 4222300-4655 17202           Tekoa            93       9813      122                                   
1894 4231900-4655-17202           Tekoa            93       9820      122                                   
1894 4232300-4805-16613           Tekoa            26       9806      133                                   
1894 4241900-4805-16613           Tekoa            67       9933      122                                   
1894 4242100-4805-16613           Tekoa            67       9933      122                                   
1894 4242300-4916-16020           Tekoa            67       9930      122                                   
1894 4251900-4916-16020           Tekoa            93       9965      117                                   
1894 4252100-4916-16020           Tekoa            67       9964      122                                   
1894 4252200-5024-15415           Tekoa            67       9968      122                                   
1894 4261800-5024-15415           Tekoa            46      10033      100                                   
1894 4262000-5024-15415           Tekoa            46      10026      100                                   
1894 4262200-5052-14753           Tekoa            46      10019      106                                   
1894 4271800-5052-14753           Tekoa            26      10002       61                                   
1894 4272000-5052-14753           Tekoa            67       9997       50                                   
1894 4272100-5113-14132           Tekoa            93       9988       50                                   
1894 4281700-5113-14132           Tekoa            10       9998       89                                   
1894 4281900-5113-14132           Tekoa            26       9995       89                                   
1894 4282100-5132-13551           Tekoa            26       9992       89                                   
1894 4291700-5132-13551           Tekoa            67       9870       89                                   
1894 4291900-5132-13551           Tekoa            67       9860       89                                   
1894 4292100-5157-12927           Tekoa            93       9852       94                                   
1894 430 400 5254 12334           Tekoa            67       9736       89                                   
1895 1 6 900-5205-13005           Tekoa                     9698       67                                   
1895 1 61300-5218-12872           Tekoa           123       9682       83                                   
1895 1 61600-5232-12738           Tekoa           154       9656      100                                   
1895 1 62000-5246-12604           Tekoa           123       9649      122                                   
1895 1 7   0-5260-12470           Tekoa            93       9660       78                                   
1895 1 7 400-5274-12336           Tekoa           190       9672       61                                   
1895 1 71200-5287-12203           Tekoa           190       9722       67                                   
1895 1 71600-5301-12069           Tekoa           154       9738       78                                   
1895 1 72000-5315-11935           Tekoa           123       9752       72                                   
