1893 8 11600-3643 17455           Telcoa            0      10259      144                                   
1893 8 12000-3643 17455           Telcoa            0      10268      133                                   
1893 8 2   0-3643 17455           Telcoa           26      10255      128                                   
1893 8 2 400-3643 17455           Telcoa           26      10234      133                                   
1893 8 2 800-3643 17455           Telcoa           46      10227      133                                   
1893 8 21200-3643 17455           Telcoa           67      10212      144                                   
1893 8 21600-3643 17455           Telcoa           67      10190      156                                   
1893 8 22000-3643 17455           Telcoa           93      10156      156                                   
1893 8 3   0-3643 17455           Telcoa           93      10155      161                                   
1893 8 3 400-3643 17455           Telcoa           67      10159      161                                   
1893 8 3 800-3643 17455           Telcoa           93      10170      156                                   
1893 8 31200-3643 17455           Telcoa           93      10171      150                                   
1893 8 31600-3675 17579           Telcoa           67      10165      144                                   
1893 8 32000-3708 17703           Telcoa           67      10158      150                                   
1893 8 4   0-3740 17827           Telcoa           93      10137      156                                   
1893 8 4 400-3740 17821           Telcoa           93      10125      167                                   
1893 8 4 800-3740 17815           Telcoa           93      10100      156                                   
1893 8 41200-3815 17808           Telcoa           67      10050      156                                   
1893 8 41600-3890 17802           Telcoa           67      10005      144                                   
1893 8 42000-3966 17796           Telcoa           93      10000      139                                   
1893 8 5   0-4041 17790           Telcoa           93       9986      144                                   
1893 8 5 400-4041 17784           Telcoa          154       9959      144                                   
1893 8 5 800-4041 17778           Telcoa          190       9958      150                                   
1893 8 51200-4060 17771           Telcoa          226       9983      144                                   
1893 8 51600-4079 17765           Telcoa          190      10017      122                                   
1893 8 52000-4098 17759           Telcoa          154      10031      122                                   
1893 8 6   0-4117 17753           Telcoa           67      10048      144                                   
1893 8 6 400-4117 17747           Telcoa           67      10035      139                                   
1893 8 6 800-4117 17741           Telcoa           46       9997      144                                   
1893 8 61200-4117 17734           Telcoa            0       9961      139                                   
1893 8 61600-4117 17446           Telcoa           93       9940      144                                   
1893 8 62000-4117 17446           Telcoa           93       9940      144                                   
1893 8 7   0-4117 17446           Telcoa           93       9949      128                                   
1893 8 7 400-4117 17446           Telcoa           93       9947      100                                   
1893 8 7 800-4117 17446           Telcoa                    9936      106                                   
1893 8 71200-4117 17446           Telcoa                    9936      122                                   
1893 8 71600-4117 17446           Telcoa           26       9942      111                                   
1893 8 72000-4117 17446           Telcoa           46       9952      111                                   
1893 8 8   0-4117 17446           Telcoa           67                                                       
1893 8 8 400-4117 17446           Telcoa           67                 117                                   
1893 8 8 800-4117 17446           Telcoa           46      10014      122                                   
1893 8 81200-4117 17446           Telcoa           26                 122                                   
1893 8 81600-4117 17446           Telcoa           26       9940      122                                   
1893 8 82000-4117 17446           Telcoa           26       9950      122                                   
1893 8 9   0-4117 17446           Telcoa                                                                    
1893 8 9 400-4117 17446           Telcoa           67      10093      117                                   
1893 8 9 800-4117 17446           Telcoa           26      10112      122                                   
1893 8 91200-4117 17446           Telcoa           10      10112      122                                   
1893 8 91600-4117 17446           Telcoa           93      10135      144                                   
1893 8 92000-4117 17446           Telcoa           93      10139      122                                   
1893 810   0-4117 17446           Telcoa           93      10130      133                                   
1893 810 400-4117 17446           Telcoa          123      10083      133                                   
1893 810 800-4117 17446           Telcoa          123      10044      144                                   
1893 8101200-4117 17446           Telcoa                   10027      144                                   
1893 8101600-4117 17446           Telcoa          154      10066      133                                   
1893 8102000-4117 17446           Telcoa          154      10097      133                                   
1893 811   0-4256 17327           Telcoa          123      10165      139                                   
1893 811 500-4395 17208           Telcoa          123      10194      133                                   
1893 811 900-4534 17089           Telcoa           67                 122                                   
1893 8111300-4673 16970           Telcoa           10      10227      111                                   
1893 8211400-2729 15335           Telcoa                   10070      200                                   
1893 8211800-2729 15335           Telcoa           67      10124      183                                   
1893 8212200-2729 15335           Telcoa           46      10124      183                                   
1893 822 200-2729 15335           Telcoa           46      10090      222                                   
1893 822 600-2729 15335           Telcoa           46      10081      200                                   
1893 8221000-2729 15335           Telcoa                   10077      200                                   
1893 8221800-2729 15335           Telcoa                   10050      183                                   
1893 8222200-2729 15335           Telcoa           10      10018      189                                   
1893 823 200-2729 15335           Telcoa           26      10003      200                                   
1893 922 200-2448 15329           Telcoa           67      10154      211                                   
1893 924 100-3205 15813           Telcoa           67      10188      206                                   
1893 924 500-3240 15885           Telcoa           67      10189      183                                   
1893 924 900-3275 15956           Telcoa           46      10191      211                                   
1893 9241300-3309 16028           Telcoa           26      10196      183                                   
1893 9241700-3344 16100           Telcoa           67      10194      156                                   
1893 9242100-3379 16171           Telcoa           46      10216      189                                   
1893 925 100-3414 16243           Telcoa           26      10212      194                                   
1893 925 500-3449 16315           Telcoa           46      10186      167                                   
1893 925 900-3484 16386           Telcoa           26      10196      194                                   
1894 3 8 200-4955  9414           Telcoa           93       9765       78                                   
1894 3 8 400-4955  9414           Telcoa                    9758       78                                   
1894 3 8 600-4955  9414           Telcoa                    9751       83                                   
1894 3 81000-4955  9414           Telcoa                    9745       56                                   
1894 3 81200-4955  9414           Telcoa           93       9748       56                                   
1894 3 9 100-4956 10002           Telcoa           93       9918       56                                   
1894 3 9 300-4956 10002           Telcoa           93       9935       56                                   
1894 3 9 500-4956 10002           Telcoa           93       9939       89                                   
1894 310 100-5012 10624           Telcoa                    9987       50                                   
1894 310 300-5012 10624           Telcoa           93       9991       44                                   
