     2 3 400-3525 10260           Thermopyl        67      10190      161                                   
     3151600-3522 11030           Thermopyl        93      10142      172                                   
     316 400-3517 11396           Thermopyl        93                 178                                   
     325 800-3520 11770           Thermopyl        26      10148      200                                   
     331 800-4421 13237           Thermopyl        67      10097      128                                   
     4 8 800-3526 12149           Thermopyl        46                                                       
     419 800-3523 10700           Thermopyl       123      10140      167                                   
     523 400-4209 13655           Thermopyl       123      10051      150                                   
     5242000-3525 10370           Thermopyl       123      10168      161                                   
     6281200-3526 10040           Thermopyl        46      10225      161                                   
     7151200-3520 11152           Thermopyl        93      10149      172                                   
     7161600-3516 11518           Thermopyl        67                 211                                   
     7162000-3516 11518           Thermopyl        93                 194                                   
     730 400-3522 11897           Thermopyl        46      10165      200                                   
     8 7 400-3523 10810           Thermopyl       123      10136      161                                   
     9111600-3524 10480           Thermopyl       154                 161                                   
    1016 800-3526 10150           Thermopyl        67      10215      161                                   
    10262000-4315 13446           Thermopyl                                                                 
    11122000-4547 12733           Thermopyl                           122                                   
    1114 800-3519 11274           Thermopyl        93      10147      172                                   
    11191200-3518 11644           Thermopyl        26                 211                                   
    11252000-3522 10920           Thermopyl        93      10149      172                                   
    12 3 400-3524 12023           Thermopyl        67      10220      194                                   
    12182000-4103 13864           Thermopyl                                                                 
    12192000-4552 12039           Thermopyl       190                 117                                   
    12222000-4553 11312           Thermopyl       123                  89                                   
    12301200-3524 10590           Thermopyl       154      10137      172                                   
1893 3132300-3721  1944           Thermopyl        26      10165      211                                   
1893 314 300-3721  1944           Thermopyl        26      10161      172                                   
1893 314 700-3721  1944           Thermopyl        26      10170      189                                   
1893 3141100-3721  1944           Thermopyl        26      10167      189                                   
1893 3141500-3721  1944           Thermopyl        26      10161      194                                   
1893 3141900-3721  1944           Thermopyl        26      10179      178                                   
1893 3142200-3721  2450           Thermopyl        46      10130      217                                   
1893 315 300-3721  1944           Thermopyl        46      10138      228                                   
1893 315 700-3721  1944           Thermopyl        46      10135      228                                   
1893 3151000-3721  2450           Thermopyl        46      10135      228                                   
1893 3151400-3721  2450           Thermopyl        46      10114      239                                   
1893 3151800-3721  2450           Thermopyl        26      10139      211                                   
1893 3152200-3823  3036           Thermopyl        26      10116      172                                   
1893 316 100-3560  6126           Thermopyl        26                 183                                   
1893 316 200-3721  3036           Thermopyl        67      10119      211                                   
1893 316 600-3721  3036           Thermopyl        67      10145      183                                   
1893 3161000-3823  3036           Thermopyl        67      10131      194                                   
1893 3161400-3823  3036           Thermopyl        26      10110      178                                   
1893 3161800-3823  3036           Thermopyl        26      10134      178                                   
1893 3162200-4032  3551           Thermopyl        67      10141      144                                   
1893 317 200-3823  3036           Thermopyl        10      10102      178                                   
1893 317 600-3823  3036           Thermopyl        26      10098      172                                   
1893 3171000-4032  3551           Thermopyl        26      10107      167                                   
1893 3171400-4032  3551           Thermopyl        67      10119      156                                   
1893 3171800-4032  3551           Thermopyl        46      10132      139                                   
1893 3172100-4203  4136           Thermopyl        67      10225       78                                   
1893 318 200-4032  3551           Thermopyl        46      10148      133                                   
1893 318 600-4032  3551           Thermopyl        67      10178      117                                   
1893 318 900-4203  4136           Thermopyl        67      10197      106                                   
1893 3181300-4203  4136           Thermopyl        46      10198      100                                   
1893 3181700-4203  4136           Thermopyl        46      10207       89                                   
1893 3182100-4328  4357           Thermopyl        26      10249      100                                   
1893 319 100-4362  4453           Thermopyl        46      10221      100                                   
1893 319 500-4395  4548           Thermopyl        26      10234       94                                   
1893 319 900-4429  4643           Thermopyl        26      10248       94                                   
1893 3191300-4462  4738           Thermopyl        26      10248       94                                   
1893 3191700-4496  4833           Thermopyl        10      10257       94                                   
1893 3192100-4529  4928           Thermopyl        67      10197      100                                   
1893 320 100-4563  5024           Thermopyl        26      10235       89                                   
1893 320 500-4596  5119           Thermopyl        26      10225       83                                   
1893 320 900-4630  5214           Thermopyl        46      10210       89                                   
1893 3201200-4628  5331           Thermopyl        67      10211       83                                   
1893 3201600-4626  5449           Thermopyl        67      10210       89                                   
1893 3202000-4623  5566           Thermopyl        93      10188      128                                   
1893 321   0-4621  5684           Thermopyl        93      10189       94                                   
1893 321 400-4619  5801           Thermopyl        93      10189       94                                   
1893 321 800-4617  5919           Thermopyl        93      10191      111                                   
1893 3211200-4615  6042           Thermopyl        93      10185      117                                   
1893 3211600-4613  6166           Thermopyl        93      10195      128                                   
1893 3212000-4610  6289           Thermopyl        46      10169      111                                   
1893 322   0-4608  6412           Thermopyl        67      10188      117                                   
1893 322 400-4606  6536           Thermopyl        67      10188      128                                   
1893 322 800-4604  6659           Thermopyl        67      10183      111                                   
1893 3221100-4602  6782           Thermopyl        67      10155      106                                   
1893 3221500-4600  6906           Thermopyl        46      10157      117                                   
1893 3221900-4597  7029           Thermopyl        26      10285       94                                   
1893 3222300-4595  7152           Thermopyl        67      10197       94                                   
1893 323 300-4593  7276           Thermopyl        67      10226       94                                   
1893 323 700-4591  7399           Thermopyl        67      10240      111                                   
1893 3231100-4589  7522           Thermopyl        46      10256      106                                   
1893 3231500-4587  7646           Thermopyl        46      10279      100                                   
1893 3281600-4644 11740           Thermopyl        46      10011      106                                   
1893 3282000-4644 11740           Thermopyl        93      10076      106                                   
1893 3282100-4644 11740           Thermopyl        67      10057      111                                   
1893 329   0-4644 11740           Thermopyl        67      10057      111                                   
1893 329 400-4644 11740           Thermopyl        46      10043      128                                   
1893 329 800-4644 11740           Thermopyl        46      10027      122                                   
1893 3291200-4644 11740           Thermopyl        46      10021      117                                   
1893 3291600-4512 12424           Thermopyl        67      10040      111                                   
1893 3292000-4644 11740           Thermopyl        67       9992      100                                   
1893 330   0-4644 11740           Thermopyl        46       9994      100                                   
1893 330 400-4512 12424           Thermopyl        46      10000      106                                   
1893 330 800-4512 12424           Thermopyl        46      10009      111                                   
1893 3301200-4512 12424           Thermopyl        46      10036      111                                   
1893 3301500-4259 13021           Thermopyl        67      10071      111                                   
1893 3302000-4512 12424           Thermopyl        46      10048      100                                   
1893 331   0-4512 12424           Thermopyl        46      10054      106                                   
1893 331 300-4259 13021           Thermopyl        46      10071      111                                   
1893 331 700-4259 13021           Thermopyl        67      10071      111                                   
1893 3311100-4259 13021           Thermopyl        46      10068      111                                   
1893 3311500-4041 13630           Thermopyl        46      10078      128                                   
1893 3311900-4259 13021           Thermopyl        67      10068      111                                   
1893 3312300-4259 13021           Thermopyl        67      10078      111                                   
1893 4 1 300-4041 13630           Thermopyl        67      10078      128                                   
1893 4 1 700-4041 13630           Thermopyl        67      10071      133                                   
1893 4 11100-4041 13630           Thermopyl        46      10097      128                                   
1893 4 11500-4041 14219           Thermopyl        67      10060      144                                   
1893 4 11900-4041 13630           Thermopyl        67      10050      133                                   
1893 4 12300-4041 13630           Thermopyl        46      10044      133                                   
1893 4 2 300-3856 14219           Thermopyl        46      10015      156                                   
1893 4 2 700-3856 14219           Thermopyl        26      10021      161                                   
1893 4 21100-3856 14219           Thermopyl        26      10058      150                                   
189311291800-3858 14440           Thermopyl        67      10126      144                                   
189311292200-3844 14325           Thermopyl        67      10158      156                                   
18931130 300-3830 14210           Thermopyl        67      10200      156                                   
18931130 700-3816 14095           Thermopyl        67                 150                                   
189311301100-3802 13980           Thermopyl        46      10232      144                                   
189311301500-3788 13865           Thermopyl                                                                 
189311301900-3774 13750           Thermopyl        46      10235      144                                   
189311302300-3760 13635           Thermopyl        46      10275      139                                   
189312 1 300-3746 13520           Thermopyl        46      10283      161                                   
189312 1 700-3741 13424           Thermopyl        26      10268      156                                   
189312 11100-3736 13329           Thermopyl        26      10283      150                                   
189312 11500-3730 13233           Thermopyl                                                                 
189312 11900-3725 13137           Thermopyl        46      10244      142                                   
189312 12300-3720 13042           Thermopyl        46      10260      144                                   
189312 2 300-3715 12946           Thermopyl        46      10233      167                                   
189312 2 700-3688 12845           Thermopyl        67      10196      161                                   
189312 21200-3661 12745           Thermopyl        67      10176      161                                   
189312 21600-3633 12644           Thermopyl        67                                                       
189312 22000-3606 12543           Thermopyl        67      10134      164                                   
189312 3   0-3579 12443           Thermopyl        46      10140      167                                   
189312 3 400-3552 12342           Thermopyl        26      10104      183                                   
189312 3 800-3525 12241           Thermopyl        10                                                       
189312 31200-3498 12141           Thermopyl        10                                                       
189312 32000-3470 12040           Thermopyl        67      10125      172                                   
189312 4   0-3443 11939           Thermopyl        46      10153      167                                   
189312 4 400-3416 11839           Thermopyl        26      10167      178                                   
189312 5   0-3507 11736           Thermopyl                                                                 
189312 5 400-3510 11637           Thermopyl        26      10159      211                                   
189312 5 800-3513 11538           Thermopyl        46      10143      206                                   
189312 51200-3516 11440           Thermopyl                           206                                   
189312 51600-3519 11341           Thermopyl                                                                 
189312 52100-3522 11242           Thermopyl        46      10161      183                                   
189312 6 100-3525 11144           Thermopyl        46                 183                                   
189312 6 500-3528 11045           Thermopyl        46                                                       
189312 6 900-3527 10956           Thermopyl        26      10152      186                                   
189312 61300-3527 10867           Thermopyl        10      10151      183                                   
189312 61700-3526 10778           Thermopyl                                                                 
189312 62100-3525 10689           Thermopyl        10                 161                                   
189312 7 100-3525 10600           Thermopyl        46                 167                                   
189312 7 500-3524 10511           Thermopyl        46      10113      186                                   
189312 7 900-3522 10417           Thermopyl        46      10092      183                                   
189312 71300-3521 10323           Thermopyl        46      10093      183                                   
189312 71700-3519 10228           Thermopyl        67                                                       
189312 72100-3517 10134           Thermopyl        67      10051      161                                   
189312 8 100-3516 10040           Thermopyl                10083      150                                   
189312 8 500-3514  9946           Thermopyl        67      10112      161                                   
189312 8 900-3512  9861           Thermopyl        26                 150                                   
189312 81300-3511  9775           Thermopyl        46      10118      144                                   
189312 81800-3509  9690           Thermopyl                                                                 
189312 82200-3507  9605           Thermopyl                10101      133                                   
189312 9 200-3506  9519           Thermopyl        93      10132      133                                   
189312 9 600-3504  9434           Thermopyl        93      10153      139                                   
189312 91000-3502  9349           Thermopyl        93                                                       
189312 91400-3501  9263           Thermopyl        67                                                       
189312 91800-3500  8915           Thermopyl        67      10138      156                                   
189312 92200-3500  8915           Thermopyl        26      10172      133                                   
18931210 200-3500  8915           Thermopyl        46      10177      144                                   
18931210 600-3500  8915           Thermopyl        67      10154      161                                   
189312101000-3500  8915           Thermopyl        67                 172                                   
189312101400-3500  8915           Thermopyl        93      10136      167                                   
189312101800-3500  8772           Thermopyl                           156                                   
189312102200-3501  8629           Thermopyl        46      10139      150                                   
18931211 200-3501  8486           Thermopyl        46      10163      147                                   
18931211 600-3502  8343           Thermopyl        46      10183      167                                   
189312111100-3503  8243           Thermopyl        46      10182      161                                   
189312111500-3503  8143           Thermopyl        26      10199      156                                   
189312111900-3504  8042           Thermopyl                                                                 
189312112300-3504  7942           Thermopyl                10184      156                                   
18931212 300-3505  7842           Thermopyl        46                 156                                   
18931212 700-3505  7742           Thermopyl        67                 169                                   
189312121100-3506  7654           Thermopyl        93                                                       
189312121500-3507  7565           Thermopyl        93      10080      183                                   
189312121900-3507  7477           Thermopyl                                                                 
189312122300-3508  7389           Thermopyl        93      10133      167                                   
18931213 300-3508  7300           Thermopyl        67      10163      161                                   
18931213 700-3509  7212           Thermopyl        67      10186      172                                   
189312131100-3509  7113           Thermopyl        67      10192      175                                   
189312131500-3510  7014           Thermopyl        67      10211      172                                   
189312131900-3510  6914           Thermopyl        46                                                       
189312132300-3510  6815           Thermopyl        26      10227      167                                   
18931214 400-3511  6716           Thermopyl        10      10230      172                                   
18931214 800-3511  6617           Thermopyl                10251      189                                   
189312141200-3511  6617           Thermopyl        10      10239      189                                   
189312141600-3511  6617           Thermopyl        26      10251      189                                   
189312142000-3560  6126           Thermopyl                10183      203                                   
18931215   0-3560  6126           Thermopyl        46      10207      189                                   
18931215 400-3560  6126           Thermopyl        67      10200      194                                   
18931215 800-3560  6126           Thermopyl        67      10194      206                                   
189312151200-3560  6126           Thermopyl        67      10185      200                                   
189312151600-3560  6126           Thermopyl        67      10184      206                                   
189312152000-3500  5541           Thermopyl        26      10165      194                                   
18931216   0-3500  6126           Thermopyl        26      10178      200                                   
18931216 400-3500  5833           Thermopyl        26      10193      200                                   
18931216 800-3500  5541           Thermopyl        26      10192      206                                   
189312161200-3500  5541           Thermopyl                10177      206                                   
189312161600-3500  5541           Thermopyl                           194                                   
189312162100-3436  4951           Thermopyl        46      10004      211                                   
18931217 100-3436  4951           Thermopyl        10      10130      200                                   
18931217 500-3436  4951           Thermopyl                10111      211                                   
18931217 900-3436  4951           Thermopyl        46      10097      225                                   
189312171300-3436  4951           Thermopyl                                                                 
189312171700-3436  4951           Thermopyl        67      10003      225                                   
189312172100-3419  4423           Thermopyl        46      10115      189                                   
18931218 100-3419  4423           Thermopyl       123      10005      183                                   
18931218 500-3419  4423           Thermopyl       123      10051      189                                   
18931218 900-3419  4423           Thermopyl        93      10085      189                                   
189312181300-3419  4423           Thermopyl        46      10091      189                                   
189312181700-3419  4423           Thermopyl        26      10120      189                                   
189312182100-3490  3919           Thermopyl        67      10096      206                                   
18931219 100-3490  3919           Thermopyl        46      10088      194                                   
18931219 500-3490  3919           Thermopyl        67      10083      200                                   
18931219 900-3490  3919           Thermopyl                10057      217                                   
189312191300-3490  3919           Thermopyl                10036      214                                   
189312191700-3490  3919           Thermopyl       123      10056      211                                   
1894 1311500-4318 12942           Thermopyl        93      10090      156                                   
1894 1311900-4294 13040           Thermopyl        93      10105      139                                   
1894 1312300-4269 13139           Thermopyl        93      10113      144                                   
1894 2 1 300-4245 13237           Thermopyl        93      10100      144                                   
1894 2 1 700-4218 13319           Thermopyl        93      10085      150                                   
1894 2 11100-4191 13402           Thermopyl        93      10095      150                                   
1894 2 11500-4165 13484           Thermopyl        93      10109      161                                   
1894 2 11900-4138 13566           Thermopyl        93      10105      156                                   
1894 2 12300-4111 13649           Thermopyl        93      10122      156                                   
1894 2 2 300-4084 13731           Thermopyl        93      10126      161                                   
1894 2 2 700-4058 13813           Thermopyl        93      10125      167                                   
1894 2 21100-3997 14073           Thermopyl        93                 161                                   
1894 2 21100-4031 13896           Thermopyl        93      10125      161                                   
1894 2 21500-4004 13978           Thermopyl        93      10066      172                                   
1894 2 21900-3977 14060           Thermopyl       123      10101      167                                   
1894 2 22300-3951 14143           Thermopyl       123      10117      167                                   
1894 2 3 300-3924 14225           Thermopyl       123      10095      172                                   
1894 2 3 600-3897 14307           Thermopyl       123                 178                                   
1894 2 31000-3870 14390           Thermopyl        93      10099      178                                   
1894 5 71800-3421  8722           Thermopyl        93      10161      156                                   
1894 5 81000-3421  8722           Thermopyl        67                 167                                   
1894 5 81400-3421  8722           Thermopyl        67      10159      167                                   
1894 5 81800-3421  8722           Thermopyl                10142      189                                   
1894 5 82200-3421  8722           Thermopyl        67      10153      161                                   
1894 5 9 200-3421  8722           Thermopyl        67      10177      161                                   
1894 5 9 600-3421  8722           Thermopyl        67      10183      183                                   
1894 5 91000-3421  8722           Thermopyl        26                 183                                   
1894 5 91400-3421  8722           Thermopyl         0      10185      172                                   
1894 5 91900-3414  8141           Thermopyl        67      10140      178                                   
1894 5 92200-3414  8722           Thermopyl        67                                                       
1894 510 200-3414  8722           Thermopyl        67      10080      194                                   
1894 510 700-3414  8141           Thermopyl        67      10068      206                                   
1894 5101100-3414  8141           Thermopyl       123      10048      183                                   
1894 5101500-3414  8141           Thermopyl       123      10121      183                                   
1894 5101900-3399  8014           Thermopyl        46      10285      161                                   
1894 5102300-3385  7886           Thermopyl        93                 178                                   
1894 511 300-3370  7759           Thermopyl        93                 172                                   
1894 511 700-3356  7632           Thermopyl        93      10199      178                                   
1894 5111500-3353  7517           Thermopyl        46      10271      161                                   
1894 5111900-3350  7402           Thermopyl        46      10259      183                                   
1894 5112300-3348  7286           Thermopyl                10272      161                                   
1894 512 300-3345  7171           Thermopyl        26      10298      161                                   
1894 512 700-3342  7056           Thermopyl        26      10294      183                                   
1894 5121100-3339  6936           Thermopyl        10      10271      178                                   
1894 5121500-3336  6816           Thermopyl        46                 178                                   
1894 513   0-3334  6695           Thermopyl        67      10215      189                                   
1894 513 400-3331  6575           Thermopyl        67      10203      194                                   
1894 513 800-3328  6455           Thermopyl        93      10158      211                                   
1894 8131600-3346  1703           Thermopyl                                                                 
1894 8131900-3401  1770           Thermopyl       123      10260      128                                   
1894 8132300-3455  1836           Thermopyl                                                                 
1894 814 300-3509  1902           Thermopyl       123      10235      139                                   
1894 814 700-3564  1969           Thermopyl       123      10232      139                                   
1894 8141100-3618  2035           Thermopyl        93      10205      156                                   
1894 8141500-3672  2101           Thermopyl        93      10160      172                                   
1894 8141900-3727  2168           Thermopyl        93      10141      172                                   
1894 8142300-3781  2234           Thermopyl                                                                 
1894 815 200-3835  2300           Thermopyl        93      10079      183                                   
1894 815 600-3890  2367           Thermopyl        93      10067      150                                   
1894 8151000-3944  2433           Thermopyl        67      10039      128                                   
1894 8151400-3977  2535           Thermopyl        67      10019      144                                   
1894 8151800-4010  2637           Thermopyl        67                 144                                   
1894 8152200-4043  2739           Thermopyl                                                                 
1894 816 200-4076  2842           Thermopyl        26      10010      122                                   
1894 816 600-4109  2944           Thermopyl        46      10014      111                                   
1894 8161000-4142  3046           Thermopyl        46       9990      106                                   
1894 8161400-4161  3144           Thermopyl        67       9969       89                                   
1894 8161800-4180  3242           Thermopyl        93       9993       67                                   
1894 8162200-4198  3340           Thermopyl       123                                                       
1894 817 200-4217  3439           Thermopyl       123      10013       50                                   
1894 817 600-4236  3537           Thermopyl       123      10036       39                                   
1894 8171000-4255  3635           Thermopyl       154      10054       33                                   
1894 8171400-4274  3733           Thermopyl       154      10079       22                                   
1894 8171700-4293  3831           Thermopyl       154      10103       22                                   
1894 8172100-4311  3929           Thermopyl       123      10146       28                                   
1894 8172100-4357  4254           Thermopyl        93      10229       44                                   
1894 818 100-4357  4254           Thermopyl       123      10169       17                                   
1894 818 500-4357  4254           Thermopyl        67      10194       28                                   
1894 818 900-4357  4254           Thermopyl        46      10206       39                                   
1894 8181300-4411  4254           Thermopyl        67      10219       44                                   
1894 8181700-4466  4591           Thermopyl        67      10230       44                                   
1894 8182100-4520  4928           Thermopyl        67      10216       50                                   
1894 819 100-4520  4928           Thermopyl        93      10239       44                                   
1894 819 500-4520  4928           Thermopyl        93      10234       42                                   
1894 819 900-4520  4928           Thermopyl        93      10224       61                                   
1894 8191000-4520  4928           Thermopyl                                                                 
1894 8191300-4520  4928           Thermopyl        93      10215       56                                   
1894 8191700-4520  4928           Thermopyl        93      10216       50                                   
1894 8192000-4533  5612           Thermopyl       123      10134       72                                   
1894 820   0-4533  5612           Thermopyl        67                  50                                   
1894 820 400-4533  5612           Thermopyl        67      10211       50                                   
1894 820 800-4533  5612           Thermopyl        93      10195       50                                   
1894 8211900-4550  7029           Thermopyl        26      10149       67                                   
1894 8212300-4550  7029           Thermopyl        67      10137       56                                   
1894 822 300-4550  7029           Thermopyl        93      10135       67                                   
1894 822 700-4550  7029           Thermopyl        93      10121       69                                   
1894 8221100-4550  7029           Thermopyl       123      10124       56                                   
1894 8221500-4550  7029           Thermopyl       123      10134       67                                   
1894 8222300-4553  7541           Thermopyl        46      10144       78                                   
1894 823 300-4552  7661           Thermopyl        26      10144       75                                   
1894 823 700-4550  7780           Thermopyl        10      10145       69                                   
1894 8231100-4548  7900           Thermopyl        46      10121       64                                   
1894 8231500-4547  8019           Thermopyl        67      10110       78                                   
1894 8231900-4545  8139           Thermopyl        93      10077       94                                   
1894 8232200-4543  8258           Thermopyl        93      10056       94                                   
1894 824 200-4542  8377           Thermopyl       123      10040       92                                   
1894 824 600-4540  8497           Thermopyl       154      10004      106                                   
1894 8241000-4540  8616           Thermopyl       154       9972       94                                   
1894 8241400-4539  8736           Thermopyl       154       9968       89                                   
1894 8241800-4539  8855           Thermopyl        46                  69                                   
1894 8242200-4539  8975           Thermopyl        67      10031       72                                   
1894 825 200-4538  9094           Thermopyl        46      10081      100                                   
1894 825 600-4538  9214           Thermopyl        26      10085       75                                   
1894 8251000-4540  9333           Thermopyl        46      10079       72                                   
1894 8251400-4542  9453           Thermopyl        67                                                       
1894 8251800-4544  9572           Thermopyl       123      10035       58                                   
1894 8252200-4547  9692           Thermopyl       123       9975       78                                   
1894 826 100-4549  9811           Thermopyl       123      10008       81                                   
1894 826 500-4551  9931           Thermopyl       154      10034       89                                   
1894 826 900-4545 10050           Thermopyl       154      10061       67                                   
1894 8261300-4539 10170           Thermopyl       190      10101       50                                   
1894 8261700-4532 10289           Thermopyl       190      10120       47                                   
1894 8262100-4526 10409           Thermopyl       154      10131       50                                   
1894 827 100-4520 10528           Thermopyl       154      10155       50                                   
1894 827 500-4514 10648           Thermopyl       123      10147       56                                   
1894 827 900-4508 10767           Thermopyl       123      10152       56                                   
1894 8271300-4502 10887           Thermopyl        93      10152       56                                   
1894 8271600-4456 11460           Thermopyl        10      10157       94                                   
1894 8271700-4495 11006           Thermopyl        67      10128       67                                   
1894 8272000-4456 11460           Thermopyl        10      10124       89                                   
1894 828   0-4456 11460           Thermopyl         0      10146       89                                   
1894 828 400-4456 11460           Thermopyl         0      10146       89                                   
1894 828 800-4456 11460           Thermopyl         0      10146       89                                   
1894 8281200-4456 11460           Thermopyl         0      10145       94                                   
1894 8281600-4456 11460           Thermopyl        10      10157       94                                   
1894 8282000-4456 11460           Thermopyl         0      10158       86                                   
1894 829   0-4456 11460           Thermopyl        10      10177       75                                   
1894 829 400-4426 12042           Thermopyl         0      10178       69                                   
1894 829 800-4426 12042           Thermopyl        10      10161       67                                   
1894 8291200-4426 12042           Thermopyl        26      10179       69                                   
1894 8291600-4426 12042           Thermopyl        26      10174       69                                   
1894 8292000-4426 12042           Thermopyl        26      10178       67                                   
1894 830   0-4426 12042           Thermopyl        46      10194       72                                   
1894 830 400-4327 12642           Thermopyl        46      10188       72                                   
1894 830 800-4327 12642           Thermopyl        46      10187       78                                   
1894 8301200-4327 12642           Thermopyl        46      10192       81                                   
1894 8301600-4327 12642           Thermopyl        46      10184       78                                   
1894 8302000-4327 12642           Thermopyl        46      10177       67                                   
1894 831   0-4327 12642           Thermopyl        26      10191       72                                   
1894 831 300-4210 13250           Thermopyl        26      10197       83                                   
1894 831 700-4210 13250           Thermopyl        93      10168      106                                   
1894 8311100-4210 13250           Thermopyl       123      10209      106                                   
1894 8311500-4210 13250           Thermopyl       123      10215      100                                   
1894 8311900-4210 13250           Thermopyl       123      10215      100                                   
1894 8312300-4210 13250           Thermopyl       123      10224      106                                   
1894 9 1 300-4025 13731           Thermopyl        93      10205      106                                   
1894 9 1 700-4025 13731           Thermopyl        93      10218      111                                   
1894 9 11100-4025 13731           Thermopyl        93      10206      111                                   
1894 9 11500-4025 13731           Thermopyl        93      10189      122                                   
1895 1141900-3613  2035           Thermopyl        93      10115      217                                   
1895 1142300-3613  2035           Thermopyl        67                 200                                   
1895 115 300-3613  2035           Thermopyl        67                 214                                   
1895 115 700-3613  2035           Thermopyl        67      10136      217                                   
1895 1151100-3613  2035           Thermopyl        67      10141      225                                   
1895 1151400-1300  3500           Thermopyl        67      10125      225                                   
1895 1152200-3910  2442           Thermopyl        67      10195      161                                   
1895 116 200-3910  2442           Thermopyl        46      10164      206                                   
1895 116 600-3910  2442           Thermopyl        67      10185      197                                   
1895 1161000-3910  2442           Thermopyl        67      10188      183                                   
1895 1161400-3910  2442           Thermopyl        93                 172                                   
1895 1161800-3910  2442           Thermopyl        67      10201      167                                   
1895 1162200-4115  2928           Thermopyl        67                                                       
1895 117 200-3910  2442           Thermopyl        67                 156                                   
1895 117 600-3910  2442           Thermopyl        67      10203      150                                   
1895 1171000-4115  2928           Thermopyl        67                 154                                   
1895 1171400-4115  2928           Thermopyl        67      10201      136                                   
1895 1171800-4115  2928           Thermopyl        67                                                       
1895 1172200-4254  3537           Thermopyl        67                 111                                   
1895 118 200-4115  2928           Thermopyl        67                 117                                   
1895 118 600-4115  2928           Thermopyl        67                 133                                   
1895 1181000-4254  3537           Thermopyl        67                 150                                   
1895 1181400-4254  3537           Thermopyl        67                 128                                   
1895 1181800-4254  3537           Thermopyl        93                 117                                   
1895 1182100-4417  4155           Thermopyl                10082       94                                   
1895 119 200-4254  3537           Thermopyl        67      10122       94                                   
1895 119 600-4254  3537           Thermopyl                10121       94                                   
1895 119 900-4417  4155           Thermopyl        26      10122      100                                   
1895 1191300-4417  4155           Thermopyl        26      10106       92                                   
1895 1191700-4417  4155           Thermopyl        26                  94                                   
1895 1241800-4613  8449           Thermopyl                10165       96                                   
1895 1242200-4613  8449           Thermopyl                10135       86                                   
1895 125 200-4613  8449           Thermopyl                10132      100                                   
1895 125 600-4613  8449           Thermopyl                10128      114                                   
1895 1251000-4613  8449           Thermopyl                10143      100                                   
1895 1251400-4613  8449           Thermopyl                10157      102                                   
1895 1251800-4604  9147           Thermopyl        67      10249      100                                   
1895 1252200-4604  9147           Thermopyl                10194       97                                   
1895 126 200-4604  9147           Thermopyl        46                 103                                   
1895 126 600-4604  9147           Thermopyl        10                 114                                   
1895 1261000-4604  9147           Thermopyl        46                 106                                   
1895 1261400-4604  9147           Thermopyl        46      10242      100                                   
1895 1262200-4604  9147           Thermopyl        46      10260       94                                   
1895 127 200-4604  9147           Thermopyl        46      10262       99                                   
1895 127 500-4618  9845           Thermopyl                10259      107                                   
1895 127 900-4618  9845           Thermopyl                10266      100                                   
1895 1271300-4618  9845           Thermopyl                10267       94                                   
1895 1272100-4619 10082           Thermopyl        67      10237      106                                   
1895 128 100-4619 10318           Thermopyl        93      10237       97                                   
1895 128 500-4620 10555           Thermopyl        93      10189      111                                   
1895 128 900-4620 10555           Thermopyl        93                                                       
1895 1281300-4620 10555           Thermopyl       123      10154      111                                   
1895 129 100-4627 10945           Thermopyl       123      10072      106                                   
1895 129 400-4635 11335           Thermopyl       123      10049      111                                   
1895 129 800-4642 11335           Thermopyl       123      10038      111                                   
1895 1291200-4650 11335           Thermopyl       123      10048      111                                   
1895 1291600-4611 11760           Thermopyl        93      10128      122                                   
1895 1292000-4587 11859           Thermopyl        67      10053      117                                   
1895 130   0-4562 11957           Thermopyl       123      10061      117                                   
1895 130 400-4538 12056           Thermopyl        93      10079      122                                   
1895 130 800-4514 12154           Thermopyl        93      10095      122                                   
1895 1301200-4489 12253           Thermopyl        93      10122      122                                   
1895 1301600-4465 12351           Thermopyl        93      10118      133                                   
1895 1302000-4440 12450           Thermopyl        67      10137      128                                   
1895 131   0-4416 12548           Thermopyl        46      10162      133                                   
1895 131 400-4391 12647           Thermopyl        67      10158      133                                   
1895 131 800-4367 12745           Thermopyl        93      10142      133                                   
1895 1311100-4343 12844           Thermopyl        93      10139      133                                   
1895 2221000-3335 15186           Thermopyl        46      10262      211                                   
1895 2221400-3433 15146           Thermopyl                                                                 
1895 2221800-3530 15106           Thermopyl        26                 228                                   
1895 2222200-3628 15066           Thermopyl        46      10247      217                                   
1895 223 200-3725 15026           Thermopyl        67      10210      244                                   
1895 223 600-3822 14986           Thermopyl        67                 222                                   
1895 2231000-3920 14946           Thermopyl       154      10180      228                                   
1895 2231800-4017 14906           Thermopyl       123                 206                                   
1895 2232200-4115 14866           Thermopyl        93      10101      211                                   
1895 224 200-4212 14826           Thermopyl        67      10085      167                                   
1895 224 600-4309 14786           Thermopyl        93      10059      167                                   
1895 2241000-4407 14746           Thermopyl       154      10036      167                                   
1895 226 200-4504 14706           Thermopyl        46                 167                                   
1895 226 600-4602 14666           Thermopyl        46                 178                                   
1895 2261000-4699 14626           Thermopyl        46                 183                                   
1895 2261400-4796 14586           Thermopyl                                                                 
1895 2261800-4894 14546           Thermopyl        26      10116      161                                   
1895 2262200-4991 14506           Thermopyl        26      10132      172                                   
1895 227 200-5089 14466           Thermopyl        10                 183                                   
1895 227 600-5186 14426           Thermopyl        26                 189                                   
1895 2271000-5283 14386           Thermopyl        46      10141      183                                   
1895 2271800-5381 14346           Thermopyl        67                 172                                   
1895 520 700-7000  7000           Thermopyl       350                 267                                   
1895 6232100-4498  4940           Thermopyl        93      10022       33                                   
1895 624 100-4449  4920           Thermopyl        93      10061       28                                   
1895 624 300-4400  4900           Thermopyl                                                                 
1895 624 500-4400  4900           Thermopyl        93      10075       33                                   
1895 624 800-4424  4910           Thermopyl                                                                 
1895 624 900-4449  4920           Thermopyl        93      10071       39                                   
1895 6241200-4449  4920           Thermopyl                                                                 
1895 6241300-4449  4920           Thermopyl        93      10065       39                                   
1895 6241700-4449  4920           Thermopyl        93      10048       39                                   
1895 6242100-4473  5093           Thermopyl                                                                 
1895 625   0-4498  5266           Thermopyl       123       9980       33                                   
1895 625 400-4522  5439           Thermopyl       123       9937       44                                   
1895 625 800-4547  5612           Thermopyl       154       9872       44                                   
1895 6251200-4571  5785           Thermopyl       154       9861       39                                   
1895 6251600-4596  5958           Thermopyl       154       9886       33                                   
1895 626   0-4620  6131           Thermopyl       123       9891       39                                   
1895 626 400-4645  6304           Thermopyl                                                                 
1895 626 800-4669  6477           Thermopyl       154       9937       44                                   
1895 6261600-4694  6650           Thermopyl                 9970       50                                   
1895 6262300-4718  6823           Thermopyl                 9943       61                                   
1895 627 300-4743  6996           Thermopyl                 9943       78                                   
1895 627 700-4767  7169           Thermopyl                 9930       83                                   
1895 6271100-4792  7342           Thermopyl                 9923       67                                   
1895 6271500-4816  7515           Thermopyl        93                                                       
1895 6272300-4841  7688           Thermopyl       190       9864       94                                   
1895 628 300-4865  7861           Thermopyl                 9914       83                                   
1895 628 700-4890  8034           Thermopyl       154       9977       72                                   
1895 6281100-4914  8207           Thermopyl       190       9945       67                                   
1895 6281400-4939  8380           Thermopyl       226       9878       67                                   
1895 6282200-4620  8571           Thermopyl       226       9866       50                                   
1895 629 200-4620  8514           Thermopyl       190       9901       67                                   
1895 629 600-4620  8457           Thermopyl       190       9929       72                                   
1895 6291000-4620  8400           Thermopyl       154       9962       56                                   
1895 6291400-4620  8603           Thermopyl       123                                                       
1895 6292200-4620  8806           Thermopyl                 9986       56                                   
1895 630 200-4620  9010           Thermopyl       154       9966       72                                   
1895 630 600-4620  9213           Thermopyl       154                                                       
1895 6301000-4620  9333           Thermopyl       123       9905       78                                   
1895 6301400-4620  9452           Thermopyl                 9902       89                                   
1895 6301800-4620  9572           Thermopyl       154       9875       89                                   
1895 6302200-4620  9692           Thermopyl                 9930       72                                   
1895 7 1 100-4620  9811           Thermopyl       154       9920       83                                   
1895 7 1 500-4620  9931           Thermopyl       190       9899       89                                   
1895 7 1 900-4609 10047           Thermopyl                 9897       83                                   
1895 7 11300-4599 10162           Thermopyl                 9891       94                                   
1895 7 11700-4588 10278           Thermopyl                10002       78                                   
1895 7 12100-4577 10394           Thermopyl                 9923       61                                   
1895 7 2 100-4567 10509           Thermopyl                            72                                   
1895 7 2 500-4556 10625           Thermopyl       154       9963      106                                   
1895 7 2 900-4552 10764           Thermopyl       123                                                       
1895 7 21300-4548 10903           Thermopyl                 9986       72                                   
1895 7 22100-4544 11042           Thermopyl        93      10014       67                                   
1895 7 3 100-4540 11181           Thermopyl                10030       50                                   
1895 7 3 400-4536 11320           Thermopyl        93      10021       61                                   
1895 7 3 800-4532 11459           Thermopyl                            67                                   
1895 7 31200-4528 11598           Thermopyl                10045       61                                   
1895 7 31600-4459 11959           Thermopyl        93      10160       67                                   
1895 7 32000-4459 11959           Thermopyl        93      10064       61                                   
1895 7 4   0-4459 11959           Thermopyl        93      10095       61                                   
1895 7 4 400-4400 11900           Thermopyl        93      10108       78                                   
1895 7 4 800-4459 11959           Thermopyl        93      10125       67                                   
1895 7 41200-4459 11959           Thermopyl        93      10145       67                                   
1895 7 41600-4447 12128           Thermopyl        93      10160       67                                   
1895 7 42000-4434 12297           Thermopyl        93      10167       56                                   
1895 7 5   0-4422 12466           Thermopyl        93      10178       67                                   
1895 7 5 400-4410 12635           Thermopyl        93      10173       78                                   
1895 7 5 800-4410 12635           Thermopyl        93      10174       61                                   
1895 7 51200-4410 12635           Thermopyl        67      10178       67                                   
1895 7 51600-4364 12635           Thermopyl        46      10172       72                                   
1895 7 51900-4319 12836           Thermopyl        46      10167       67                                   
1895 7 52300-4273 13037           Thermopyl        46      10175       78                                   
1895 7 6 300-4228 13238           Thermopyl        26      10169       89                                   
1895 7 6 700-4228 13350           Thermopyl        46      10169       83                                   
1895 7 61100-4228 13463           Thermopyl        46      10174       83                                   
1895 7 61500-4152 13575           Thermopyl        67      10146      106                                   
1895 7 61900-4076 13688           Thermopyl        67      10165       94                                   
1895 7 62300-4000 13800           Thermopyl        67      10172      100                                   
1895 7 7 300-4030 13827           Thermopyl        67      10168      106                                   
1895 7 7 700-4060 13854           Thermopyl        67      10156      106                                   
1895 7 71100-4090 13881           Thermopyl        67      10163      111                                   
1895 7 71500-4120 13908           Thermopyl        67      10146      106                                   
1895 7 71900-4150 13935           Thermopyl        93      10141      111                                   
1895 7 72300-4180 13962           Thermopyl        93      10145      111                                   
1895 7 8 300-4210 13989           Thermopyl        93      10145      111                                   
1895 7 8 800-4240 14016           Thermopyl        93                                                       
18951212 300-4270 14043           Thermopyl                                                                 
