1892 4 72000-3387 15010           Thistle                  10195      211                                   
1892 4 8 200-3358 15110           Thistle                  10193      222                                   
1892 4 82000-3329 15210           Thistle                                                                   
1892 4 9 200-3300 15310           Thistle                  10193      222                                   
1892 4 92000-3309 15410           Thistle                  10160      217                                   
1892 410 200-3318 15510           Thistle          26      10136      200                                   
1892 4102000-3317 15584           Thistle                  10143      217                                   
1892 411 200-3316 15659           Thistle          46      10134      233                                   
1892 4111900-3275 15791           Thistle                  10141      228                                   
1892 412 100-3234 15924           Thistle          46      10137      228                                   
1892 4121900-3193 15924           Thistle                  10158      222                                   
1892 413 100-3153 15924           Thistle          26                                                       
1892 4131900-3129 15924           Thistle                  10169      217                                   
1892 414 100-3105 15924           Thistle          67      10156      229                                   
1892 4141900-3081 16030           Thistle                  10158      217                                   
1892 415 100-3057 16136           Thistle          93      10139      211                                   
1892 4151900-3036 16185           Thistle                  10142      211                                   
1892 416 100-3016 16235           Thistle          46      10122      228                                   
1892 4161900-2931 16197           Thistle                  10141      211                                   
1892 417 100-2847 16159           Thistle          46      10145      244                                   
1892 4171900-2794 16141           Thistle                  10138      222                                   
1892 418 100-2742 16123           Thistle          93      10121      200                                   
1892 4181900-2676 16180           Thistle                  10171      222                                   
1892 419 100-2611 16238           Thistle          93      10180      222                                   
1892 4191900-2484 16234           Thistle                  10190      222                                   
1892 420 100-2358 16231           Thistle          46      10197      256                                   
1892 4201900-2289 16268           Thistle                                                                   
1892 421 100-2220 16306           Thistle          10      10162      256                                   
1892 4211900-2163 16281           Thistle                  10159      233                                   
1892 422 100-2106 16256           Thistle          10      10172      294                                   
1892 4221900-2008 16237           Thistle                  10167      239                                   
1892 423 100-1910 16218           Thistle          26      10173      278                                   
1892 4231900-1764 16218           Thistle                  10144      267                                   
1892 424 100-1619 16218           Thistle          67      10145      278                                   
1892 4241900-1477 16222           Thistle                  10127      278                                   
1892 425 100-1335 16225           Thistle          67      10121      311                                   
1892 4251900-1257 16229           Thistle                  10118      289                                   
1892 426 100-1180 16233           Thistle          46      10256      267                                   
1892 4261900-1102 16237           Thistle                  10121      289                                   
1892 427 100-1025 16240           Thistle          46      10115      300                                   
1893 3 62000-3410 15180           Thistle          26      10177      222                                   
1893 3 7 200-3340 15194           Thistle                  10105      244                                   
1893 3 72000-3270 15207           Thistle         123      10075      222                                   
1893 3 8 200-3200 15221           Thistle          46       9862      239                                   
1893 3 82000-3225 15234           Thistle                  10076      211                                   
1893 3 9 200-3250 15248           Thistle                  10073      211                                   
1893 3 91400-3261 15248           Thistle         123                                                       
1893 3 92000-3271 15248           Thistle                  10142      222                                   
1893 310 200-3282 15248           Thistle                  10147      233                                   
1893 3102000-3292 15266           Thistle         190                                                       
1893 311 200-3303 15284           Thistle         154                                                       
1893 3112000-3313 15302           Thistle          26                                                       
1893 312 200-3324 15320           Thistle          26                                                       
1893 6 42000 -712 15485           Thistle                  10086      267                                   
1893 6 5 200 -716 15530           Thistle          26      10082      294                                   
1893 6 52000 -719 15575           Thistle                  10069      267                                   
1893 6 6 200 -723 15620           Thistle           0      10064      300                                   
1893 6 62000 -723 15620           Thistle                  10051      278                                   
1893 6 7 200 -853 15624           Thistle                  10047      306                                   
1893 6 72000 -853 15624           Thistle          26      10087      267                                   
1893 6 8 200-1058 15645           Thistle          67      10084      283                                   
1893 6 82000-1058 15645           Thistle          46      10087      267                                   
1893 6 9 200-1216 15616           Thistle          46      10077      289                                   
1893 6 92000-1285 15643           Thistle          67      10064      267                                   
1893 610 200-1354 15670           Thistle          67      10053      278                                   
1893 6102000-1483 15644           Thistle                  10056      261                                   
1893 611 200-1612 15619           Thistle                  10063      267                                   
1893 6112000-1680 15633           Thistle          46      10092      256                                   
1893 612 200-1747 15647           Thistle          46      10097      267                                   
1893 6122000-1785 15630           Thistle          26      10119      256                                   
1893 613 200-1823 15614           Thistle          46      10118      267                                   
1893 6132000-1866 15566           Thistle          10      10120      256                                   
1893 614 200-1910 15518           Thistle          10      10123      256                                   
1893 6142000-1982 15509           Thistle          10      10126      222                                   
1893 615 200-2054 15500           Thistle          10      10124      256                                   
1893 6152000-2083 15503           Thistle          26      10133      222                                   
1893 616 200-2112 15506           Thistle          46      10139      228                                   
1893 6162000-2175 15463           Thistle                  10152      211                                   
1893 617 200-2239 15420           Thistle          10      10153      211                                   
1893 6172000-2277 15385           Thistle          46      10151      200                                   
1893 618 200-2316 15350           Thistle          67      10116      211                                   
1893 6182000-2376 15341           Thistle          67      10135      200                                   
1893 619 200-2436 15333           Thistle          93      10128      206                                   
1893 6192000-2525 15366           Thistle          93      10112      167                                   
1893 620 200-2615 15400           Thistle         123      10134      200                                   
1893 6202000-2666 15400           Thistle          67      10165      156                                   
1893 621 200-2718 15400           Thistle          93      10154      183                                   
1893 6212000-2834 15371           Thistle         154      10123      172                                   
1893 622 200-2950 15343           Thistle         154      10095      183                                   
1893 6222000-3038 15321           Thistle          93      10066      161                                   
1893 623 200-3126 15300           Thistle         123      10060      178                                   
1893 6232000-3175 15275           Thistle         123      10126      150                                   
1893 624 200-3225 15250           Thistle         154      10136      156                                   
1893 6242000-3226 15315           Thistle          67      10170      150                                   
1893 625 200-3227 15380           Thistle          93      10160      150                                   
1893 6252000-3231 15360           Thistle         154      10162      178                                   
1893 626 200-3236 15340           Thistle         226      10156      178                                   
1893 6261400-3307 15293           Thistle                                                                   
1893 6262000-3379 15247           Thistle          93      10152      167                                   
1893 627 200-3450 15200           Thistle           0      10128      172                                   
1893 6271400-3350 15116           Thistle                                                                   
1893 7 22000 3346 15145           Thistle          93      10174      233                                   
1894 4242000-3130 15660           Thistle          67      10188      222                                   
1894 425 200-3130 15660           Thistle          46                                                       
1894 4252000-3084 15654           Thistle          46      10194      222                                   
1894 426 200-3039 15649           Thistle          46      10204      244                                   
1894 4262000-3058 15739           Thistle          67      10189      233                                   
1894 427 100-3078 15829           Thistle          67      10195      256                                   
1894 4271900-3097 15920           Thistle                  10186      233                                   
1894 428 100-3117 16010           Thistle          46      10189      233                                   
1894 4281900-3026 16020           Thistle                  10189      211                                   
1894 429 100-2936 16030           Thistle                  10174      217                                   
1894 4291900-2847 15991           Thistle          67      10164      233                                   
1894 430 100-2758 15953           Thistle                  10162      239                                   
1894 4301900-2752 15982           Thistle          67      10149      233                                   
1894 5 1 100-2746 16012           Thistle          67      10132      256                                   
1894 5 11900-2700 15970           Thistle          46      10101      239                                   
1894 5 2 100-2655 15928           Thistle                  10099      250                                   
1894 5 21900-2642 15941           Thistle                  10085      233                                   
1894 5 3 100-2630 15955           Thistle                  10081      256                                   
1894 5 31900-2579 16034           Thistle          93      10087      217                                   
1894 5 4 100-2528 16113           Thistle          93      10086      222                                   
1894 5 41900-2419 16234           Thistle                  10100      233                                   
1894 5 5 100-2310 16356           Thistle                  10098      239                                   
1894 5 51900-2172 16336           Thistle                  10097      239                                   
1894 5 6 100-2034 16317           Thistle                  10096      239                                   
1894 5 61900-2027 16324           Thistle                  10075      267                                   
1894 5 7 100-2020 16330           Thistle                  10073      278                                   
1894 5 71900-1919 16312           Thistle                  10073      256                                   
1894 5 8 100-1818 16294           Thistle                  10090      272                                   
1894 5 81900-1672 16276           Thistle                  10090      267                                   
1894 5 9 100-1526 16258           Thistle                  10087      278                                   
1894 5 91900-1392 16240           Thistle          26      10087      278                                   
1894 510 100-1259 16222           Thistle          67      10096      322                                   
1894 512 100-1125 16204           Thistle                                                                   
