1894 2112200-4032  3230           Titania          46      10158      167                                   
1894 212 200-4032  3230           Titania          67      10124      167                                   
1894 212 600-4044  3282           Titania          67      10158      167                                   
1894 2121000-4055  3335           Titania          93      10158      167                                   
1894 2121400-4067  3387           Titania          93      10121      189                                   
1894 2121800-4078  3440           Titania          93      10119      200                                   
1894 2122200-4090  3492           Titania          93                                                       
1894 213 200-4102  3545           Titania          93      10086      200                                   
1894 213 600-4113  3597           Titania          46      10086      200                                   
1894 2131000-4125  3650           Titania          46      10086      200                                   
1894 2131400-4141  3747           Titania          67      10088      189                                   
1894 2131700-4157  3843           Titania          67      10088      189                                   
1894 2132100-4173  3940           Titania         190      10024      167                                   
1894 214 100-4190  4037           Titania          93      10090      178                                   
1894 214 500-4206  4133           Titania          93      10090      178                                   
1894 214 900-4222  4230           Titania          93      10090      178                                   
1894 2141300-4241  4333           Titania         123      10074      178                                   
1894 2141700-4260  4437           Titania         154      10057      178                                   
1894 2142100-4278  4540           Titania          93      10129      150                                   
1894 215 100-4297  4643           Titania          93      10025      167                                   
1894 215 500-4316  4747           Titania          93      10061      156                                   
1894 215 900-4335  4850           Titania          93      10078      156                                   
1894 2151300-4350  4925           Titania          93      10096      150                                   
1894 2151700-4366  5000           Titania          93      10130      150                                   
1894 2152100-4381  5075           Titania         123      10114      144                                   
1894 216 100-4397  5150           Titania          67      10149      139                                   
1894 216 500-4412  5225           Titania          67      10167      133                                   
1894 216 800-4428  5300           Titania          67      10167      133                                   
1894 2161200-4443  5375           Titania          93      10133      133                                   
1894 2161600-4459  5450           Titania          93      10132      144                                   
1894 2162000-4500  6030           Titania         226       9992      178                                   
1894 217   0-4500  6030           Titania         123      10098      144                                   
1894 217 400-4500  6030           Titania         123      10065      144                                   
1894 217 800-4500  6030           Titania         154      10046      156                                   
1894 2171200-4500  6030           Titania         154      10027      167                                   
1894 2171600-4500  6030           Titania         190      10009      178                                   
1894 2172000-4533  6651           Titania         309       9941      178                                   
1894 218   0-4500  6030           Titania         268       9975      178                                   
1894 218 400-4500  6030           Titania         268       9975      178                                   
1894 218 800-4533  6651           Titania         268       9975      178                                   
1894 2181200-4533  6651           Titania         268       9958      178                                   
1894 2181600-4533  6651           Titania         268       9951      178                                   
1894 2181900-4500  7323           Titania          93      10132      144                                   
1894 219   0-4533  6651           Titania         154       9960      167                                   
1894 219 400-4533  6651           Titania         154       9996      156                                   
1894 219 700-4500  7323           Titania         154      10031      144                                   
1894 2191100-4500  7323           Titania         123      10100      133                                   
1894 2191500-4500  7323           Titania          93      10134      133                                   
1894 2191900-4334  7730           Titania          93      10166      133                                   
1894 2192300-4500  7323           Titania         154      10132      144                                   
1894 220 300-4500  7323           Titania         226      10136      122                                   
1894 220 700-4334  7730           Titania         190      10134      122                                   
1894 2201100-4334  7730           Titania         123      10151      122                                   
1894 2201500-4334  7730           Titania          93      10166      133                                   
1894 2201900-4334  7730           Titania          93      10166      133                                   
1894 2202300-4334  7730           Titania          93      10166      133                                   
1894 221 300-4334  7730           Titania          93      10166      133                                   
1894 221 700-4226  8155           Titania          67      10165      133                                   
1894 2211100-4226  8155           Titania          67      10180      144                                   
1894 2211500-4226  8155           Titania          67      10180      144                                   
1894 2211900-4226  8155           Titania          67      10180      144                                   
1894 2212200-4211  8552           Titania          46      10180      144                                   
1894 222 200-4211  8552           Titania          46      10180      144                                   
1894 222 600-4211  8552           Titania          67      10163      144                                   
1894 2221000-4211  8552           Titania          93      10145      156                                   
1894 2221400-4211  8552           Titania         123      10124      178                                   
1894 2221800-4220  8801           Titania         123      10124      178                                   
1894 2222200-4230  9050           Titania         123      10109      167                                   
1894 223 200-4230  9050           Titania         123      10109      167                                   
1894 223 600-4230  9050           Titania         123      10109      167                                   
1894 2231000-4230  9050           Titania         123      10089      183                                   
1894 2231400-4230  9050           Titania         123      10091      172                                   
1894 2231800-4236  9337           Titania          93      10091      172                                   
1894 2232200-4242  9625           Titania          93      10092      167                                   
1894 224 200-4242  9625           Titania          67      10094      156                                   
1894 224 600-4242  9625           Titania          67      10090      178                                   
1894 2241000-4242  9625           Titania          67      10089      189                                   
1894 2241300-4233  9865           Titania          46      10090      178                                   
1894 2241700-4224 10105           Titania          67      10092      167                                   
1894 2242100-4224 10105           Titania          67      10111      156                                   
1894 225 100-4224 10105           Titania          67      10128      156                                   
1894 225 500-4224 10105           Titania          93      10128      156                                   
1894 225 900-4224 10105           Titania          93      10128      156                                   
1894 2251300-4224 10105           Titania          93      10162      156                                   
1894 2251700-4185 10252           Titania          67      10161      156                                   
1894 2252100-4147 10400           Titania          46      10161      156                                   
1894 226 100-4147 10400           Titania          26      10161      156                                   
1894 226 500-4147 10400           Titania          26      10161      156                                   
1894 226 900-4147 10400           Titania          46      10157      178                                   
1894 2261300-4147 10400           Titania          46      10155      189                                   
1894 2261700-4148 10460           Titania          46      10157      178                                   
1894 2261700-4147 10400           Titania          46      10155      189                                   
1894 2262100-4143 10555           Titania          46      10161      156                                   
1894 227 100-4138 10650           Titania          67      10161      156                                   
1894 227 500-4133 10745           Titania          46      10159      167                                   
1894 227 900-4128 10840           Titania          46      10157      178                                   
1894 2271300-4123 10935           Titania          46      10155      189                                   
1894 2271700-4118 11030           Titania         154       9787      167                                   
1894 2272100-4118 11030           Titania          46      10125      167                                   
1894 228 100-4118 11030           Titania          26       9956      167                                   
1894 228 500-4118 11030           Titania          26       9956      167                                   
1894 228 900-4118 11030           Titania          46       9787      167                                   
1894 2281300-4095 11115           Titania          93       9787      167                                   
1894 2281700-4071 11200           Titania         226       9986      189                                   
1894 2282100-4048 11200           Titania         190      10074      167                                   
1894 3 1 100-4024 11200           Titania         226      10057      167                                   
1894 3 1 500-4001 11200           Titania         268      10006      167                                   
1894 3 1 900-3990 11200           Titania          67       9951      189                                   
1894 3 11200-3979 11264           Titania          46       9951      189                                   
1894 3 11600-3968 11329           Titania         123      10191      167                                   
1894 3 12000-3957 11393           Titania         226      10020      178                                   
1894 3 2   0-3946 11458           Titania         190      10056      167                                   
1894 3 2 400-3935 11522           Titania         154      10090      167                                   
1894 3 2 800-3935 11522           Titania         154      10123      167                                   
1894 3 21200-3934 11622           Titania         154      10140      167                                   
1894 3 21600-3933 11721           Titania          67      10262      144                                   
1894 3 22000-3932 11821           Titania          93      10224      167                                   
1894 3 3   0-3931 11920           Titania          67      10243      156                                   
1894 3 3 400-3930 12020           Titania          67      10260      156                                   
1894 3 3 800-3929 12120           Titania          67      10262      144                                   
1894 3 31200-3928 12219           Titania          67      10262      144                                   
1894 3 31600-3760 12130           Titania         154      10223      167                                   
1894 3 31600-3927 12319           Titania          67      10262      144                                   
1894 3 32000-3790 12163           Titania          67      10259      156                                   
1894 3 4   0-3820 12197           Titania          67      10259      156                                   
1894 3 4 400-3850 12230           Titania          67      10259      156                                   
1894 3 4 800-3880 12263           Titania          93      10224      167                                   
1894 3 41200-3910 12297           Titania         123      10224      167                                   
1894 3 41600-3940 12330           Titania         123      10191      167                                   
1894 3 42000-3970 12363           Titania         123      10227      156                                   
1894 3 5   0-4000 12397           Titania          93      10227      156                                   
1894 3 5 400-4030 12430           Titania          93      10193      156                                   
1894 3 5 800-4048 12467           Titania          93      10192      167                                   
1894 3 51200-4066 12503           Titania          93      10192      167                                   
1894 3 51600-4084 12540           Titania          67      10107      172                                   
1894 3 52000-4103 12577           Titania          93      10177      156                                   
1894 3 6   0-4121 12613           Titania          67      10161      156                                   
1894 3 6 400-4139 12650           Titania          46      10161      156                                   
1894 3 6 800-4139 12692           Titania          46      10140      178                                   
1894 3 61200-4139 12733           Titania          67      10121      189                                   
1894 3 61500-4139 12775           Titania          26      10073      178                                   
1894 3 61900-4140 12817           Titania          67      10090      172                                   
1894 3 62300-4140 12858           Titania          67      10090      178                                   
1894 3 7 300-4140 12900           Titania          26      10073      178                                   
1894 3 7 700-4135 12940           Titania          26      10073      178                                   
1894 3 71100-4130 12980           Titania          26      10073      178                                   
1894 3 71500-4125 13020           Titania          67      10174      178                                   
1894 3 71900-4120 13060           Titania          67      10088      189                                   
1894 3 72300-4115 13100           Titania          46      10104      189                                   
1894 3 8 300-4110 13140           Titania          46      10121      189                                   
1894 3 8 700-4105 13180           Titania          46      10138      189                                   
1894 3 81100-4100 13220           Titania                  10155      189                                   
1894 3 81500-4051 13330           Titania          67      10220      200                                   
1894 3 81900-4017 13355           Titania          67      10174      172                                   
1894 3 82300-3982 13380           Titania          46      10173      172                                   
1894 3 9 300-3948 13405           Titania          46      10173      172                                   
1894 3 9 700-3913 13430           Titania          26      10187      189                                   
1894 3 91100-3879 13455           Titania          26      10218      200                                   
1894 3 91500-3844 13480           Titania         190      10151      200                                   
1894 3 91900-3810 13505           Titania          67      10201      200                                   
1894 3 92300-3775 13530           Titania          46      10202      189                                   
1894 310 300-3741 13555           Titania          93      10202      189                                   
1894 310 700-3724 13584           Titania         154      10183      200                                   
1894 3101100-3706 13613           Titania         190      10166      200                                   
1894 3101500-3689 13642           Titania                                                                   
1894 3101900-3672 13671           Titania          67      10150      194                                   
1894 3102300-3654 13700           Titania          67      10150      194                                   
1894 311 300-3637 13729           Titania          46      10132      200                                   
1894 311 700-3620 13758           Titania          46      10115      200                                   
1894 3111100-3602 13787           Titania          46      10113      211                                   
1894 3111500-3585 13816           Titania                                                                   
1894 3111900-3568 13845           Titania                  10094      222                                   
1894 3112300-3550 13874           Titania                  10092      233                                   
1894 312 300-3533 13903           Titania                  10090      244                                   
1894 312 700-3516 13932           Titania                  10088      256                                   
1894 3121100-3498 13961           Titania         154                 256                                   
1894 3212100-4147 10400           Titania          46      10180      144                                   
1894 4 21500-3449 13829           Titania          46      10119      189                                   
1894 4 61500-3520 13820           Titania          46      10208      244                                   
1894 4 61900-3520 13820           Titania          26      10172      256                                   
1894 4 62300-3520 13820           Titania          26      10172      256                                   
1894 4 7 300-3520 13820           Titania          26      10172      256                                   
1894 4 7 700-3520 13820           Titania          26      10206      256                                   
1894 4 71100-3520 13820           Titania          46      10206      256                                   
1894 4 71500-3623 13851           Titania          46      10145      222                                   
1894 4 71900-3520 13820           Titania          26      10176      233                                   
1894 4 72300-3520 13820           Titania          26      10178      222                                   
1894 4 8 300 3623 13851           Titania          67      10179      222                                   
1894 4 8 700-3623 13851           Titania          10      10162      222                                   
1894 4 81100-3623 13851           Titania           0      10142      239                                   
1894 4 81500-3810 14030           Titania          93      10184      200                                   
1894 4 81900-3623 13851           Titania          67      10147      211                                   
1894 4 82300-3623 13851           Titania          93      10147      211                                   
1894 4 9 300 3810 14030           Titania         123      10147      222                                   
1894 4 9 700-3810 14030           Titania         123      10147      222                                   
1894 4 91100-3810 14030           Titania         123      10165      211                                   
1894 4 91500-3849 14245           Titania          93      10184      200                                   
1894 4 91900-3810 14030           Titania          46      10220      189                                   
1894 4 92300-3810 14030           Titania          46      10220      189                                   
1894 410 300-3849 14245           Titania          46      10203      189                                   
1894 410 700-3849 14245           Titania          46      10201      200                                   
1894 4101100-3849 14245           Titania          46      10201      200                                   
1894 4101500-3900 14245           Titania          10      10205      178                                   
1894 4101900-3849 14245           Titania           0      10207      167                                   
1894 4102300-3849 14245           Titania          26      10207      167                                   
1894 411 200-3900 14345           Titania          26      10205      178                                   
1894 411 600-3900 14345           Titania                  10189      178                                   
1894 4111000-3900 14345           Titania           0      10172      178                                   
1894 4111400-3900 14345           Titania          10      10155      178                                   
1894 4121000-3910 14435           Titania         123      10118      200                                   
1894 417 200-3504 15049           Titania          46      10077      222                                   
