189212 71100-3610  2127           Tongariro        10      10145      222                                   
189212 81000-3819  2660           Tongariro        10      10113      222                                   
189212 91000-4046  3242           Tongariro        93      10112      178                                   
18921210 900-4246  3824           Tongariro        67       9984      128                                   
18921211 900-4415  4580           Tongariro       123      10008       94                                   
18921212 900-4554  5157           Tongariro        46      10008       78                                   
18921213 800-4628  5823           Tongariro        67       9914       78                                   
18921214 800-4633  6559           Tongariro                 9832       67                                   
18921215 700-4754  7330           Tongariro        46       9909       78                                   
18921216 700-4816  8129           Tongariro        67       9855       78                                   
18921217 600-4752  8852           Tongariro       123       9832      111                                   
18921218 600-4753  9558           Tongariro        46       9911      106                                   
18921219 500-4818 10370           Tongariro        46       9751       94                                   
18921220 500-4820 11056           Tongariro        67       9850      111                                   
18921221 400-4826 11846           Tongariro                           100                                   
18921222 400-4870 12632           Tongariro        26      10104      133                                   
18921223 300-4741 13337           Tongariro        67      10056      128                                   
18921224 300-4537 14040           Tongariro        67      10035      144                                   
18921225 200-4340 14654           Tongariro        46      10032      150                                   
18921226 200-4288 14994           Tongariro                           217                                   
18921227 200-4237 15335           Tongariro        67      10145      156                                   
18921228 100-4132 16033           Tongariro                10108      189                                   
18921229 100-4053 16730           Tongariro                10114      211                                   
18921230   0-3974 17349           Tongariro        67      10056      211                                   
1893 121   0-4626 17755           Tongariro        46      10040      217                                   
1893 122 100-4912 17120           Tongariro        93      10212      156                                   
1893 123 100-5157 16510           Tongariro       154      10111      128                                   
1893 124 100-5420 15825           Tongariro       123       9896       89                                   
1893 1252200-5557-15015           Tongariro       154       9726      100                                   
1893 126 300-5733 14142           Tongariro        93       9818       67                                   
1893 127 300-5820 13254           Tongariro        93       9901      100                                   
1893 128 400-5910 12510           Tongariro        93       9588       72                                   
1893 129 400-5970 11633           Tongariro        93                  72                                   
1893 130 500-5900 10750           Tongariro        93       9849       89                                   
1893 131 600-5848  9739           Tongariro        93       9840       78                                   
