1892 8 9 300-1039 13341           Tsinan           67                 256                                   
1892 810 300-1029 13752           Tsinan                   10092      256                                   
1892 811 300-1034 14210           Tsinan           93      10097      250                                   
1892 812 300-1056 14245           Tsinan           67                 250                                   
1892 813 200-1249 14346           Tsinan                              247                                   
1892 814 200-1424 14446           Tsinan           67      10126      244                                   
1892 8142200-1512 14520           Tsinan                   10134      236                                   
1892 815 200-1601 14595           Tsinan                   10138      239                                   
1892 815 600-1689 14669           Tsinan                   10131      239                                   
1892 8152200-1778 14743           Tsinan           67      10133      231                                   
1892 816 200-1866 14818           Tsinan           67      10133      233                                   
1892 816 600-1955 14892           Tsinan           67      10137      233                                   
1892 8162200-2043 14966           Tsinan           67      10143      200                                   
1892 817 200-2132 15041           Tsinan           67      10143      206                                   
1892 817 600-2220 15115           Tsinan           46      10373      203                                   
1892 8172200-2308 15189           Tsinan           46      10306      206                                   
1892 818 200-2397 15264           Tsinan           67      10340      208                                   
1892 818 600-2485 15338           Tsinan                                                                    
1893 316 200-2607 15328           Tsinan           67      10175      233                                   
1893 3161400-2239 15730           Tsinan           46      10147      306                                   
1893 317 200-2239 15730           Tsinan           46      10153      272                                   
1893 3171400-1949 14818           Tsinan           67      10116      278                                   
1893 318 200-1949 14818           Tsinan           67      10116      278                                   
1893 3181400-1808 14623           Tsinan           67      10097      311                                   
1893 319 200-1808 14623           Tsinan           67      10097      311                                   
1893 3191400-1449 14517           Tsinan           46      10092      311                                   
1893 320 200-1449 14517           Tsinan           46      10092      311                                   
1893 3201400-1309 14337           Tsinan           46      10080      278                                   
1893 321 200-1309 14337           Tsinan           46      10079      283                                   
1893 3211500-1055 14226           Tsinan           26      10057      306                                   
1893 322 300-1055 14226           Tsinan           26      10057      306                                   
1893 3221500-1043 14065           Tsinan           46      10065      239                                   
1893 323 300-1043 13905           Tsinan           46      10065      239                                   
1893 3231500-1057 13678           Tsinan            0      10072      278                                   
1893 324 300-1057 13452           Tsinan            0      10072      278                                   
1893 3241500-1157 13121           Tsinan           10      10056      294                                   
1893 325 300-1157 13121           Tsinan           10      10056      294                                   
1893 8121200 2198 11298           Tsinan           26      10012      267                                   
1893 813   0 2028 11468           Tsinan            0      10017      272                                   
1893 813 400 1859 11639           Tsinan            0      10015      278                                   
1893 814   0 1689 11809           Tsinan           26      10024      261                                   
1893 814 400 1520 11980           Tsinan           26      10021      272                                   
1893 8141200 1399 12052           Tsinan           26      10023      256                                   
1893 815   0 1278 12124           Tsinan           46      10049      261                                   
1893 815 400 1157 12196           Tsinan           46      10049      278                                   
1893 8151200 1023 12228           Tsinan           46      10056      272                                   
1893 816   0  888 12260           Tsinan           26      10052      272                                   
1893 816 400  754 12293           Tsinan           26      10063      267                                   
1893 8162000  577 12325           Tsinan           26      10056      267                                   
1893 817 400  400 12357           Tsinan           26      10063      283                                   
1893 8172000  208 12457           Tsinan           46      10053      261                                   
1893 818 400   16 12557           Tsinan           10      10068      250                                   
1893 8181200 -103 12614           Tsinan           46      10055      267                                   
1893 8182000 -221 12670           Tsinan           46      10055      244                                   
1893 819 400 -340 12727           Tsinan           46      10069      244                                   
1893 8191900 -542 12791           Tsinan          190      10056      244                                   
1893 820 300 -744 12856           Tsinan           67      10072      250                                   
1893 8201100 -923 12904           Tsinan           67      10073      250                                   
1893 8201900-1101 12952           Tsinan           46      10056      250                                   
1893 821 300-1280 13000           Tsinan           26      10090      256                                   
1893 822 300-1150 12997           Tsinan                   10079      256                                   
1893 8221900-1097 13259           Tsinan           46      10058      239                                   
1893 823 300-1045 13522           Tsinan           46      10078      239                                   
1893 8231900-1038 13724           Tsinan           93      10063      228                                   
1893 824 300-1031 13925           Tsinan           46      10074      244                                   
1893 8241900-1031 14068           Tsinan           26      10066      233                                   
1893 825 300-1031 14212           Tsinan           46      10086      256                                   
189312 91000-3028 15348           Tsinan           26      10116      244                                   
189312 91800-3074 15332           Tsinan           26      10108      211                                   
18931210 200-3120 15315           Tsinan           26      10113      244                                   
189312101000-3166 15298           Tsinan           67      10106      228                                   
189312101800-3212 15282           Tsinan           46      10110      211                                   
18931211 200-3258 15265           Tsinan           26      10116      233                                   
189312111000-3304 15248           Tsinan           26      10110      233                                   
189312111800-3350 15232           Tsinan           26      10121      211                                   
18931212 200-3395 15215           Tsinan           26      10114      256                                   
189312121000-3441 15198           Tsinan           67      10112      211                                   
189312121800-3487 15182           Tsinan           26      10127      200                                   
18931213 200-3533 15165           Tsinan           26      10133      211                                   
189312131000-3579 15148           Tsinan           67      10131      183                                   
189312131800-3625 15132           Tsinan           67      10128      183                                   
18931214 200-3551 15115           Tsinan           67      10083      228                                   
189312141000-3608 14890           Tsinan           26      10049      172                                   
189312141800-3666 14665           Tsinan           93      10020      144                                   
18931215 200-3723 14440           Tsinan           10      10038      139                                   
189312151100-3780 14215           Tsinan           67      10039      117                                   
189312151900-3838 13990           Tsinan           67      10026      139                                   
18931216 300-3895 13765           Tsinan           67      10024      150                                   
189312161100-3952 13540           Tsinan           26      10019      144                                   
189312161900-4010 13315           Tsinan           26      10020      139                                   
18931217 300-4067 13090           Tsinan           67      10016      211                                   
189312171100-4124 12865           Tsinan           67      10027      189                                   
189312172000-4182 12640           Tsinan           26      10029      139                                   
18931218 400-4239 12415           Tsinan           93      10040      156                                   
189312181200-4296 12190           Tsinan           67      10042      128                                   
189312182000-4354 11965           Tsinan           67      10048      156                                   
18931219 400-4411 11740           Tsinan           67      10058      178                                   
189312191200-4468 11515           Tsinan           67      10051      167                                   
189312192000-4526 11290           Tsinan           67      10054      167                                   
18931220 500-4583 11065           Tsinan           67      10063      178                                   
189312201100-4056 13140           Tsinan           67      10057      167                                   
189312201900-4028 13304           Tsinan           26      10058      156                                   
18931221 300-4000 13468           Tsinan           26      10066      172                                   
189312211100-3972 13632           Tsinan           67      10060      161                                   
189312211900-3944 13796           Tsinan           26      10069      167                                   
18931222 300-3916 13960           Tsinan           26      10120      183                                   
189312221100-3888 14124           Tsinan           26      10102      172                                   
189312221800-3860 14288           Tsinan           26      10126      144                                   
18931223 200-3832 14452           Tsinan           26      10141      156                                   
189312231000-3804 14616           Tsinan           26      10133      161                                   
189312231800-3776 14780           Tsinan           67      10138      172                                   
18931224 200-3748 14944           Tsinan           26      10148      172                                   
189312241000-3708 14965           Tsinan           67      10086      194                                   
189312241800-3668 14985           Tsinan           67      10066      194                                   
18931225 200-3629 15006           Tsinan           26      10079      217                                   
189312251000-3589 15027           Tsinan           26      10048      194                                   
189312251800-3549 15048           Tsinan           67      10096      211                                   
18931226 200-3509 15068           Tsinan          123      10039      206                                   
189312261000-3470 15089           Tsinan          123      10027      194                                   
189312261800-3430 15110           Tsinan           67      10015      183                                   
18931227 200-3390 15130           Tsinan           67      10019      200                                   
189312271000-3350 15151           Tsinan           67      10018      178                                   
189312271800-3310 15172           Tsinan           93       9938      133                                   
18931228 200-3271 15193           Tsinan           67       9940      156                                   
189312281000-3231 15213           Tsinan           93       9932      144                                   
189312291800-3191 15234           Tsinan           26                                                       
18931230 200-3151 15255           Tsinan           26      10012      189                                   
189312301000-3112 15276           Tsinan           26      10042      189                                   
189312301800-3072 15296           Tsinan           67                 189                                   
18931231 200-3032 15317           Tsinan           67      10053      239                                   
189312311000-2992 15338           Tsinan           67      10070      233                                   
189312311800-2952 15358           Tsinan           67      10073      233                                   
1894 1 1 200-2913 15379           Tsinan           26      10101      250                                   
1894 1111900-1272 12957           Tsinan           26      10027      250                                   
1894 112 300-1159 12953           Tsinan           67      10026      250                                   
1894 1121100-1046 12949           Tsinan          123      10024      261                                   
1894 1121900 -932 12944           Tsinan           93      10020      267                                   
1894 113 300 -819 12940           Tsinan          123      10034      278                                   
1894 1131100 -693 12897           Tsinan          123      10042      267                                   
1894 1131900 -567 12854           Tsinan          123      10029      267                                   
1894 114 300 -441 12811           Tsinan           67      10053      261                                   
1894 1141200 -312 12745           Tsinan           67      10053      261                                   
1894 1142000 -182 12679           Tsinan           67      10056      261                                   
1894 115 400  -53 12613           Tsinan           67      10058      272                                   
1894 1151200   48 12557           Tsinan           26      10045      267                                   
1894 1152000  148 12500           Tsinan           67      10051      250                                   
1894 116 400  249 12444           Tsinan           67      10059      267                                   
1894 1161200  377 12370           Tsinan          123      10052      267                                   
1894 1162000  504 12295           Tsinan           26      10056      267                                   
1894 117 400  632 12221           Tsinan            0      10064      278                                   
1894 1171200  765 12189           Tsinan           67      10058      256                                   
1894 1172000  897 12158           Tsinan          123      10060      244                                   
1894 118 400 1030 12126           Tsinan           67      10076      250                                   
1894 1181200 1159 12069           Tsinan           67      10080      250                                   
1894 1182000 1289 12011           Tsinan           67      10061      244                                   
1894 119 400 1418 11954           Tsinan           67      10058      250                                   
1894 1191200 1549 11911           Tsinan           67      10092      250                                   
1894 1192000 1681 11867           Tsinan           10      10098      239                                   
1894 120 400 1812 11824           Tsinan           67      10129      239                                   
1894 1201200 1916 11719           Tsinan          123      10132      222                                   
1894 1202000 2020 11615           Tsinan           67      10143      200                                   
1894 121 400 2124 11510           Tsinan           67      10157      200                                   
1894 1211200 2124 11405           Tsinan           26      10155      194                                   
1894 2101900 3884 14217           Tsinan           67      10229      -67                                   
1894 211 300 3860 14164           Tsinan           26      10228       22                                   
1894 2111100 3836 14112           Tsinan           67      10223      -11                                   
1894 2111900 3812 14059           Tsinan           26      10185       33                                   
1894 212 300 3788 14006           Tsinan           26      10182      111                                   
1894 2121100 3764 13953           Tsinan           26      10176       44                                   
1894 2121900 3740 13900           Tsinan           67      10226      -56                                   
1894 213 300 3716 13847           Tsinan           67      10229       44                                   
1894 2131100 3692 13795           Tsinan           67      10225      -11                                   
1894 2131900 3668 13742           Tsinan           26      10255      -28                                   
1894 214 300 3644 13689           Tsinan           10      10224       94                                   
1894 2141100 3620 13636           Tsinan           26      10236       22                                   
1894 2141900 3596 13583           Tsinan           26      10219      -22                                   
1894 215 300 3572 13530           Tsinan            0      10206       94                                   
1894 2151100 3548 13478           Tsinan            0      10201       44                                   
1894 2151900 3524 13425           Tsinan            0      10205      -22                                   
1894 216 300 3500 13372           Tsinan           26      10191      139                                   
1894 2161100 3476 13319           Tsinan            0      10175       56                                   
1894 2161900 3452 13266           Tsinan            0      10146        0                                   
1894 217 300 3428 13213           Tsinan           26      10150      100                                   
1894 2171100 3404 13161           Tsinan           26      10127       94                                   
1894 2171900 3380 13108           Tsinan           67      10118       89                                   
1894 218 300 3356 13055           Tsinan                   10132       83                                   
1894 2181100 3332 13002           Tsinan                   10112       78                                   
1894 2181900 3308 12949           Tsinan           26      10188      111                                   
1894 219 300 3284 12896           Tsinan           26      10187      156                                   
1894 2191100 3260 12844           Tsinan           26      10171      128                                   
1894 2191900 3236 12791           Tsinan           26      10159      139                                   
1894 220 400 3212 12738           Tsinan           67      10154      144                                   
1894 2201200 3212 12685           Tsinan           67      10200       72                                   
1894 2202000 2947 12504           Tsinan           67      10231       78                                   
1894 221 400 2840 12366           Tsinan           67      10151      128                                   
1894 2211200 2733 12228           Tsinan           67                                                       
1894 2212000 2625 12091           Tsinan           67      10216      111                                   
1894 222 400 2518 11953           Tsinan           67      10183      139                                   
1894 2221200 2489 11815           Tsinan           67      10162      128                                   
1894 2222000 2461 11678           Tsinan           26      10155      128                                   
1894 223 400 2432 11540           Tsinan           26      10136      217                                   
1894 2231200 2404 11544           Tsinan                   10153      156                                   
1894 2232000 2375 11548           Tsinan                   10142      178                                   
1894 224 400 2347 11552           Tsinan                   10142      222                                   
1894 2241200 2318 11556           Tsinan           26      10135      200                                   
1894 2242000 2290 11560           Tsinan           26      10123      211                                   
1894 225 400 2261 11564           Tsinan           26      10129      256                                   
1894 2251200 2233 11568           Tsinan           26      10128      217                                   
1894 2252000 2204 11572           Tsinan           67      10118      156                                   
1894 226 400 2176 11576           Tsinan           67      10121      217                                   
1894 2261200 2147 11581           Tsinan           67      10136      167                                   
1894 2262000 2119 11585           Tsinan           67      10102      128                                   
1894 227 400 2090 11589           Tsinan           67      10098      211                                   
1894 2271200 2062 11593           Tsinan           26      10104      194                                   
1894 2272000 2033 11597           Tsinan           67      10129      161                                   
1894 228 400 2005 11601           Tsinan           67      10134      211                                   
1894 2281200 1976 11605           Tsinan           67      10131      172                                   
1894 2282000 1948 11609           Tsinan           67      10121      211                                   
1894 3 1 400 1919 11613           Tsinan           67      10120      294                                   
1894 3 11200 1890 11722           Tsinan            0      10113      233                                   
1894 3 12000 1862 11831           Tsinan            0      10113      233                                   
1894 3 2 400 1833 11940           Tsinan           10      10116      256                                   
1894 3 21200 1805 12049           Tsinan           67      10096      256                                   
1894 3121800-1338 14343           Tsinan           26      10036      256                                   
1894 313 200-1338 14343           Tsinan           26      10037      294                                   
1894 3131000-1338 14343           Tsinan           26      10033      278                                   
1894 3131800-1338 14343           Tsinan           26      10034      272                                   
1894 314 200-1539 14525           Tsinan           26      10029      283                                   
1894 3141000-1539 14525           Tsinan           26      10029      283                                   
1894 3141800-1539 14525           Tsinan           26      10029      267                                   
1894 315 200-1911 14657           Tsinan           26      10041      283                                   
1894 3151000-1993 14657           Tsinan           26      10057      272                                   
1894 3151800-2075 14657           Tsinan           67      10069      261                                   
1894 316 200-2157 15043           Tsinan          123      10104      256                                   
1894 3161000-2157 15048           Tsinan          123      10131      239                                   
1894 3161800-2157 15048           Tsinan           67      10132      233                                   
1894 317 200-2449 15326           Tsinan           67      10136      239                                   
1894 3171000-2449 15326           Tsinan           46      10128      244                                   
1894 3171800-2449 15326           Tsinan           67      10131      250                                   
1894 3292200-3200 15300           Tsinan           26      10195      222                                   
1895 3 5 100 2400 11700           Tsinan           26                                                       
1895 3 6 100 1900 11600           Tsinan           26      10145      228                                   
1895 3 7 100 1500 11900           Tsinan           26                 250                                   
1895 3 8 100 1200 12100           Tsinan           26      10088      267                                   
1895 3 9 100  700 12200           Tsinan           26      10079      272                                   
1895 310 100  300 12400           Tsinan           26      10065      267                                   
1895 311 100    0 12600           Tsinan           26      10068      289                                   
1895 312   0 -500 12800           Tsinan           26      10070      283                                   
1895 313   0 -900 12900           Tsinan           26      10059      272                                   
1895 314   0-1200 13050           Tsinan           46      10051      283                                   
1895 315   0-1200 13200           Tsinan           26      10044      289                                   
1895 316   0-1100 13500           Tsinan           67      10035      278                                   
1895 317   0-1100 13900           Tsinan           67      10033      272                                   
1895 3172300-1200 14300           Tsinan           46      10041      267                                   
1895 3182300-1300 14400           Tsinan           46      10037      272                                   
1895 3192300-1600 14500           Tsinan           26      10045      272                                   
1895 3202300-1900 14700           Tsinan           93      10093      256                                   
1895 3212300-2000 14700           Tsinan          123      10114      256                                   
1895 3222300-2200 15000           Tsinan          123      10124      239                                   
1895 3232300-2400 15300           Tsinan           67      10151      250                                   
189510 51000-1444 14509           Tsinan           67      10126      244                                   
189510 91000-2762 15439           Tsinan           46      10143      211                                   
189510 92200-2918 15340           Tsinan           46      10152      228                                   
189510101000-3073 15240           Tsinan           46      10159      211                                   
189510102200-3229 15141           Tsinan           46      10174      189                                   
189510141000-3475 15075           Tsinan           46      10202      178                                   
189510142200-3721 15009           Tsinan           67      10182      167                                   
189510151000-3815 14811           Tsinan          226      10243      128                                   
189510152200-3909 14613           Tsinan          154      10260      117                                   
189510161000-3857 14718           Tsinan           46      10257      128                                   
189510221000-3804 14822           Tsinan           46      10156      122                                   
189510222200-3752 14927           Tsinan           93      10103      156                                   
189510231000-3536 15031           Tsinan           67      10079      167                                   
189510232200-3321 15136           Tsinan           93      10044      244                                   
189510241000-3253 15180           Tsinan           93      10051      244                                   
189510261000-3185 15225           Tsinan          123      10130      206                                   
189510311000-3118 15269           Tsinan           46      10095      211                                   
189510312200-3050 15314           Tsinan            0      10061      211                                   
189511 11000-2883 15323           Tsinan           67      10070      233                                   
189511 12200-2717 15332           Tsinan           93      10104      222                                   
189511 2 600-2550 15341           Tsinan          154      10122      228                                   
1896 5 3 200-3100 15300           Tsinan           67      10129      228                                   
1896 5 4 200-2800 15400           Tsinan           93      10106      233                                   
1896 5 5 200-2500 15300           Tsinan           46      10112      222                                   
1896 5 6 200-2200 15100           Tsinan           67      10119      233                                   
1896 5 7 200-1900 14700           Tsinan           93      10112      239                                   
1896 5 8 200-1600 14500           Tsinan           67      10133      244                                   
1896 5 9 200-1300 14400           Tsinan           67      10100      256                                   
1896 510 300-1100 14150           Tsinan           26      10097      272                                   
1896 511 300 -900 13900           Tsinan           26      10099      272                                   
1896 512 300 -700 13600           Tsinan           26      10086      289                                   
1896 513 300 -400 13200           Tsinan           46      10066      261                                   
1896 514 300 -200 12900           Tsinan           26      10070      278                                   
1896 515 400  100 12600           Tsinan           26      10066      283                                   
1896 516 400  500 12300           Tsinan           26      10052      289                                   
1896 517 400  900 12200           Tsinan           46      10051      278                                   
1896 518 400 1200 12100           Tsinan           93      10047      267                                   
1896 519 400 1500 11900           Tsinan           26      10062      267                                   
1896 520 400 1900 11700           Tsinan           26      10064      267                                   
1896 521 400 2150 11750           Tsinan           26      10051      256                                   
1896 524 400 2400 11800           Tsinan           67      10043      250                                   
1896 525 400 2400 12100           Tsinan           67      10038      217                                   
1896 526 400 3000 12300           Tsinan           26      10128      250                                   
1896 527 400 3000 12300           Tsinan           26      10115      250                                   
1896 6 4 400 3100 12200           Tsinan           93      10155      194                                   
1896 6 5 400 2700 12100           Tsinan           26      10137      222                                   
1896 6 6 400 2550 11950           Tsinan           26      10107      239                                   
1896 6 7 400 2400 11800           Tsinan           26      10086      256                                   
1896 6 8 400 2250 11700           Tsinan           26      10023      267                                   
1896 6 9 400 2100 11600           Tsinan           26                 267                                   
1896 610 400 1950 11500           Tsinan           26      10066      256                                   
1896 617 400 2433 11800           Tsinan           67      10071      289                                   
1896 618 400 2400 11800           Tsinan           10      10087      272                                   
1896 619 400 2367 11800           Tsinan           26      10074      283                                   
1896 628 400 2333 11800           Tsinan           26      10074      283                                   
1896 629 400 2300 11800           Tsinan           46      10080      267                                   
1896 630 400 2100 11700           Tsinan           46      10073      283                                   
1896 7 1 400 1900 11600           Tsinan           26      10041      283                                   
1896 7 2 400 1400 11900           Tsinan                   10052      283                                   
1896 7 3 400 1200 12100           Tsinan           26      10064      289                                   
1896 7 4 400  750 12200           Tsinan           93      10046      267                                   
1896 7 5 400  300 12400           Tsinan           26      10052      267                                   
1896 7 6 400 -100 12400           Tsinan           93      10069      267                                   
1896 7 7 300 -300 13000           Tsinan            0      10081      256                                   
1896 7 8 300 -500 13400           Tsinan           46      10088      256                                   
1896 7 9 300 -800 13700           Tsinan           93      10082      256                                   
1896 710 300-1000 14000           Tsinan           46      10089      256                                   
1896 711 200-1200 14300           Tsinan           67      10103      256                                   
1896 712 200-1500 14500           Tsinan           26      10114      239                                   
1896 713 200-1900 14700           Tsinan           26      10163      200                                   
1896 714 200-2200 15100           Tsinan           67      10187      183                                   
1896 715 200-2500 15400           Tsinan           93      10186      206                                   
1896 716 200-2800 15700           Tsinan           67      10207      172                                   
