1892 8 5   0-3450 17500           Upolu           154      10250      189                                   
1892 8 52000-3450 17500           Upolu           154      10171      178                                   
1892 8 6   0-3350 17500           Upolu           123      10133      178                                   
1892 8 61400-3275 17500           Upolu                                                                     
1892 8 62000-3200 17680           Upolu            26      10079      189                                   
1892 8 7   0-3200 17620           Upolu            26      10078      194                                   
1892 8 72100-2900 17800           Upolu            26      10139      183                                   
1892 8 92100-2650-17950           Upolu            26      10103      206                                   
1892 8102100-2525-17825           Upolu            10      10102      222                                   
1892 811   0-2400-17700           Upolu            10      10089      239                                   
1892 8112100-2100-17500           Upolu            26      10096      244                                   
1892 8122100-1900-17400           Upolu            26      10085      261                                   
1892 8132100-1700-17350           Upolu             0      10112      278                                   
1892 8142000-1400-17200           Upolu             0      10097      278                                   
1892 8152000-1400-17200           Upolu            26      10096      283                                   
1892 8162000-1400-17200           Upolu            26      10093      283                                   
1892 8172000-1400-17075           Upolu            26      10093      278                                   
1892 8182100-1400-17275           Upolu            46      10104      272                                   
1892 819   0-1600-17475           Upolu            67      10081      278                                   
1892 8192100-1800-17800           Upolu            46      10104      267                                   
1892 8192100-1800 17800           Upolu            46      10085      261                                   
1892 8202100-1800 17800           Upolu            26      10090      250                                   
1892 8212100-1800 17800           Upolu            26      10079      272                                   
1892 8222100-1900 17900           Upolu            10      10107      272                                   
1892 8242100-1900-17800           Upolu            26      10125      267                                   
1892 8252100-2100-17500           Upolu            26      10092      267                                   
1892 8262100-2375-17650           Upolu            26      10097      250                                   
1892 8272100-2700-17800           Upolu             0      10094      222                                   
1892 8272100-3000 17950           Upolu           123      10073      217                                   
1892 828   0-3100 17850           Upolu                    10027      217                                   
1892 8282100-3200 17750           Upolu            46      10031      178                                   
1892 8292100-3530 17500           Upolu            26      10078      172                                   
1893 8 72000-3000 17950           Upolu             0      10222      211                                   
1893 8 8   0-3000 17900           Upolu             0      10223      206                                   
1893 8 8 400-3000 17850           Upolu            10      10219      211                                   
1893 8 8 800-3000 17800           Upolu             0      10253      211                                   
1893 8 82000-3000 17750           Upolu            10      10270      189                                   
1893 8 9   0-3245 17700           Upolu            10      10269      189                                   
1893 8 9 400-3245 17700           Upolu            10      10278      194                                   
1893 8 9 800-3245 17700           Upolu             0      10272      189                                   
1893 8 92000-3245 17700           Upolu             0      10276      167                                   
1893 810   0-3245 17700           Upolu            26      10247      156                                   
