1893 818 600 -850  9200           Valetta          26                 261                                   
1894 1211300-3717 15813           Valetta          67                 222                                   
1894 122 200-3723 15513           Valetta          67      10098      228                                   
1894 1221400-3729 15214           Valetta          93      10150      178                                   
1894 123 200-3735 14914           Valetta          46      10133      239                                   
1894 124 200-3741 14614           Valetta                  10122      244                                   
1894 1271400-3747 14315           Valetta          67                                                       
1894 128 300-3753 14015           Valetta          93      10150      239                                   
1894 129 300-3677 13762           Valetta          46      10068      222                                   
1894 1311500-3602 13508           Valetta          26      10201      150                                   
1894 2 1 300-3526 13255           Valetta          26      10177      167                                   
1894 2 11500-3523 12948           Valetta          93                                                       
1894 2 2 400-3520 12641           Valetta          26      10202      178                                   
1894 2 21600-3521 12329           Valetta          93      10111      178                                   
1894 2 3 400-3522 12018           Valetta          67      10075      211                                   
1894 2 31600-3487 11782           Valetta          93                 156                                   
1894 2 4 400-3452 11546           Valetta          93      10190      167                                   
1894 2 7 500-2300 10226           Valetta          46      10123      250                                   
1894 2 71700-2103  9960           Valetta          67      10102      250                                   
1894 2 8 600-1906  9695           Valetta          46      10104      250                                   
1894 2 9 500-1536  9751           Valetta          67      10080      283                                   
1894 2 91800-1338  9596           Valetta                                                                   
1894 210 600-1140  9440           Valetta          46      10080      289                                   
1894 2101800 -942  9285           Valetta          67                 250                                   
1894 211 600 -744  9130           Valetta          67      10104      283                                   
1894 2111800 -538  8975           Valetta                                                                   
1894 212 600 -333  8819           Valetta          46      10118      272                                   
1894 2121800 -156  8664           Valetta                                                                   
1894 213 600   20  8509           Valetta          10      10113      283                                   
1894 214 600  196  8354           Valetta          93      10110      283                                   
1894 418 900 1220  4970           Valetta          46      10138      289                                   
1894 622 600-1709  9429           Valetta                  10083      228                                   
1895 113 700  900  6758           Valetta          46      10095      278                                   
1895 115 700  716  7830           Valetta          93      10100      283                                   
1895 1151900  616  7930           Valetta                  10115      283                                   
1895 116 700  516  8030           Valetta                                                                   
1895 1161900  416  8130           Valetta          67      10101      289                                   
1895 117 700  416  8130           Valetta          67      10092      278                                   
1895 1171800  162  8416           Valetta          10                 294                                   
1895 118 600  -91  8416           Valetta          46      10088      289                                   
1895 121 600-1118  9420           Valetta                             283                                   
1895 123 500-1811  9945           Valetta                                                                   
1895 1271600-3366 11385           Valetta         123      10194      217                                   
1895 128 400-3431 11560           Valetta         123      10203      219                                   
1895 1281600-3495 11735           Valetta          93                 256                                   
1895 129 400-3560 11910           Valetta          93                 222                                   
1895 1291600-3543 12217           Valetta          67      10124      256                                   
1895 130 400-3526 12525           Valetta          67      10134      256                                   
1895 1301500-3531 12833           Valetta          67      10099      228                                   
1895 131 300-3537 13142           Valetta          67      10118      206                                   
1895 1311500-3492 13486           Valetta          46      10095      233                                   
1895 2 1 300-3447 13831           Valetta          46      10117      283                                   
1895 2 11500-3594 13982           Valetta          67      10127      194                                   
1895 2 2 300-3741 14134           Valetta          46      10119      222                                   
1895 2 3 200-3764 14285           Valetta                  10104      261                                   
1895 2 31400-3787 14437           Valetta          67      10091      222                                   
1895 2 41400-3811 14588           Valetta          67      10143      222                                   
1895 2 5 200-3834 14740           Valetta          67      10110      239                                   
1895 2 6 200-3857 14891           Valetta          46      10169      250                                   
1895 529   0 3823    84           Valetta          93      10165      217                                   
1895 5291600 3807   187           Valetta          67      10146      233                                   
1895 5292000 3791   289           Valetta          67      10158      217                                   
1895 530   0 3775   392           Valetta          93      10186      244                                   
1895 530 400 3760   495           Valetta          67      10165      217                                   
1895 530 800 3744   597           Valetta                  10163      233                                   
1895 5301200 3728   700           Valetta          67      10167      236                                   
1895 5301500 3712   803           Valetta          93      10178      233                                   
1895 5301900 3696   905           Valetta          93      10172      239                                   
1895 5302300 3680  1008           Valetta          26      10221      256                                   
1895 531 300 3665  1111           Valetta          93      10195      239                                   
1895 531 700 3649  1213           Valetta          67      10204      244                                   
1895 5311100 3633  1316           Valetta          67      10215      239                                   
1895 5311500 3653  1368           Valetta          67      10222      250                                   
1895 5311900 3674  1420           Valetta                  10216      256                                   
1895 5312300 3694  1472           Valetta          26      10172      228                                   
1895 6 1 300 3715  1524           Valetta          26      10230      222                                   
1895 6 1 700 3735  1576           Valetta                  10201      233                                   
1895 6 11100 3756  1628           Valetta          26      10196      256                                   
1895 6 11500 3766  1659           Valetta          46      10193      244                                   
1895 6 11900 3776  1691           Valetta          26      10177      233                                   
1895 6 2 300 3786  1722           Valetta          26      10224      228                                   
1895 6 2 700 3796  1754           Valetta          26      10171      239                                   
1895 6 21100 3805  1785           Valetta          46      10172      272                                   
1895 6 21500 3815  1816           Valetta          46      10187      283                                   
1895 6 21900 3825  1848           Valetta          26      10187      244                                   
1895 6 3 300 3835  1879           Valetta          26      10197      267                                   
1895 6 3 700 3845  1911           Valetta          26      10200      228                                   
1895 6 31100 3855  1942           Valetta          26      10201      244                                   
1895 6 31500 3790  1885           Valetta          26      10199      261                                   
1895 6 31900 3729  2003           Valetta          46      10189      244                                   
1895 6 4 300 3667  2120           Valetta          26                                                       
1895 6 4 700 3606  2238           Valetta                  10177      261                                   
1895 6 41000 3545  2356           Valetta          10      10194      247                                   
1895 6 41400 3484  2474           Valetta          10      10183      256                                   
1895 6 41800 3423  2592           Valetta          46      10170      222                                   
1895 6 5 200 3361  2709           Valetta                  10160      239                                   
1895 6 5 600 3300  2827           Valetta          26      10155      256                                   
1895 6 51000 3239  2945           Valetta          46                                                       
1895 6 51400 3179  2995           Valetta          67      10137      250                                   
1895 6 51800 3119  3044           Valetta          46      10131      239                                   
1895 6 6 200 3058  3094           Valetta          10      10125      244                                   
1895 6 6 600 2998  3143           Valetta          26      10126      306                                   
1895 6 61000 2938  3193           Valetta          10                                                       
1895 6 61400 2878  3243           Valetta          26      10092      361                                   
1895 6 61800 2818  3292           Valetta          46      10109      300                                   
1895 6 7 200 2757  3342           Valetta          93                                                       
1895 6 7 600 2697  3391           Valetta                             278                                   
1895 6 71000 2637  3441           Valetta          67      10080      303                                   
1895 6 71400 2555  3499           Valetta                  10021      308                                   
1895 6 71800 2472  3557           Valetta          10      10047      289                                   
1895 6 8 200 2390  3614           Valetta          26      10054      294                                   
1895 6 8 600 2307  3672           Valetta          67      10070      289                                   
1895 6 81000 2225  3730           Valetta                  10074      303                                   
1895 6 81400 2189  3733           Valetta          67      10050      322                                   
1895 6 81700 2095  3792           Valetta          26      10052      306                                   
1895 6 82100 2001  3851           Valetta          46      10057      306                                   
1895 6 9 100 1907  3909           Valetta          46      10061      306                                   
1895 6 9 500 1813  3968           Valetta          67      10056      306                                   
1895 6 9 900 1719  4027           Valetta          93      10058      331                                   
1895 6 91300 1625  4086           Valetta          93      10035      383                                   
1895 6 91700 1531  4145           Valetta          26      10050      333                                   
1895 6 92100 1437  4203           Valetta          26      10046      311                                   
1895 610 100 1343  4262           Valetta          26                 317                                   
1895 610 900 1249  4321           Valetta          26                                                       
1895 6101300 1248  4397           Valetta          67       9995      344                                   
1895 6101700 1247  4473           Valetta                                                                   
1895 611 100 1245  4548           Valetta          93      10027      328                                   
1895 611 500 1244  4624           Valetta          46      10013      311                                   
1895 611 900 1243  4700           Valetta          67      10010      322                                   
1895 6111300 1245  4785           Valetta          46       9995      322                                   
1895 6111700 1248  4871           Valetta                   9991      322                                   
1895 6112100 1250  4956           Valetta          46      10005      314                                   
1895 612 100 1253  5042           Valetta          26       9998      300                                   
1895 612 500 1255  5127           Valetta          26      10000      289                                   
1895 612 900 1258  5213           Valetta          93      10000      289                                   
1895 6121200 1253  5297           Valetta          93       9988      283                                   
1895 6121600 1248  5381           Valetta          93      10011      294                                   
1895 6122000 1242  5465           Valetta          67      10002      289                                   
1895 6122000 1112  6230           Valetta         123      10007      297                                   
1895 613   0 1237  5550           Valetta          93      10013      300                                   
1895 613 400 1232  5634           Valetta         123      10017      289                                   
1895 613 800 1227  5718           Valetta         123      10014      283                                   
1895 613 800 1112  6230           Valetta         123      10007      297                                   
1895 6131200 1112  6230           Valetta         123      10013      278                                   
1895 6131600 1112  6230           Valetta         154      10020      289                                   
1895 6132000 1112  6230           Valetta         154      10044      283                                   
1895 614   0 1112  6230           Valetta         154      10041      306                                   
1895 614 400 1112  6230           Valetta         154      10022      267                                   
1895 614 800 1112  6230           Valetta         123      10022      308                                   
1895 6141200 1112  6230           Valetta         123      10006      272                                   
1895 6141600 1112  6230           Valetta         123      10045      278                                   
1895 6142000  941  6737           Valetta          93      10068      278                                   
1895 615   0  941  6737           Valetta          93      10032      294                                   
1895 615 400  941  6737           Valetta          93      10059      303                                   
1895 615 800  941  6737           Valetta         123      10053      300                                   
1895 6151200  941  6737           Valetta          93      10048      278                                   
1895 6151600  941  6737           Valetta         123      10075      268                                   
1895 6151900  817  7256           Valetta          67      10067      294                                   
1895 6152300  817  7256           Valetta          67      10034      289                                   
1895 616 300  817  7256           Valetta          67      10062      283                                   
1895 616 700  817  7256           Valetta          67      10058      294                                   
1895 6161100  817  7256           Valetta          67      10046      300                                   
1895 6161500  817  7256           Valetta          46      10066      289                                   
1895 6161900  765  7543           Valetta          10      10056      297                                   
1895 6162300  714  7830           Valetta          67      10070      306                                   
1895 617 300  714  7830           Valetta          93      10053      294                                   
1895 617 700  714  7830           Valetta          93      10052      289                                   
1895 6171100  714  7830           Valetta          67      10028      292                                   
1895 6171500  714  7830           Valetta          46      10065      283                                   
1895 6172300  714  7830           Valetta                             283                                   
1895 618 300  714  7830           Valetta                                                                   
1895 618 700  714  7830           Valetta                                                                   
1895 6181100  511  8042           Valetta                                                                   
1895 6181500  511  8042           Valetta                                                                   
1895 6181900  511  8042           Valetta          26      10066      283                                   
1895 6182300  511  8042           Valetta          46      10023      283                                   
1895 619 300  511  8042           Valetta          93      10081      283                                   
1895 619 700  511  8042           Valetta          67      10076      294                                   
1895 6191100  511  8042           Valetta          93      10071      294                                   
1895 6191500  316  8246           Valetta          67      10089      294                                   
1895 6191800  121  8450           Valetta          26      10097      289                                   
1895 6192200  121  8450           Valetta          93      10074      272                                   
1895 620 200  121  8450           Valetta          67      10089      278                                   
1895 620 600  121  8450           Valetta          46      10084      294                                   
1895 6201000   32  8518           Valetta          26      10076      294                                   
1895 6201400  -56  8586           Valetta          93      10088      289                                   
1895 6201800 -144  8654           Valetta                             289                                   
1895 6202200 -233  8722           Valetta          26      10100      283                                   
1895 621 200 -233  8722           Valetta          26      10092      278                                   
1895 621 600 -233  8722           Valetta          26      10100      289                                   
1895 6211000 -297  8805           Valetta          26      10076      294                                   
1895 6211400 -361  8889           Valetta          67      10096      283                                   
1895 6211800 -425  8972           Valetta          67                 289                                   
1895 6212200 -490  9055           Valetta          26      10100      289                                   
1895 622 200 -554  9139           Valetta          26      10119      289                                   
1895 622 600 -618  9222           Valetta          46      10118      289                                   
1895 6221000 -697  9247           Valetta          26      10105      294                                   
1895 6221400 -776  9272           Valetta          67      10126      289                                   
1895 6221800-1032  9330           Valetta         123      10136      264                                   
1895 6222200 -854  9298           Valetta          93      10117      283                                   
1895 623 200 -933  9323           Valetta          93      10134      289                                   
1895 623 600-1012  9348           Valetta          93      10130      294                                   
1895 6231000-1082  9379           Valetta          93      10122      283                                   
1895 6231400-1132  9428           Valetta         123      10144      271                                   
1895 6231800-1182  9477           Valetta          93      10163      258                                   
1895 6232200-1232  9527           Valetta          93      10135      256                                   
1895 624 200-1282  9576           Valetta          93      10146      272                                   
1895 624 600-1332  9625           Valetta         123      10147      256                                   
1895 6241000-1382  9674           Valetta         123      10140      261                                   
1895 6241400-1432  9723           Valetta         123      10138      264                                   
1895 6241700-1482  9772           Valetta          93      10176      250                                   
1895 6242100-1532  9822           Valetta         123      10155      256                                   
1895 625 100-1582  9871           Valetta         123      10155      256                                   
1895 625 500-1632  9920           Valetta          93      10160      256                                   
1895 625 900-1686  9968           Valetta          93      10158      261                                   
1895 6251300-1740 10017           Valetta          93      10166      258                                   
1895 6251700-1794 10065           Valetta          93      10221      228                                   
1895 6252100-1849 10113           Valetta          93      10189      244                                   
1895 626 100-1903 10162           Valetta          93      10200      239                                   
1895 626 500-1957 10210           Valetta          93      10193      253                                   
1895 626 900-2121 10261           Valetta          93      10191      239                                   
1895 6261300-2284 10313           Valetta          93      10218      228                                   
1895 6261700-2448 10364           Valetta          67      10232      200                                   
1895 6262100-2612 10416           Valetta          93      10220      228                                   
1895 627 100-2775 10467           Valetta          67      10212      211                                   
1895 627 500-2939 10519           Valetta          67      10233      226                                   
1895 627 900-2896 10584           Valetta          93      10227      211                                   
1895 6271300-2853 10649           Valetta          93      10246      206                                   
1895 6272100-2810 10714           Valetta          67      10240      200                                   
1895 628 100-2767 10779           Valetta          67      10244      200                                   
1895 628 500-2724 10844           Valetta          67      10227      211                                   
1895 827 600 -917  9131           Valetta          46      10105      278                                   
1895 927   0 5099  -135           Valetta          46      10192      217                                   
1895 9271200 5016  -237           Valetta          46      10213      233                                   
1895 9271600 4933  -339           Valetta          46      10203      228                                   
1895 9272000 4850  -441           Valetta          46      10193      228                                   
1895 928 400 4767  -542           Valetta          46      10172      211                                   
1895 928 800 4684  -644           Valetta          26                                                       
1895 9281200 4601  -746           Valetta          10      10154      244                                   
1895 9281700 4517  -778           Valetta          26      10148      256                                   
1895 9282100 4434  -810           Valetta          26      10150      239                                   
1895 929 100 4350  -842           Valetta          67      10158      225                                   
1895 929 500 4267  -875           Valetta          46      10112      256                                   
1895 929 900 4183  -907           Valetta          46      10131      222                                   
1895 9291300 4100  -939           Valetta          67      10135      225                                   
1895 9291700 4006  -897           Valetta          67      10129      250                                   
1895 9292100 3912  -856           Valetta          46      10150      222                                   
1895 930 500 3818  -814           Valetta          26      10151      222                                   
1895 930 900 3724  -773           Valetta          26      10169      231                                   
1895 9301200 3630  -731           Valetta          10      10168      262                                   
1895 9301600 3631  -634           Valetta          26      10162      272                                   
1895 9302000 3633  -536           Valetta          26      10170      250                                   
189510 1   0 3634  -439           Valetta          10      10161      250                                   
189510 1 400 3636  -342           Valetta          26      10163      244                                   
189510 1 800 3637  -244           Valetta          26      10170      250                                   
189510 11200 3639  -147           Valetta                  10171      272                                   
189510 11600 3640   -50           Valetta                  10154      272                                   
189510 12000 3642    48           Valetta          10      10163      256                                   
189510 2   0 3712   431           Valetta          46      10162      256                                   
189510 2 400 3643   145           Valetta          26      10151      250                                   
189510 2 800 3645   242           Valetta          26      10161      256                                   
189510 21200 3712   431           Valetta          46      10167      286                                   
189510 21600 3712   431           Valetta          46      10151      278                                   
189510 22000 3712   431           Valetta          26                 256                                   
189510 22300 3717  1050           Valetta          67      10140      300                                   
189510 3 400 3712   431           Valetta          26      10154      256                                   
189510 3 800 3712   431           Valetta           0      10149      256                                   
189510 31100 3717  1050           Valetta          26      10154      272                                   
189510 31500 3717  1050           Valetta          46      10137      308                                   
189510 31900 3717  1050           Valetta          46      10146      300                                   
189510 32300 3717  1050           Valetta          67      10120      278                                   
189510 4 300 3717  1050           Valetta          67      10125      289                                   
189510 41100 3717  1050           Valetta                                                                   
189510 41500 3717  1050           Valetta          93      10109      294                                   
189510 41900 3717  1050           Valetta                  10124      267                                   
189510 42300 3857  1723           Valetta          67                 256                                   
189510 5 300 3717  1050           Valetta          26      10116      261                                   
189510 5 700 3717  1050           Valetta          46      10116      278                                   
189510 51100 3857  1723           Valetta          67      10104      261                                   
189510 51500 3857  1723           Valetta          26      10092      250                                   
189510 51900 3857  1723           Valetta          46      10096      250                                   
189510 6 300 3857  1723           Valetta                  10146      211                                   
189510 6 700 3857  1723           Valetta                                                                   
189510 61100 3857  1723           Valetta          67                 244                                   
189510 62300 3913  1934           Valetta          10                 239                                   
189510 7 700 3857  1723           Valetta          26      10207      228                                   
189510 7 700 3913  1934           Valetta          10      10173      239                                   
189510 71100 3913  1934           Valetta          26      10185      231                                   
189510 71500 3913  1934           Valetta          26      10168      289                                   
189510 71900 3913  1934           Valetta          10      10173      239                                   
189510 72300 3550  1934           Valetta          26      10161      267                                   
189510 8 300 3913  1934           Valetta          26      10160      239                                   
189510 8 700 3913  1934           Valetta          67      10157      250                                   
189510 8 900 6500  4500           Valetta         226                 -39                                   
189510 81000 3550  2845           Valetta          10      10162      261                                   
189510 81400 3550  2845           Valetta          10      10149      269                                   
189510 81800 3550  2891           Valetta           0      10158      228                                   
189510 82200 3252  2937           Valetta                  10147      294                                   
189510 9 200 3550  2891           Valetta                             272                                   
189510 9 600 3550  2845           Valetta          10      10160      289                                   
189510 91000 3252  2937           Valetta          26      10163      250                                   
189510 91400 3252  2937           Valetta          46      10148      256                                   
189510 91800 3252  2937           Valetta          46      10149      278                                   
189510 92200 3252  2937           Valetta          46      10139      239                                   
18951010 200 3252  2937           Valetta                  10139      328                                   
18951010 600 3252  2937           Valetta          26      10151      278                                   
189510101000 3122  3063           Valetta          26      10137      294                                   
189510101400 2993  3188           Valetta          26      10120      344                                   
189510101800 2863  3314           Valetta          46      10133      267                                   
189510102200 2734  3440           Valetta          10      10076      289                                   
18951011 200 2734  3440           Valetta          67      10119      256                                   
18951011 600 2734  3440           Valetta          93      10113      294                                   
189510111000 2734  3440           Valetta          93      10099      294                                   
189510111400 2734  3440           Valetta          46      10079      292                                   
189510111800 2734  3440           Valetta          26      10085      294                                   
18951012 200 2734  3440           Valetta          26      10076      289                                   
18951012 600 2734  3440           Valetta          26      10097      300                                   
189510121000 2301  3700           Valetta           0      10129      314                                   
189510162000 1106  5545           Valetta          67      10062      289                                   
18951017 800 1106  5545           Valetta          26      10088      264                                   
189510171200 1106  5545           Valetta          46      10059      272                                   
189510171600 1106  5545           Valetta          46      10079      278                                   
189510172000 1010  6150           Valetta          26      10015      294                                   
18951018   0 1106  5545           Valetta          67      10044      289                                   
18951018 400 1106  5545           Valetta          67      10042      283                                   
18951018 800 1010  6150           Valetta          67      10037      292                                   
189510181200 1010  6150           Valetta          46      10007      283                                   
189510181600 1010  6150           Valetta          26      10029      294                                   
189510182000  930  6630           Valetta          93      10040      286                                   
18951019   0 1010  6150           Valetta          10      10005      283                                   
18951019 400 1010  6150           Valetta          46      10024      278                                   
18951019 800  930  6630           Valetta          67      10016      289                                   
189510191200  930  6630           Valetta          93      10002      294                                   
189510191600  930  6630           Valetta         123      10037      294                                   
189510191900  843  7132           Valetta          26      10086      281                                   
18951020   0  930  6630           Valetta          93      10030      283                                   
18951020 400  930  6630           Valetta          93      10065      300                                   
18951020 700  843  7132           Valetta          93      10072      294                                   
189510201100  843  7132           Valetta          46      10053      289                                   
189510201500  843  7132           Valetta          10      10091      278                                   
189510201900  723  7720           Valetta           0      10101      267                                   
189510202300  843  7132           Valetta          26      10063      289                                   
18951021 300  843  7132           Valetta          26      10099      289                                   
18951021 700  723  7720           Valetta          10      10091      297                                   
189510211100  723  7720           Valetta          46      10067      292                                   
189510211500  723  7720           Valetta          46      10101      272                                   
189510211900  723  7720           Valetta           0      10101      267                                   
189510212300  723  7720           Valetta          26      10088      339                                   
18951022 300  723  7720           Valetta                                                                   
18951022 700  728  7896           Valetta                                                                   
189510221100  711  7940           Valetta                                                                   
189510221500  695  7985           Valetta                                                                   
189510221900  678  8030           Valetta          67      10078      283                                   
189510222300  662  8074           Valetta                                                                   
18951023 300  645  8119           Valetta          67      10094      272                                   
18951023 700  629  8164           Valetta          46      10083      283                                   
189510231100  560  8209           Valetta          67      10061      289                                   
189510231400  490  8253           Valetta                             272                                   
189510231800  421  8298           Valetta          46                 300                                   
189510232200  352  8343           Valetta          93      10063      283                                   
18951024 200  282  8388           Valetta          93                 278                                   
18951024 600  213  8432           Valetta          93      10078      289                                   
189510241400  144  8477           Valetta          46      10091      289                                   
189510241800   75  8522           Valetta          10      10101      289                                   
189510242200    7  8567           Valetta          46      10077      278                                   
18951025 200  -62  8611           Valetta          26      10095      289                                   
18951025 600 -131  8656           Valetta          46      10094      292                                   
189510251000 -197  8716           Valetta          67      10075      272                                   
189510251400 -262  8776           Valetta          10      10103      306                                   
189510251800 -328  8835           Valetta          26      10087      283                                   
189510252200 -394  8895           Valetta          46      10083      283                                   
18951026 200 -459  8955           Valetta          67      10093      272                                   
18951026 600 -525  9015           Valetta          46      10087      286                                   
189510261000 -591  9075           Valetta          93      10055      272                                   
189510261400 -656  9135           Valetta          26      10084      278                                   
189510262200 -722  9194           Valetta          26      10071      281                                   
18951027 200 -788  9254           Valetta          46      10101      278                                   
18951027 600 -917  9131           Valetta          46      10104      284                                   
189510271000 -986  9218           Valetta          67      10076      283                                   
189510271400-1055  9305           Valetta          46                 289                                   
189510271800-1124  9392           Valetta          93      10132      261                                   
189510272200-1193  9479           Valetta                  10088      267                                   
18951028 200-1262  9566           Valetta          67                 267                                   
18951028 600-1331  9653           Valetta          67                 278                                   
189510281000-1396  9719           Valetta          67      10106      283                                   
189510281300-1462  9785           Valetta          93                 267                                   
189510281700-1527  9851           Valetta          67                 250                                   
189510282100-1593  9918           Valetta          93      10115      256                                   
18951029 100-1658  9984           Valetta          93                 256                                   
18951029 500-1724 10050           Valetta          93                 261                                   
18951029 900-1790 10097           Valetta          67                 267                                   
189510291300-1857 10145           Valetta          67      10163      256                                   
189510291700-1923 10192           Valetta          67                 206                                   
189510292100-1990 10240           Valetta          93      10163      244                                   
18951030 100-2056 10287           Valetta          67                 239                                   
18951030 500-2123 10335           Valetta          67                 237                                   
18951030 900-2189 10402           Valetta          67      10166      228                                   
189510301300-2255 10470           Valetta          67                 211                                   
189510301700-2320 10537           Valetta          93                 197                                   
189510302100-2386 10605           Valetta          67                 206                                   
18951031 100-2452 10672           Valetta          67                 211                                   
18951031 500-2518 10740           Valetta          93      10213      228                                   
189511 1 500-2846 11019           Valetta          93      10224      217                                   
189511 1 900-2926 11083           Valetta          93      10223      211                                   
189511 11300-3006 11148           Valetta          93      10229      189                                   
189511 11700-3087 11212           Valetta          93      10218      178                                   
189511 2   0-3167 11277           Valetta          67      10230      194                                   
189511 2 400-3247 11341           Valetta          46                                                       
189511 2 800-3290 11415           Valetta          67      10214      217                                   
189511 21200-3332 11490           Valetta          46      10210      193                                   
189511 21600-3374 11564           Valetta                                                                   
189511 22000-3417 11639           Valetta          67      10191      178                                   
189511 3   0-3459 11713           Valetta          67      10180      194                                   
189511 3 400-3502 11788           Valetta          26      10162      200                                   
189511 3 800-3506 11862           Valetta          46      10154      244                                   
189511 31200-3510 11936           Valetta          46      10169      239                                   
189511 31600-3513 12010           Valetta                                                                   
189511 32000-3517 12085           Valetta          67      10145      200                                   
189511 4   0-3521 12159           Valetta          67      10156      228                                   
189511 4 400-3525 12233           Valetta          67      10168      233                                   
189511 4 800-3529 12337           Valetta          67      10156      183                                   
189511 41200-3532 12441           Valetta          67      10172      172                                   
189511 41600-3536 12545           Valetta                                                                   
189511 42000-3540 12650           Valetta          93      10156      206                                   
189511 42300-3543 12754           Valetta          67      10171      206                                   
189511 5 300-3547 12858           Valetta          67      10168      228                                   
189511 5 700-3551 12962           Valetta          46      10149      228                                   
189511 51100-3554 13066           Valetta          26      10150      244                                   
189511 51900-3558 13171           Valetta          46      10119      172                                   
189511 52300-3562 13275           Valetta          10      10151      168                                   
189511 7 300-3551 13814           Valetta          46      10236      181                                   
189512131100-3913  1934           Valetta         350                                                       
