1891 4 11700-3021 15634           Victoria         46      10166      267                                   
1891 4 12200-3021 15634           Victoria         46      10217      217                                   
1891 4 12300-3021 15634           Victoria         46      10223      219                                   
1891 4 2 200-3021 15634           Victoria         26      10215      228                                   
1891 4 2 500-3021 15634           Victoria         67      10205      233                                   
1891 4 21100-3021 15634           Victoria        123      10241      222                                   
1891 4 21700-3068 15539           Victoria        123      10228      239                                   
1891 4 22200-3115 15445           Victoria         93      10256      239                                   
1891 4 22300-3163 15350           Victoria         93      10267      233                                   
1891 4 3 200-3210 15256           Victoria         93      10270      239                                   
1891 4 3 500-3210 15256           Victoria         46      10270      239                                   
1891 4 31100-3210 15256           Victoria        123      10276      244                                   
1891 4 31700-3210 15256           Victoria         93      10287      236                                   
1891 4 32300-3210 15256           Victoria          0      10330      200                                   
18931226 200-3847 15032           Victoria         26       9972      239                                   
189312261400-3834 14923           Victoria         93      10018      183                                   
18931227 200-3822 14814           Victoria         46       9994      164                                   
189312271400-3809 14705           Victoria         93      10005      139                                   
18931228 200-3797 14596           Victoria        123      10014      167                                   
189312281400-3784 14486           Victoria        154      10040      150                                   
18931229 200-3772 14377           Victoria         93      10076      178                                   
189312291400-3759 14268           Victoria         46      10105      167                                   
18931230 300-3747 14158           Victoria         67      10101      211                                   
189312301500-3734 14049           Victoria                                                                  
18931231 300-3722 13940           Victoria         67      10108      183                                   
189312311500-3699 13851           Victoria         67      10087      167                                   
1894 1 1 300-3675 13762           Victoria         26      10058      244                                   
1894 1 11500-3652 13674           Victoria         26      10050      228                                   
1894 1 2 300-3629 13585           Victoria          0      10020      306                                   
1894 1 21500-3606 13496           Victoria         93      10073      189                                   
1894 1 3 300-3582 13407           Victoria         67      10115      194                                   
1894 1 31500-3559 13319           Victoria         46      10165      161                                   
1894 1 4 300-3536 13230           Victoria         46      10184      167                                   
1894 1 41500-3527 12840           Victoria         46      10200      150                                   
1894 1 5 400-3519 12451           Victoria         67                 183                                   
1894 1 51600-3470 12102           Victoria         67      10207      167                                   
1894 1 6 400-3422 11753           Victoria        123      10161      194                                   
1894 1 61600-3373 11541           Victoria         67      10129      183                                   
1894 1 7 400-3325 11329           Victoria         67      10086      217                                   
1894 1 71700-3089 11134           Victoria         26                                                       
1894 1 8 500-2853 10940           Victoria         67      10052      217                                   
1894 1 81700-2634 10730           Victoria         67      10078      211                                   
1894 1 9 500-2416 10520           Victoria         93      10079      278                                   
1894 1 91700-2146 10560           Victoria                                                                  
1894 110 500-1934 10114           Victoria         93      10088      283                                   
1894 1101800-1722  9667           Victoria                 10084      244                                   
1894 111 600-1510  9221           Victoria         46      10077      278                                   
1894 1111800-1270  9274           Victoria         93      10078      244                                   
1894 112 600-1031  9327           Victoria                 10074      283                                   
1894 1121800 -823  9142           Victoria                 10073      267                                   
1894 113 600 -616  8957           Victoria         93                 261                                   
1894 1131800 -418  8801           Victoria         26      10073      261                                   
1894 114 600 -220  8645           Victoria                 10070      278                                   
1894 1141800   -1  8478           Victoria                 10083      261                                   
1894 115 600  219  8312           Victoria                 10080      239                                   
1894 1151900  437  8130           Victoria         26      10073      239                                   
1894 116 700  656  7948           Victoria         93      10083      267                                   
1894 1161900  668  7879           Victoria         46      10050      261                                   
1894 117 700  681  7810           Victoria                 10087      300                                   
1894 1171900  693  7742           Victoria        123      10070      244                                   
1894 118 700  706  7673           Victoria         67      10061      294                                   
1894 1181900  718  7604           Victoria         26      10074      261                                   
1894 119 700  731  7535           Victoria                                                                  
1894 1191900  794  7270           Victoria         26      10094      261                                   
1894 120 700  857  7006           Victoria                 10093      267                                   
1894 1202000  908  6717           Victoria         46                                                       
1894 121 800  959  6427           Victoria         46      10107      267                                   
1894 1212000 1004  6171           Victoria         46      10111      244                                   
1894 122 800 1049  5916           Victoria         67      10122      261                                   
1894 1222000 1096  5634           Victoria         26      10108      244                                   
1894 123 800 1143  5353           Victoria         67      10120      256                                   
1894 1232100 1192  5136           Victoria                 10112      239                                   
1894 124 900 1241  4920           Victoria         67      10099      261                                   
1894 2 91300 4520  -823           Victoria                            117                                   
1894 3 3   0 5042    59           Victoria                 10186       72                                   
1894 4 11700-2437 10421           Victoria         46      10158      206                                   
1894 4 2 500-2630 10625           Victoria        123      10154      222                                   
1894 4 21700-2823 10829           Victoria         46      10125      200                                   
1894 4 3 500-3016 11033           Victoria         26      10148      214                                   
1894 4 31600-3226 11271           Victoria                                                                  
1894 4 4 400-3436 11510           Victoria         67      10121      214                                   
1894 4 41600-3483 11681           Victoria         46      10164      200                                   
1894 4 5 400-3530 11853           Victoria         26      10153      208                                   
1894 4 51600-3524 12199           Victoria         67      10204      183                                   
1894 4 6 400-3518 12546           Victoria         67      10184      206                                   
1894 4 61500-3535 12885           Victoria                                                                  
1894 4 7 300-3552 13225           Victoria         46      10200      189                                   
1894 4 71500-3569 13374           Victoria                                                                  
1894 4 8 300-3586 13524           Victoria         26      10182      222                                   
1894 4 81500-3603 13673           Victoria                                                                  
1894 4 9 300-3620 13822           Victoria         46      10151      228                                   
1894 4 91500-3724 14121           Victoria                                                                  
1894 410 200-3829 14421           Victoria         46      10215      178                                   
1894 4101400-3813 14526           Victoria                                                                  
1894 411 200-3797 14630           Victoria                                                                  
1894 412 200-3780 14735           Victoria                 10136      206                                   
1894 4121400-3764 14839           Victoria         46                                                       
1894 413 200-3748 14944           Victoria         67      10170      178                                   
1894 414 200-3732 15049           Victoria         10      10225      233                                   
1894 520 200-3250 15600           Victoria         67                                                       
1894 521 200-3000 15500           Victoria         67                                                       
1894 522 200-2750 15400           Victoria                                                                  
1894 523 200-2500 15300           Victoria         10                                                       
1894 524 200-2250 15200           Victoria         67                                                       
1894 525 200-2000 14900           Victoria         26                                                       
1894 526 200-1811 14771           Victoria                                                                  
1894 529 200-1623 14642           Victoria         67                                                       
1894 531 200-1624 15245           Victoria         67                                                       
1894 6 1 200-1666 15538           Victoria         67      10153      289                                   
1894 6 2 100-1709 15990           Victoria         67                                                       
1894 6 3 100-1726 16202           Victoria         93                 300                                   
1894 6 4 100-1744 16590           Victoria         67      10160      294                                   
1894 6 5 100-1754 16832           Victoria         67      10149      300                                   
1894 6 6 100-1821 17152           Victoria         67      10136      294                                   
1894 6 7   0-1831 17449           Victoria         67                 294                                   
1894 6 8   0-1828 17486           Victoria         93      10152      300                                   
1894 610   0-1826 17523           Victoria         46      10159      300                                   
1894 611   0-1823 17560           Victoria         46      10129      322                                   
1894 613   0-1821 17597           Victoria         93      10125      300                                   
1894 621   0-1818 17634           Victoria         67      10181      289                                   
1894 622 100-1816 17217           Victoria         67      10161      289                                   
1894 623 100-1866 17019           Victoria         93      10187      278                                   
1894 626 100-1917 16821           Victoria         67      10163      300                                   
1894 627 100-2254 16586           Victoria         10      10184      289                                   
1894 628 100-2508 16352           Victoria         26      10213      244                                   
1894 629 100-2714 16012           Victoria         67      10213      256                                   
1894 630 200-2918 15676           Victoria         67      10298      256                                   
1894 7 1 200-3122 15341           Victoria         67      10313      239                                   
1894 9171700-2316 16528           Victoria         46      10017      222                                   
1894 9172100-2316 16568           Victoria         93      10019      228                                   
1894 918 100-2316 16608           Victoria         67      10028      233                                   
1894 918 500-2316 16648           Victoria         67      10011      256                                   
1894 9181300-2292 16685           Victoria         67                 294                                   
1894 919 100-2268 16723           Victoria                                                                  
1894 919 500-2244 16760           Victoria         46      10055      233                                   
1894 919 900-2220 16797           Victoria                 10027      322                                   
1894 9191300-2196 16835           Victoria         67      10038      294                                   
1894 9191700-2172 16872           Victoria         67      10019      306                                   
1894 9192100-2148 16910           Victoria         93      10053      261                                   
1894 920 100-2124 16947           Victoria         67      10030      256                                   
1894 920 500-2108 16998           Victoria         93      10035      267                                   
1894 920 900-2093 17048           Victoria        123      10036      300                                   
1894 9201300-2077 17099           Victoria         67      10035      289                                   
1894 9201700-2062 17150           Victoria        123       9999      322                                   
1894 9202100-2046 17200           Victoria         93      10029      283                                   
1894 921   0-2031 17251           Victoria         93      10021      289                                   
1894 921 400-2016 17298           Victoria         93      10007      289                                   
1894 921 800-2001 17345           Victoria         93      10017      311                                   
1894 9211200-1985 17392           Victoria         93      10008      328                                   
1894 9211600-1970 17439           Victoria         93       9979      339                                   
1894 9212000-1955 17486           Victoria        154      10031      267                                   
1894 922   0-1940 17533           Victoria        154      10016      272                                   
1894 922 400-1919 17577           Victoria         93       9986      294                                   
1894 922 800-1897 17622           Victoria        123       9977      344                                   
1894 9221200-1876 17666           Victoria         67      10000      289                                   
1894 9221600-1855 17711           Victoria         67       9978      300                                   
1894 9222000-1833 17755           Victoria         93       9990      289                                   
1894 923   0-1812 17800           Victoria         93       9971      300                                   
1894 923 400-1791 17844           Victoria         67       9945      311                                   
1895 1242200-2997 15098           Victoria         67      10093      283                                   
1895 125 200-3046 15148           Victoria         93      10109      267                                   
1895 125 600-3094 15198           Victoria        123      10097      283                                   
1895 1251000-3143 15249           Victoria        123                 317                                   
1895 1251400-3191 15299           Victoria         93      10093      311                                   
1895 1251800-3240 15349           Victoria         93      10081      322                                   
1895 1252200-3288 15400           Victoria         93      10120      272                                   
1895 126 200-3337 15450           Victoria         93      10130      278                                   
1895 126 600-3304 15482           Victoria         93      10130      278                                   
1895 1261000-3270 15514           Victoria         67      10139      300                                   
1895 1261400-3237 15546           Victoria         67      10131      289                                   
1895 1261800-3204 15578           Victoria         93      10127      289                                   
1895 1262200-3170 15610           Victoria         67      10140      267                                   
1895 127 200-3137 15642           Victoria         67      10140      267                                   
1895 127 600-3116 15712           Victoria         93      10127      283                                   
1895 127 900-3095 15781           Victoria         93      10131      300                                   
1895 1271300-3073 15851           Victoria                                                                  
1895 1271700-3052 15921           Victoria         67      10132      289                                   
1895 1272100-3031 15990           Victoria         67      10137      283                                   
1895 128 100-3010 16060           Victoria         67      10152      272                                   
1895 128 500-2962 16086           Victoria         93      10142      267                                   
1895 128 900-2915 16112           Victoria         67      10152      267                                   
1895 1281300-2867 16138           Victoria                                                                  
1895 1281700-2819 16165           Victoria         93      10112      322                                   
1895 1282100-2772 16191           Victoria         93      10103      289                                   
1895 129 100-2724 16217           Victoria        123      10106      289                                   
1895 129 500-2676 16243           Victoria         93      10100      283                                   
1895 129 900-2629 16269           Victoria         93      10089      311                                   
1895 1291300-2581 16296           Victoria                                                                  
1895 1291700-2533 16322           Victoria         93      10069      300                                   
1895 1292100-2486 16348           Victoria        123      10088      289                                   
1895 130 100-2438 16374           Victoria         93      10077      289                                   
1895 130 500-2390 16400           Victoria         93      10077      289                                   
1895 130 900-2343 16426           Victoria         93      10087      311                                   
1895 1301700-2368 16994           Victoria         67      10060      311                                   
1895 1302100-2346 17034           Victoria         67      10081      306                                   
1895 131 100-2324 17073           Victoria         67      10043      350                                   
1895 2 2 500-2302 17113           Victoria         67      10071      322                                   
1895 2 2 900-2280 17153           Victoria         67      10082      333                                   
1895 2 21300-2258 17193           Victoria                                                                  
1895 2 21700-2236 17233           Victoria         93      10071      322                                   
1895 2 22000-2214 17272           Victoria         93                                                       
1895 2 3   0-2192 17312           Victoria         67      10086      311                                   
1895 2 3 400-2170 17352           Victoria         67      10082      311                                   
1895 2 3 800-2148 17392           Victoria         67      10080      344                                   
1895 2 31200-2126 17432           Victoria                                                                  
1895 2 31600-2104 17471           Victoria         93      10062      367                                   
1895 2 32000-2082 17511           Victoria         67                 311                                   
1895 2 4   0-2060 17551           Victoria         67      10098      311                                   
1895 2 4 400-2038 17591           Victoria         67      10078      311                                   
1895 2 4 800-2016 17631           Victoria         67      10081      333                                   
1895 2 41600-1994 17670           Victoria         93      10057      356                                   
1895 2 42000-1972 17710           Victoria         67      10101      311                                   
1895 2 5   0-1950 17750           Victoria         67      10092      322                                   
1895 2 5 400-1948 17731           Victoria         93      10072      322                                   
1895 2 5 800-1947 17713           Victoria         93      10085      344                                   
1895 2 81200-1945 17694           Victoria                                                                  
1895 2 81600-1944 17675           Victoria         67      10024      389                                   
1895 2 82000-1942 17657           Victoria         67      10097      311                                   
1895 2 9   0-1941 17638           Victoria         67      10096      322                                   
1895 2 9 400-1983 17582           Victoria         67      10091      311                                   
1895 2 9 800-2025 17527           Victoria         46                 356                                   
1895 2 91600-2067 17471           Victoria         46      10067      356                                   
1895 2 92000-2109 17416           Victoria         67      10080      339                                   
1895 210   0-2151 17360           Victoria         46                 311                                   
1895 210 400-2193 17304           Victoria         46      10106      311                                   
1895 210 900-2298 17247           Victoria         46      10084      367                                   
1895 2101300-2336 17170           Victoria         46      10100      333                                   
1895 2101700-2374 17093           Victoria         46      10090      356                                   
1895 2102100-2412 17016           Victoria         46      10129      300                                   
1895 211 100-2450 16939           Victoria         46      10129      306                                   
1895 211 500-2488 16862           Victoria         67      10114      311                                   
1895 211 900-2526 16785           Victoria         67      10126      322                                   
1895 2111700-2564 16708           Victoria         67      10128      311                                   
1895 2112100-2602 16631           Victoria         67      10161      278                                   
1895 212 100-2640 16554           Victoria         93      10157      283                                   
1895 212 500-2680 16489           Victoria         93                                                       
1895 212 900-2720 16423           Victoria         93      10158      300                                   
1895 2121700-2759 16358           Victoria         93      10153      311                                   
1895 2122100-2799 16292           Victoria         93      10181      267                                   
1895 213 100-2839 16227           Victoria         93      10187      272                                   
1895 213 900-2893 16150           Victoria         93      10185      289                                   
1895 2131300-2948 16074           Victoria                                                                  
1895 2131700-3002 15997           Victoria         93      10150      322                                   
1895 2132100-3057 15921           Victoria         93      10200      267                                   
1895 214 100-3111 15844           Victoria         67      10212      261                                   
1895 214 500-3165 15767           Victoria         93      10196      278                                   
1895 2141000-3220 15691           Victoria         93      10182      306                                   
1895 2141400-3274 15614           Victoria                                                                  
1895 2141800-3329 15538           Victoria         93      10160      322                                   
1895 2142200-3383 15461           Victoria         93      10195      272                                   
1895 215 200-3437 15384           Victoria         93      10209      272                                   
1895 215 600-3492 15308           Victoria         93      10195      278                                   
1895 2151000-3546 15231           Victoria         93      10201      289                                   
1895 2211000-3830 15201           Victoria         67      10196      311                                   
1895 2211400-3786 15261           Victoria         93      10217      322                                   
1895 2211800-3743 15321           Victoria         93                 311                                   
1895 2212200-3700 15381           Victoria         93                 267                                   
1895 222 200-3657 15441           Victoria         67      10267      261                                   
1895 222 600-3614 15501           Victoria         67      10259      267                                   
1895 2221000-3571 15561           Victoria         93      10236      322                                   
1895 2221400-3527 15621           Victoria         67      10180      311                                   
1895 2221800-3484 15681           Victoria         93                 300                                   
1895 2222200-3441 15741           Victoria         93                 311                                   
1895 223 100-3398 15801           Victoria         93      10220      289                                   
1895 223 500-3355 15838           Victoria         93      10209      267                                   
1895 223 900-3312 15876           Victoria         93      10199      289                                   
1895 2231300-3268 15913           Victoria        123      10121      267                                   
1895 2231700-3225 15951           Victoria         93      10171      289                                   
1895 2232100-3182 15988           Victoria         93      10172      278                                   
1895 224 100-3139 16026           Victoria                 10153      272                                   
1895 224 500-3096 16063           Victoria        123                                                       
1895 224 900-3053 16101           Victoria        123      10126      267                                   
1895 2241300-3009 16138           Victoria         93      10037      317                                   
1895 2241700-2966 16176           Victoria        154      10082      267                                   
1895 2242100-2923 16213           Victoria                 10069      278                                   
1895 225 100-2880 16251           Victoria         93      10045      300                                   
1895 225 500-2837 16288           Victoria         93      10033      289                                   
1895 225 900-2794 16326           Victoria         93      10016      333                                   
1895 2251300-2750 16363           Victoria         46      10101      322                                   
1895 2251700-2707 16401           Victoria         93      10038      294                                   
1895 2252100-2664 16438           Victoria         93      10047      300                                   
1895 226 100-2621 16476           Victoria         67      10063      300                                   
1895 226 500-2578 16513           Victoria         67      10059      306                                   
1895 226 900-2535 16551           Victoria         67      10086      300                                   
1895 2261700-2491 16588           Victoria         67      10070      356                                   
1895 2262100-2448 16626           Victoria                 10126      300                                   
1895 227 100-2338 16540           Victoria         67      10129      300                                   
1895 227 500-2315 16593           Victoria          0      10089      333                                   
1895 227 900-2292 16646           Victoria         10      10086      356                                   
1895 3 11300-2269 16698           Victoria         46                                                       
1895 3 2 500-2246 16751           Victoria         46      10061      300                                   
1895 3 2 900-2222 16804           Victoria         46      10045      356                                   
1895 3 21300-2199 16857           Victoria         46      10053      344                                   
1895 3 21700-2176 16909           Victoria         46      10036      344                                   
1895 3 22100-2153 16962           Victoria         46      10055      311                                   
1895 3 3 100-2130 17015           Victoria         10      10066      322                                   
1895 3 3 500-2098 17071           Victoria         46      10066      306                                   
1895 3 3 900-2067 17128           Victoria         46      10049      367                                   
1895 3 31300-2035 17184           Victoria         93      10050      356                                   
1895 3 31700-2004 17240           Victoria         10      10010      378                                   
1895 3 32000-1972 17297           Victoria         26      10066      322                                   
1895 3 4   0-1941 17353           Victoria         46      10065      322                                   
1895 3 4 400-1936 17427           Victoria         46      10055      322                                   
1895 3 4 800-1931 17501           Victoria         67      10029      378                                   
1895 3 41600-1925 17575           Victoria         93      10048      344                                   
1895 3 42000-1920 17649           Victoria         67      10074      311                                   
1895 3 5   0-1915 17723           Victoria         67      10073      317                                   
1895 3 5 400-1910 17797           Victoria         67      10057      311                                   
1895 3 5 800-1905 17871           Victoria         67      10053      333                                   
1895 3 71200-1899 17945           Victoria         93                 350                                   
1895 3 82000-1894-17981           Victoria         93      10076      294                                   
1895 3 9   0-1889-17907           Victoria         67      10071      289                                   
1895 3 9 400-1884-17833           Victoria         67      10055      300                                   
1895 3 9 800-1879-17759           Victoria         46      10035      361                                   
1895 3 91600-1873-17685           Victoria        123      10002      356                                   
1895 3 92000-1868-17611           Victoria        154      10030      311                                   
1895 310   0-1863-17537           Victoria        154      10011      322                                   
1895 5 81400-3149 15633           Victoria                 10232      283                                   
1895 5 9 200-3149 15633           Victoria         46      10237      250                                   
1895 5 9 600-3149 15633           Victoria                 10209      278                                   
1895 5 91000-3149 15633           Victoria         67      10212      300                                   
1895 5 91800-3210 15497           Victoria                 10231      311                                   
1895 5 92200-3272 15360           Victoria          0      10275      233                                   
1895 510 200-3333 15224           Victoria         46      10279      233                                   
1895 5131000-3386 15120           Victoria         46      10196      206                                   
1895 5132200-3816 14831           Victoria         10      10155      150                                   
1895 5141000-3816 14831           Victoria         67      10160      144                                   
1895 5142200-3814 14671           Victoria         26      10220      128                                   
1895 5171400-3811 14510           Victoria        154      10065      122                                   
1895 518 600-3809 14350           Victoria         67      10143      144                                   
1895 5181100-3806 14189           Victoria         67      10112      128                                   
1895 5182300-3804 14029           Victoria        123      10117      117                                   
1895 519 200-3241 15446           Victoria         67      10200      256                                   
1895 5191100-3804 14029           Victoria         67      10255      156                                   
1895 5192300-3716 13738           Victoria         10      10307      128                                   
1895 521 100-2857 16112           Victoria         93      10219      267                                   
1895 5221100-3627 13448           Victoria         67      10258      150                                   
1895 5222300-3539 13157           Victoria         26      10213      156                                   
1895 5231100-3539 13157           Victoria         26      10235      161                                   
1895 5231600-3519 12451           Victoria         93      10214      189                                   
1895 524   0-3519 12451           Victoria         46      10251      189                                   
1895 5241200-3519 12451           Victoria         10      10233      172                                   
1895 525   0-3461 12102           Victoria         67      10184      183                                   
1895 5251200-3402 11754           Victoria         26      10180      206                                   
1895 526   0-3344 11405           Victoria         67      10135      206                                   
1895 5261200-3344 11405           Victoria         67      10144      194                                   
1895 527 100-2922 11010           Victoria         26      10165      206                                   
1895 5271300-2922 11010           Victoria         67      10195      189                                   
1895 528 100-2659 16008           Victoria         46      10231      222                                   
1895 528 100-2451 10611           Victoria         26      10189      183                                   
1895 5281300-2451 10611           Victoria         67      10190      200                                   
1895 529 100-2080 10229           Victoria         46      10105      211                                   
1895 5291300-2080 10229           Victoria         67      10176      228                                   
1895 530 100-1535  9832           Victoria         67      10142      250                                   
1895 5301300-1535  9832           Victoria         93      10134      261                                   
1895 531 200-1140  9433           Victoria         67      10102      278                                   
1895 5311400-1140  9433           Victoria         46      10097      289                                   
1895 6 1 200 -636  9037           Victoria         26      10078      278                                   
1895 9161400-3315 15124           Victoria         93      10142      222                                   
1895 917 600-3281 15176           Victoria         93      10152      200                                   
1895 9171000-3247 15228           Victoria         67      10152      222                                   
1895 9171400-3213 15280           Victoria        123      10134      267                                   
1895 9171800-3179 15332           Victoria         93      10126      233                                   
1895 9172200-3145 15384           Victoria         93      10137      222                                   
1895 918 200-3111 15436           Victoria         67      10135      217                                   
1895 918 600-3077 15488           Victoria         93      10118      233                                   
1895 9181000-3043 15540           Victoria        123      10118      256                                   
1895 9181400-3009 15592           Victoria        123      10165      256                                   
1895 9181800-2975 15644           Victoria        123      10126      261                                   
1895 9182200-2941 15696           Victoria         93      10157      217                                   
1895 919 200-2907 15748           Victoria         93      10159      222                                   
1895 919 500-2860 15799           Victoria         93      10150      233                                   
1895 919 900-2814 15851           Victoria         93      10155      244                                   
1895 9191300-2767 15902           Victoria         10      10168      267                                   
1895 9191700-2721 15954           Victoria        123      10159      256                                   
1895 9192100-2674 16005           Victoria         93      10169      233                                   
1895 920 100-2628 16057           Victoria         46      10167      261                                   
1895 920 500-2598 16117           Victoria         67      10151      278                                   
1895 920 900-2569 16177           Victoria         67      10153      267                                   
1895 9201300-2539 16237           Victoria         10      10177      261                                   
1895 9201700-2509 16297           Victoria         10      10166      267                                   
1895 9202100-2480 16357           Victoria         10      10184      233                                   
1895 921 100-2450 16417           Victoria         26      10180      256                                   
1895 921 500-2420 16477           Victoria         26      10166      261                                   
1895 921 900-2391 16537           Victoria         26      10171      250                                   
1895 9211700-2361 16597           Victoria         10      10175      267                                   
1895 9212100-2331 16657           Victoria                 10182      244                                   
1895 923 500-2302 16717           Victoria         10      10095      300                                   
189510 52100-3119 15958           Victoria         46      10205      239                                   
189510 92100-3119 15958           Victoria         46      10205      239                                   
18951010 100-3119 15958           Victoria         46      10210      233                                   
189510101800-3237 15523           Victoria                                                                  
18951011 200-3355 15088           Victoria         46      10227      244                                   
189510111800-3473 14653           Victoria         67      10170      328                                   
189510181400-3434 15117           Victoria         93      10238      261                                   
189510181800-3390 15170           Victoria         46      10264      244                                   
189510182200-3345 15223           Victoria         26      10265      256                                   
189510191000-3301 15276           Victoria         93      10241      256                                   
189510191400-3256 15329           Victoria         67      10210      278                                   
189510191800-3212 15383           Victoria         46      10213      278                                   
189510192200-3167 15436           Victoria         46      10216      278                                   
18951020 200-3123 15489           Victoria         46      10199      239                                   
18951020 600-3078 15542           Victoria         67      10210      267                                   
189510201000-3034 15595           Victoria         93      10210      267                                   
189510201400-2989 15649           Victoria         67      10194      300                                   
189510201800-2945 15702           Victoria         46      10188      294                                   
189510202100-2900 15755           Victoria         67      10207      261                                   
18951021 100-2856 15808           Victoria         67      10207      256                                   
18951021 500-2817 15861           Victoria         67      10200      256                                   
18951021 900-2777 15914           Victoria         67      10184      311                                   
189510211300-2738 15967           Victoria         67      10216      239                                   
189510211700-2699 16021           Victoria         46      10192      278                                   
189510212100-2659 16074           Victoria         10      10195      278                                   
18951022 100-2620 16127           Victoria         10      10198      278                                   
18951022 500-2581 16188           Victoria         10      10195      256                                   
18951022 900-2541 16248           Victoria         10      10206      250                                   
189510221700-2502 16309           Victoria         46      10198      256                                   
189510222100-2463 16369           Victoria                            256                                   
18951023 100-2423 16430           Victoria                 10198      250                                   
189510231700-2384 16491           Victoria         46      10175      267                                   
189510241300-2345 16551           Victoria         46      10171      311                                   
18951025 100-2305 16612           Victoria         46      10176      256                                   
18951025 500-2266 16672           Victoria         46      10177      267                                   
18951025 900-2227 16733           Victoria         46      10170      289                                   
189510251700-2187 16794           Victoria         26      10136      311                                   
189510252100-2148 16854           Victoria         26      10155      278                                   
18951026 100-2110 17026           Victoria         46      10156      289                                   
189511 1   0-1937-17837           Victoria         93      10107      333                                   
189511 1 400-1937-17837           Victoria         93      10115      283                                   
189511 1 800-1978-17759           Victoria         93      10122      306                                   
189511 11600-2020-17682           Victoria        123      10118      311                                   
189511 12000-2061-17604           Victoria        123      10153      267                                   
189511 2   0-2103-17527           Victoria        123      10140      283                                   
189511 51200-2123-17527           Victoria         67      10149      289                                   
189511 6 400-2142-17527           Victoria         67      10119      311                                   
189511 6 800-2162-17604           Victoria         67      10127      300                                   
189511 6 800-2279 17937           Victoria         67      10108      344                                   
189511 61200-2181-17680           Victoria         67      10122      294                                   
189511 61600-2201-17757           Victoria         10      10139      311                                   
189511 62000-2220-17833           Victoria         26      10138      300                                   
189511 7   0-2240-17910           Victoria         46      10134      306                                   
189511 7 400-2260-17987           Victoria         67      10128      283                                   
1896 512 200-3810 14845           Victoria         67                                                       
1896 5191400-3548 14313           Victoria         93      10205      200                                   
1896 520 700-3544 14113           Victoria         46      10175      161                                   
1896 5201100-3541 13912           Victoria        123      10195      200                                   
1896 5201500-3537 13712           Victoria                                                                  
1896 5201900-3533 13512           Victoria        123      10237      128                                   
1896 5202300-3530 13311           Victoria         93      10255      144                                   
1896 521 300-3526 13111           Victoria         67      10262      144                                   
1896 521 700-3522 12911           Victoria         67      10275      144                                   
1896 5211200-3519 12710           Victoria         46      10285      128                                   
1896 5211600-3515 12510           Victoria         93      10207      167                                   
1896 5212000-3515 12510           Victoria         10      10273      133                                   
1896 522   0-3515 12510           Victoria         26      10294      133                                   
1896 522 400-3515 12510           Victoria         46      10291      150                                   
1896 522 800-3515 12510           Victoria         67      10263      156                                   
1896 5221200-3515 12510           Victoria         93      10247      150                                   
1896 5222000-3515 12510           Victoria         93      10194      167                                   
1896 523   0-3515 12510           Victoria        123      10173      167                                   
1896 523 400-3515 12510           Victoria        123      10164      183                                   
