1811 8311200-3348 15216           Waihora          26                 233                                   
1892 814 100-3403 16709           Waihora          10      10095      167                                   
1892 815 100-3420 17246           Waihora          26      10060      172                                   
1892 8152100-3559 17118           Waihora          46      10022      144                                   
1892 819 100-3697 16990           Waihora          26      10160      117                                   
1892 8192100-3836 16862           Waihora          93      10267      111                                   
1892 8202100-3974 16734           Waihora          46      10359       89                                   
1892 8222100-4113 16606           Waihora          46      10119      122                                   
1892 8232100-4252 16478           Waihora          46      10131      139                                   
1892 8252100-4390 16350           Waihora          26      10031      139                                   
1892 827 100-4529 16222           Waihora          26       9963      128                                   
1892 828 200-4408 15571           Waihora          46       9985      111                                   
1892 829 200-4305 14919           Waihora         123       9940      111                                   
1892 831 200-4025 14740           Waihora          67      10090      128                                   
1893 3 31400-4005 14918           Waihora                  10250      178                                   
1893 3 4 600-4021 14918           Waihora                  10220      200                                   
1893 3 41000-4038 14918           Waihora                  10240      183                                   
1893 3 41400-4054 14918           Waihora                  10250      200                                   
1893 3 41800-4071 14918           Waihora                  10242      172                                   
1893 3 42200-4087 14918           Waihora                  10252      172                                   
1893 3 5 200-4104 14918           Waihora                  10255      172                                   
1893 3 5 600-4121 14918           Waihora                  10258      178                                   
1893 3 51000-4137 14918           Waihora                  10273      189                                   
1893 3 51800-4154 14918           Waihora                  10238      200                                   
1893 3 52200-4170 14918           Waihora                  10199      189                                   
1893 3 6 200-4187 14918           Waihora                  10134      194                                   
1893 3 61400-4203 14918           Waihora                  10144      117                                   
1893 3 62200-4220 14918           Waihora                  10055      167                                   
1893 3 7 200-4237 14918           Waihora                  10092      128                                   
1893 3 7 600-4253 15020           Waihora                  10106      128                                   
1893 3 71000-4270 15122           Waihora                  10136      128                                   
1893 3 71400-4286 15224           Waihora                  10128      156                                   
1893 3 71800-4303 15326           Waihora                  10148      117                                   
1893 3 72200-4319 15428           Waihora                  10151      122                                   
1893 3 8 200-4336 15530           Waihora                  10148      144                                   
1893 3 8 600-4336 15667           Waihora                  10141      161                                   
1893 3 8 900-4337 15803           Waihora                  10133      150                                   
1893 3 81300-4337 15940           Waihora                  10126      150                                   
1893 3 81700-4338 16076           Waihora                  10112      156                                   
1893 3 82100-4338 16213           Waihora                  10114      144                                   
1893 3 9 100-4338 16213           Waihora                  10111      161                                   
1893 3 9 500-4338 16213           Waihora                  10101      161                                   
1893 3 9 900-4338 16213           Waihora                  10115      156                                   
1893 3181700-3889 16816           Waihora                  10283      178                                   
1893 3182100-3859 16729           Waihora                  10271      189                                   
1893 319 100-3830 16643           Waihora                  10252      200                                   
1893 319 500-3800 16557           Waihora                  10244      206                                   
1893 319 900-3771 16470           Waihora                  10251      200                                   
1893 3191300-3741 16384           Waihora                  10250      206                                   
1893 3191700-3712 16298           Waihora                  10243      206                                   
1893 3192100-3682 16211           Waihora                  10242      211                                   
1893 320 100-3653 16125           Waihora                  10246      222                                   
1893 320 500-3630 16052           Waihora                  10243      222                                   
1893 320 900-3607 15980           Waihora                  10239      222                                   
1893 3201300-3584 15907           Waihora                  10232      222                                   
1893 3201700-3561 15835           Waihora                  10238      228                                   
1893 3202100-3538 15762           Waihora                  10227      233                                   
1893 321 200-3515 15690           Waihora                                                                   
1893 321 600-3492 15617           Waihora                  10206      256                                   
1893 3211000-3469 15545           Waihora                  10207      244                                   
1893 3211400-3446 15472           Waihora                  10193      250                                   
1893 3211800-3423 15400           Waihora                  10182      250                                   
18931210 200-4335 15003           Waihora          26      10101      178                                   
189312102200-4335 15003           Waihora          67       9897      233                                   
189312112200-4335 15003           Waihora          67       9976      183                                   
18931212 200-4335 15003           Waihora          93       9991      172                                   
18931212 600-4335 15003           Waihora          93      10006      183                                   
189312121400-4387 15579           Waihora          67      10163      117                                   
189312121700-4440 16155           Waihora          93      10065      139                                   
18931213 100-4440 16155           Waihora          93      10113      133                                   
189312131300-4520 16177           Waihora         123      10220      122                                   
18931214 100-4600 16200           Waihora          67      10201      144                                   
189312141700-4617 16620           Waihora         123      10223      111                                   
18931215 100-4617 16620           Waihora          93      10237      111                                   
189312151700-4315 16650           Waihora          46      10227       89                                   
189312162100-4013 16680           Waihora          67      10098      117                                   
18931224 100-3712 16710           Waihora          26      10083      194                                   
18931225 100-3410 16740           Waihora          10      10124      194                                   
189312251700-3388 16475           Waihora          46      10099      183                                   
18931226 100-3366 16211           Waihora          67      10024      206                                   
18931227 200-3344 15723           Waihora          67      10014      228                                   
189312271800-3322 15471           Waihora          46       9999      233                                   
18931228 200-3300 15219           Waihora         123       9931      239                                   
18931228 600-3278 14967           Waihora         154       9917      156                                   
1894 1 1 100-2954 16019           Waihora          26                 228                                   
1894 1 2 100-3186 16522           Waihora          46      10161      222                                   
1894 1 3 100-3418 17027           Waihora          67      10129      206                                   
1894 1 4 100-3650 17070           Waihora          46      10073      211                                   
1894 1 6 100-3806 17113           Waihora          67      10274      167                                   
1894 1 62100-3961 17157           Waihora          26      10275      189                                   
1894 1 72100-4117 17200           Waihora          67      10208      194                                   
1894 1 82100-4336 17243           Waihora          26      10235      167                                   
1894 1 92100-4440 16737           Waihora          93                 189                                   
1894 114 100-4545 16232           Waihora          93                 178                                   
1894 1141700-4490 15924           Waihora          93                 156                                   
1894 115 200-4436 15617           Waihora         123       9773      167                                   
1894 1151800-4380 15316           Waihora          93      10181      150                                   
1894 116 200-4325 15016           Waihora          46      10231      150                                   
1894 118 200-4301 14917           Waihora          93      10251      189                                   
1894 121 200-4277 14819           Waihora          67      10198      222                                   
1894 1212200-4253 14720           Waihora          46      10168      178                                   
1894 123 200-4410 15210           Waihora          46                 156                                   
1894 124 100-4391 15829           Waihora          26      10258      156                                   
1894 125 100-4373 16506           Waihora          26      10225      150                                   
1894 1251700-4354 16874           Waihora          26                 150                                   
1894 128 100-4336 17243           Waihora         123       9937      150                                   
1894 2 5 100-3419 17048           Waihora          93      10387      217                                   
1894 2 6 100-3386 16474           Waihora          67      10221      239                                   
1894 2 7 100-3354 15901           Waihora          67      10161      256                                   
1894 2 8 200-3357 15301           Waihora          46      10099      261                                   
1894 211 200-3410 15560           Waihora          67      10123      244                                   
1894 212 100-3470 16111           Waihora          26      10114      239                                   
1894 213 100-3412 16636           Waihora          93      10103      200                                   
1894 214 100-3416 17144           Waihora          67      10101      211                                   
1894 225   0-3450 17350           Waihora          93      10097      217                                   
1894 225 500-3419 17186           Waihora          93      10092      228                                   
1894 2251700-3388 17021           Waihora         123      10142      189                                   
1894 226 100-3357 16857           Waihora         154      10189      189                                   
1894 2261700-3352 16595           Waihora          93      10222      189                                   
1894 227 100-3348 16334           Waihora          93      10257      206                                   
1894 228 200-3348 15748           Waihora          46      10255      217                                   
1894 3 1 200-3348 15216           Waihora          26      10198      233                                   
1894 3 4 200-3430 15430           Waihora          93      10211      239                                   
1894 3 5 100-3348 15822           Waihora         123      10239      228                                   
1894 3 6 100-3410 16310           Waihora          67      10280      211                                   
1894 3 7 100-3415 16755           Waihora          46      10276      211                                   
1894 3 8   0-3421 17254           Waihora          26      10242      217                                   
1894 310 100-3580 17097           Waihora          26      10219      222                                   
1894 311 100-3740 16939           Waihora          46      10143      200                                   
1894 312 100-3899 16782           Waihora          93      10273      139                                   
1894 313 100-4058 16625           Waihora          26      10296      150                                   
1894 314 100-4217 16468           Waihora          26      10234      144                                   
1894 3151300-4377 16310           Waihora                                                                   
1894 317 100-4536 16153           Waihora         123      10211      117                                   
1894 318 200-4423 15534           Waihora          93                 139                                   
1894 319 200-4323 14858           Waihora          26      10339      111                                   
1894 320 300-4223 14182           Waihora          46      10342      183                                   
1894 321 300-4123 13506           Waihora          93      10170      200                                   
1894 327   0-3570 17417           Waihora          93      10344      139                                   
1894 331 200-4334 15013           Waihora          46      10335      133                                   
1894 4 1 200-4422 15613           Waihora          67      10312      117                                   
1894 4 2 100-4529 16115           Waihora          93      10269      117                                   
1894 4 3 100-4622 16650           Waihora          67      10283      117                                   
1894 413 100-3420 17227           Waihora          26      10246      194                                   
1894 414 100-3410 16649           Waihora          10      10247      206                                   
1894 4141700-3378 16399           Waihora          46      10266      211                                   
1894 415 100-3347 16150           Waihora          46      10276      233                                   
1894 416 100-3349 15886           Waihora          67      10212      228                                   
1894 4161800-3350 15622           Waihora                  10144      233                                   
1894 420 200-3352 15358           Waihora          93      10152      228                                   
1894 4201000-3385 15605           Waihora         123      10132      228                                   
1894 421 100-3417 15853           Waihora          67      10079      206                                   
1894 422 100-3450 16354           Waihora          46      10081      211                                   
1894 423 100-3415 16904           Waihora          46      10165      211                                   
1894 6 21000-3861-14657           Waihora          26      10194      183                                   
1894 6 31000-3835-14916           Waihora          26      10179      189                                   
1894 6 41000-3810-15176           Waihora          26      10191      178                                   
1894 6 51000-3784-15435           Waihora          93      10234      161                                   
1894 6 61000-3759-15695           Waihora         154      10283      128                                   
1894 6 71100-3733-15954           Waihora         123      10229      128                                   
1894 6 82300-3708-16214           Waihora          26      10194      133                                   
1894 6 91100-3682-16473           Waihora          26      10055      139                                   
1894 6111100-3657-16733           Waihora          67      10065       94                                   
1894 6121900-3631-16992           Waihora          46      10067      100                                   
1894 6161200-3606-17252           Waihora          46      10209      100                                   
1894 6162000-3580-17511           Waihora          26      10167      106                                   
1894 617   0-3529 17969           Waihora          93      10142      111                                   
1894 6171200-3504 17710           Waihora          93      10167      122                                   
1894 6171600-3555-17771           Waihora          67      10164      106                                   
1894 6181200-3478 17450           Waihora          46      10187      122                                   
1894 6201300-3453 17191           Waihora          26      10232      139                                   
1894 6211300-3427 16931           Waihora          67      10230      144                                   
1894 6221300-3402 16672           Waihora          26      10284      144                                   
1894 6231300-3376 16412           Waihora          46                 194                                   
1894 624 100-3351 16153           Waihora          26      10228      178                                   
1894 6241300-3345 15893           Waihora          67      10101      167                                   
1894 625 200-3339 15634           Waihora          46      10141      189                                   
1894 626 200-3348 15236           Waihora         123      10074      167                                   
1894 6261400-3357 14838           Waihora          46                 156                                   
1894 6271400-3366 14440           Waihora          46      10283      150                                   
1894 6281500-3375 14042           Waihora          26      10334      128                                   
1894 6291500-3384 13644           Waihora          26      10259      133                                   
1894 7281200-4758 17790           Waihora          46      10076       89                                   
1894 7291300-4652 17110           Waihora          67      10062      106                                   
1894 7301300-4546 16430           Waihora          10      10095      106                                   
1894 7311300-4440 15750           Waihora          26      10092      117                                   
1894 8 11300-4440 15750           Waihora          26      10102      117                                   
1894 8 12200-4330 15019           Waihora          26      10166      111                                   
1894 8 21400-4338 15039           Waihora          26      10297      117                                   
1894 8 31400-4345 15059           Waihora          26      10297      122                                   
1894 8 4 200-4353 15079           Waihora          26      10261      133                                   
1894 8 41400-4360 15099           Waihora          26      10195      122                                   
1894 8 61400-4368 15119           Waihora          26      10247      117                                   
1894 8 71400-4376 15140           Waihora          67      10146      117                                   
1894 8 8 200-4383 15160           Waihora          26      10209      122                                   
1894 8 81400-4391 15180           Waihora          67      10146      117                                   
1894 8 82200-4398 15200           Waihora          67      10111      106                                   
1894 8 91400-4406 15220           Waihora          67      10007      139                                   
1894 810 100-4515 15846           Waihora          93       9946      128                                   
1894 8101300-4612 16525           Waihora          93       9921      122                                   
1894 811 100-4512 16500           Waihora          93       9920      122                                   
1894 8111300-4543 16514           Waihora          46       9959      111                                   
1894 8112100-4574 16528           Waihora          67      10027      133                                   
1894 8121300-4605 16542           Waihora          26      10059      100                                   
1894 8122100-4636 16556           Waihora          46      10061      111                                   
1894 8131300-4536 16569           Waihora          26      10117       94                                   
1894 8141300-4436 16583           Waihora          26       9982      111                                   
1894 8151300-4336 16597           Waihora          26       9924       83                                   
1894 8161300-4072 16611           Waihora          67       9936       83                                   
1894 8171300-3809 16625           Waihora          67      10075      122                                   
1894 818 100-4001 17159           Waihora          67       9980      117                                   
1894 8181300-3626 16034           Waihora          67      10274      117                                   
1894 8191400-3453 15448           Waihora          26      10320      133                                   
1894 8201400-3453 15448           Waihora          46      10377      194                                   
1894 821 200-3400 15114           Waihora          67      10295      178                                   
1894 8211400-3347 14780           Waihora          46                 194                                   
189412191400-3357 15211           Waihora          93                 200                                   
189412192200-3356 15362           Waihora          93      10251      178                                   
18941220 200-3355 15513           Waihora          93      10237      200                                   
189412201000-3354 15664           Waihora          67      10238      194                                   
189412201300-3352 15815           Waihora          67      10239      189                                   
189412202100-3351 15966           Waihora          67      10237      200                                   
18941221 100-3350 16117           Waihora          67      10241      200                                   
18941221 900-3366 16273           Waihora          67      10248      194                                   
189412211300-3382 16428           Waihora          67      10225      194                                   
189412212100-3398 16584           Waihora          46      10248      200                                   
18941222 100-3414 16740           Waihora          46      10255      200                                   
18941222 900-3414 16837           Waihora          46      10257      206                                   
189412221300-3414 16934           Waihora          67      10261      200                                   
189412222100-3414 17030           Waihora          67      10264      206                                   
18941223 100-3468 17127           Waihora          67      10280      211                                   
18941223 900-3523 17224           Waihora          67      10283      200                                   
189412231200-3577 17321           Waihora          46      10300      200                                   
189412231600-3631 17417           Waihora          46      10287      200                                   
18941225 400-3686 17514           Waihora          26      10282      211                                   
189412251200-3740 17611           Waihora          26      10284      206                                   
189412252000-3790 17622           Waihora          26      10238      217                                   
18941226   0-3839 17632           Waihora          10      10214      222                                   
189412261200-3872 17643           Waihora          46      10254      189                                   
189412261600-3905 17654           Waihora          67      10270      194                                   
18941227 400-3938 17633           Waihora          46      10323      183                                   
189412271200-4018 17613           Waihora          46      10345      178                                   
189412272000-4097 17514           Waihora          26      10326      172                                   
18941228 800-4177 17416           Waihora          10      10284      189                                   
189412281200-4256 17416           Waihora          10      10271      167                                   
189412282100-4336 17248           Waihora          26      10266      161                                   
18941229 900-4416 17080           Waihora          10      10224      194                                   
1895 114 100-4626 16633           Waihora          46      10166      189                                   
1895 1141400-2815 15418           Waihora                                                                   
1895 1201200-3917 17753           Waihora          26      10220      194                                   
1895 121   0-3828 17682           Waihora          67      10279      178                                   
1895 121 800-3740 17611           Waihora          93      10302      139                                   
1895 1212000-3676 17520           Waihora          67      10302      211                                   
1895 123   0-3612 17428           Waihora          10      10342      256                                   
1895 123 800-3548 17337           Waihora          46      10361      217                                   
1895 1232100-3484 17245           Waihora          93      10346      222                                   
1895 124 100-3420 17154           Waihora          67      10344      233                                   
1895 124 900-3420 16941           Waihora          93      10326      239                                   
1895 1242100-3420 16728           Waihora          93      10311      228                                   
1895 125 100-3420 16515           Waihora          93      10295      222                                   
1895 125 900-3399 16292           Waihora          67      10270      250                                   
1895 1252100-3378 16069           Waihora          67      10225      233                                   
1895 126 100-3357 15846           Waihora          67      10213      244                                   
1895 1261000-3357 15642           Waihora          93      10185      250                                   
1895 1262200-3357 15439           Waihora          67      10137      256                                   
1895 127 200-3340 15235           Waihora          93      10158      233                                   
1895 127 600-3323 15031           Waihora         190      10173      222                                   
1895 128 200-3306 14828           Waihora          93      10227      217                                   
1895 129 200-3289 14624           Waihora          26      10220      222                                   
1895 1301000-3352 15440           Waihora         123      10242      233                                   
1895 1302200-3352 15440           Waihora         190      10232      189                                   
1895 131 200-3352 15440           Waihora         226      10215      194                                   
1895 1311000-3352 15440           Waihora         226      10216      189                                   
1895 1312200-3354 15643           Waihora         226      10162      189                                   
1895 2 1 100-3356 15847           Waihora         226      10116      178                                   
1895 2 1 900-3369 15883           Waihora         268       9997      183                                   
1895 2 11300-3382 15919           Waihora         268       9946      189                                   
1895 2 11700-3394 15954           Waihora         226       9941      222                                   
1895 2 12100-3407 15990           Waihora         226       9959      217                                   
1895 2 2 100-3420 16026           Waihora         190       9985      222                                   
1895 2 2 900-3417 16026           Waihora         154      10056      222                                   
1895 2 22100-3413 16241           Waihora          93      10108      233                                   
1895 2 3 100-3410 16456           Waihora          67      10119      244                                   
1895 2 3 900-3411 16456           Waihora          46      10130      222                                   
1895 2 32100-3411 16743           Waihora          46      10142      228                                   
1895 2 4 100-3412 17030           Waihora          67      10141      233                                   
1895 2 8 800-4208 17418           Waihora          26      10343      178                                   
1895 2 92000-4546 17470           Waihora          46      10218      139                                   
1895 211 900-4546 17239           Waihora          67                 150                                   
1895 2112100-4547 17009           Waihora         190                 122                                   
1895 212 900-4547 16779           Waihora          93                 122                                   
1895 2122100-4548 16548           Waihora          46                 122                                   
1895 213 100-4548 16318           Waihora          46                 144                                   
1895 213 900-4506 16088           Waihora          26                 156                                   
1895 2132100-4463 15857           Waihora          26                 156                                   
1895 214 200-4421 15627           Waihora          26                 178                                   
1895 2141000-4391 15397           Waihora          26                 183                                   
1895 2142200-4361 15166           Waihora          67                 178                                   
1895 215 200-4331 14936           Waihora          93                 200                                   
1895 2151000-4340 14977           Waihora          46                 200                                   
1895 2161000-4350 15017           Waihora          93                 189                                   
1895 2201000-4359 15058           Waihora          93                 167                                   
1895 2202200-4369 15099           Waihora          93                 167                                   
1895 221 200-4378 15139           Waihora          67                 178                                   
1895 2211000-4388 15180           Waihora          26                 156                                   
1895 2211800-4397 15221           Waihora          46                 144                                   
1895 2221000-4407 15262           Waihora          67                 178                                   
1895 2222200-4416 15302           Waihora          67                 183                                   
1895 223 200-4426 15343           Waihora          93                 189                                   
1895 2231000-4463 15576           Waihora          46                 167                                   
1895 2232100-4500 15810           Waihora          46                 167                                   
1895 224 100-4537 16043           Waihora                             167                                   
1895 2251800-3401-15415           Waihora          46                 156                                   
1895 227 600-3402-15640           Waihora          93                 161                                   
1895 2271700-3403-15865           Waihora          26                 150                                   
1895 3 11900-3404-16090           Waihora          10                 161                                   
1895 3 2 700-3405-16315           Waihora          26                 139                                   
1895 3 21900-3406-16540           Waihora          67                 178                                   
1895 3 3 700-3407-16765           Waihora                             200                                   
1895 3 31900-3408-16990           Waihora          26                 222                                   
1895 3 32300-3409-17215           Waihora          26                 222                                   
1895 3 42000-3410-17440           Waihora                             194                                   
1895 3 42000-3413 17885           Waihora          10                 178                                   
1895 3 5   0-3411-17665           Waihora          67                 211                                   
1895 3 5 800-3412-17890           Waihora          93                 194                                   
1895 3 6 800-3414 17660           Waihora          46                 211                                   
1895 3 62000-3415 17435           Waihora          67                 222                                   
1895 3 7 100-3416 17210           Waihora          46                 233                                   
1895 3 7 900-3417 16985           Waihora          46                 222                                   
1895 3 72100-3418 16760           Waihora          10                 222                                   
1895 3 8 100-3419 16535           Waihora          10                 222                                   
1895 3 8 900-3413 16333           Waihora          26                 222                                   
1895 3 82100-3408 16132           Waihora          46                 217                                   
1895 3 9 100-3402 15930           Waihora          67                 233                                   
1895 3 91000-3383 15721           Waihora          46                 233                                   
1895 3 92200-3365 15512           Waihora          46                 233                                   
1895 310 200-3346 15303           Waihora          10                 244                                   
1895 310 900-3327 15094           Waihora          26                 239                                   
1895 311 200-3309 14885           Waihora          26                 244                                   
1895 312 200-3290 14676           Waihora          46                 244                                   
1895 513 100-4402 15754           Waihora          26                 133                                   
1895 5272000-4176 17939           Waihora                                                                   
1895 528 800-4223-17881           Waihora          26      10002      100                                   
1895 528 800-4130 17760           Waihora          26      10064      128                                   
1895 5281900-4083 17580           Waihora                  10115      122                                   
1895 529 800-4036 17400           Waihora          46      10197      133                                   
1895 5292100-3990 17221           Waihora          67      10236      139                                   
1895 530 100-3943 17041           Waihora          46                 150                                   
1895 530 900-3896 16861           Waihora          67      10221      144                                   
1895 5302100-3850 16682           Waihora          10      10179      150                                   
1895 531 100-3803 16502           Waihora          26                 156                                   
1895 531 900-3741 16311           Waihora          46      10155      167                                   
1895 5312100-3680 16121           Waihora          26                                                       
1895 6 1 100-3618 15930           Waihora          46                                                       
1895 6 1 900-3557 15760           Waihora          26                                                       
1895 6 12200-3495 15591           Waihora          26      10145      172                                   
1895 6 2 200-3434 15421           Waihora          67                 178                                   
1895 6 21000-3436 15423           Waihora          93      10122      189                                   
1895 6 21600-3439 15425           Waihora         190      10117      156                                   
1895 6 21800-3441 15427           Waihora                  10127      139                                   
1895 6 31800-3443 15428           Waihora                                                                   
1895 6 32100-3445 15430           Waihora          93                                                       
1895 6 62200-3448 15432           Waihora          26                                                       
1895 6 7 200-3450 15434           Waihora                             194                                   
1895 6 71000-3510 15601           Waihora                  10217      189                                   
1895 6 72100-3569 15767           Waihora                  10199      178                                   
1895 6 8 100-3629 15934           Waihora                  10190      194                                   
1895 6 8 900-3690 16107           Waihora                  10187      178                                   
1895 6 82100-3750 16281           Waihora                  10173      161                                   
1895 6 9 100-3811 16454           Waihora          26      10168      172                                   
1895 6 9 900-3872 16627           Waihora          46      10156      167                                   
1895 610 100-5382 17028           Waihora          46      10162      156                                   
1895 622 100-4514 16054           Waihora                              89                                   
1895 622 900-4452 15888           Waihora          67      10036      111                                   
1895 6222200-4390 15721           Waihora          93      10088      100                                   
1895 623 200-4328 15555           Waihora         123                                                       
1895 6231000-4266 15389           Waihora          93      10137      100                                   
1895 6232200-4204 15223           Waihora          46                                                       
1895 6241000-4142 15056           Waihora          26      10179       89                                   
1895 6242200-4080 14890           Waihora                  10152      100                                   
1895 625 200-4018 14724           Waihora          46      10132      117                                   
1895 6251000-3956 14558           Waihora          93                                                       
1895 6291000-3894 14391           Waihora          46      10016      100                                   
1895 6292300-3832 14225           Waihora         226       9990      111                                   
1895 630 300-3770 14059           Waihora         154       9949      106                                   
1895 6301100-3708 13893           Waihora         123      10019       67                                   
1896 4222200-3344 15337           Waihora         123      10041      222                                   
1896 423 200-3343 15513           Waihora          26      10065      222                                   
1896 423 600-3342 15689           Waihora          46      10026      211                                   
1896 4232100-3340 15864           Waihora          46      10090      211                                   
1896 424 100-3339 16040           Waihora          26      10104      211                                   
1896 424 500-3360 16230           Waihora          26      10105      206                                   
1896 4242100-3382 16419           Waihora          26      10129      183                                   
1896 425 100-3403 16609           Waihora          26      10125      211                                   
1896 425 500-3408 16789           Waihora          46      10126      206                                   
1896 4252100-3412 16970           Waihora          46      10131      211                                   
1896 426 100-3417 17150           Waihora          46      10132      211                                   
1896 426 400-3422 17330           Waihora          46      10121      194                                   
1896 4262000-3426 17511           Waihora          67      10055      144                                   
1896 428   0-3431 17691           Waihora          93      10082      167                                   
1896 428 400-3436 17871           Waihora          67      10072      167                                   
1896 4292000-3440-17948           Waihora         190      10038      167                                   
1896 430   0-3445-17768           Waihora          93      10049      139                                   
1896 430 400-3450-17588           Waihora          67      10085      128                                   
1896 4302000-3454-17407           Waihora          46      10129      144                                   
1896 5 1 300-3459-17227           Waihora          67      10062      167                                   
1896 5 11900-3464-17047           Waihora          46       9961      144                                   
1896 5 2 300-3468-16866           Waihora          26       9965      178                                   
1896 5 21900-3473-16686           Waihora          46       9940      128                                   
1896 5 31900-3478-16506           Waihora          26       9996       94                                   
1896 5 7 300-3482-16325           Waihora          46      10055      144                                   
1896 5 71900-3487-16145           Waihora          26      10094      117                                   
1896 5 81900-3492-15965           Waihora         123      10047       94                                   
1896 5 82300-3496-15784           Waihora          67      10053      100                                   
1896 510 200-3501-15604           Waihora          93      10128      117                                   
1896 5102200-3506-15424           Waihora          93      10217      128                                   
1896 511 200-3510-15243           Waihora          93      10219      133                                   
1896 511 400-3434 17986           Waihora         190      10218      161                                   
1896 5112000-3441-17633           Waihora                                                                   
1896 512   0-3438-17823           Waihora         226      10233      167                                   
1896 513   0-3431 17796           Waihora         123       9996      178                                   
1896 513 400-3428 17606           Waihora         154                 189                                   
1896 5132000-3424 17415           Waihora         190      10003      172                                   
1896 514 100-3421 17225           Waihora         190      10027      172                                   
1896 514 500-3418 17035           Waihora         123      10071      172                                   
1896 5142100-3414 16844           Waihora          93      10105      167                                   
1896 515 100-3411 16654           Waihora         123      10111      172                                   
1896 515 500-3402 16448           Waihora         123      10117      178                                   
1896 5152100-3392 16242           Waihora          93      10202      172                                   
1896 516 100-3383 16036           Waihora          93      10205      172                                   
1896 516 500-3374 15830           Waihora          93      10204      178                                   
1896 5162200-3364 15624           Waihora          26                 167                                   
1896 517 200-3355 15418           Waihora          26      10224      178                                   
1896 517 600-3353 15427           Waihora          26      10203      206                                   
1896 5202200-3352 15436           Waihora          93      10098      183                                   
1896 521 200-3350 15445           Waihora          93      10104      189                                   
1896 521 600-3352 15609           Waihora          93      10100      194                                   
1896 5212100-3355 15772           Waihora          93      10114      194                                   
1896 522 100-3357 15936           Waihora          93      10133      200                                   
1896 522 500-3357 16127           Waihora          93      10126      200                                   
1896 5222100-3358 16318           Waihora          67      10114      194                                   
1896 523 100-3358 16509           Waihora          67                 200                                   
1896 523 500-3376 16687           Waihora          67      10106      200                                   
1896 5232100-3394 16864           Waihora         123      10074      189                                   
1896 524 100-3412 17042           Waihora         190      10087      194                                   
1896 5242100-3430 17220           Waihora          26      10084      172                                   
1896 525   0-3448 17397           Waihora          26      10043      178                                   
1896 526 100-3684 16897           Waihora          67      10038      139                                   
1896 526 500-3784 16914           Waihora         123      10040      150                                   
1896 5262100-3885 16931           Waihora          93      10148      117                                   
1896 527 100-3985 16948           Waihora          10      10155      122                                   
1896 528 100-4085 16965           Waihora          67      10135      144                                   
1896 528 500-4186 16982           Waihora          46      10122      144                                   
1896 529 500-4286 16999           Waihora          46      10140      144                                   
1896 5292100-4386 17016           Waihora           0      10152      100                                   
1896 530 500-4487 17033           Waihora          10      10161      133                                   
1896 5302100-4587 17050           Waihora          26      10132      111                                   
1896 6 42100-4379 17067           Waihora          67      10156      117                                   
1896 6 5 500-4172 17084           Waihora          67      10162      111                                   
1896 6 52100-3964 17101           Waihora          26      10148      100                                   
1896 6 6 500-3884 17118           Waihora          26      10134      100                                   
1896 6 7 100-3803 17135           Waihora          46      10086      139                                   
1896 6 7 500-3723 17152           Waihora          46      10072      161                                   
1896 6 72100-3643 17169           Waihora         123      10025      133                                   
1896 6 8 100-3569 17186           Waihora          93      10017      133                                   
1896 6 92100-3494 17203           Waihora          10      10360      139                                   
1896 610 100-3420 17220           Waihora          26      10169      150                                   
1896 610 500-3417 17018           Waihora          46      10171      156                                   
1896 6102100-3415 16816           Waihora          46      10211      139                                   
1896 611 100-3412 16614           Waihora          67      10218      156                                   
1896 611 500-3411 16395           Waihora          67      10192      172                                   
1896 6112100-3409 16176           Waihora         226      10066      178                                   
1896 612 100-3408 15957           Waihora          67      10058      189                                   
1896 612 500-3410 15757           Waihora          93      10040      194                                   
1896 6122200-3412 15558           Waihora          93      10001      161                                   
1896 613 200-3414 15358           Waihora         123       9978      161                                   
1896 613 600-3416 15158           Waihora          46       9952      156                                   
