1804 3 31400-3435 15231           Wakatipu         67      10189      211                                   
1804 3 31800-3457 15301           Wakatipu         67      10171      217                                   
1804 3 32200-3478 15371           Wakatipu         67      10169      233                                   
1804 3 4 200-3500 15440           Wakatipu         67      10167      244                                   
1804 3 4 600-3522 15509           Wakatipu         67      10167      244                                   
1804 3 41000-3543 15579           Wakatipu         67      10179      217                                   
1804 3 41400-3565 15649           Wakatipu                                                                  
1804 3 41800-3587 15718           Wakatipu         67      10201      189                                   
1804 3 42100-3608 15787           Wakatipu         67      10209      200                                   
1804 3 5 100-3630 15857           Wakatipu         46      10220      217                                   
1804 3 5 500-3649 15938           Wakatipu         46      10231      211                                   
1804 3 5 900-3668 16019           Wakatipu         46      10245      189                                   
1804 3 51300-3687 16100           Wakatipu         46                 172                                   
1804 3 51700-3707 16182           Wakatipu         46      10243      167                                   
1804 3 52100-3726 16263           Wakatipu         46      10243      206                                   
1804 3 6 100-3745 16344           Wakatipu         46                                                       
1804 3 6 500-3745 16344           Wakatipu         46                 217                                   
1804 3 61300-3806 16393           Wakatipu         46                                                       
1804 3 61700-3867 16442           Wakatipu         46      10241      167                                   
1804 3 62100-3929 16491           Wakatipu         46                 172                                   
1804 3 7 100-3990 16540           Wakatipu         46      10237      178                                   
1804 3 7 500-4000 16702           Wakatipu         46                 178                                   
1804 3 7 900-4010 16864           Wakatipu         46                 167                                   
1804 3 71700-4021 17026           Wakatipu         67      10187      156                                   
1804 3 72100-4031 17188           Wakatipu         67      10181      167                                   
1804 3 8   0-4041 17350           Wakatipu         46      10173      178                                   
1892 8 22200-3324 14957           Wakatipu         93                 144                                   
1892 8 4 200-3425 15336           Wakatipu        123      10157      139                                   
1892 8 5 200-3526 15715           Wakatipu        123      10096      144                                   
1892 8 52100-3584 15880           Wakatipu        154      10034      139                                   
1892 8 6 100-3642 16046           Wakatipu        154      10016      144                                   
1892 8 62100-3721 16249           Wakatipu        154       9966      144                                   
1892 8 7 100-3800 16451           Wakatipu        154       9978      117                                   
1892 8 8 100-3907 16850           Wakatipu         93      10063      122                                   
1892 8 9   0-4029 17330           Wakatipu         46      10092      133                                   
1892 810   0-4192 17259           Wakatipu         67      10055      144                                   
1892 811 100-4356 17188           Wakatipu          0      10078      156                                   
1892 812 100-4519 17117           Wakatipu         46      10059      139                                   
1892 813 100-4682 17046           Wakatipu         93      10029      106                                   
1892 814 100-4846 16975           Wakatipu         46      10091      106                                   
1892 815 100-5009 16904           Wakatipu          0      10118       94                                   
1892 816 100-4536 17049           Wakatipu        154      10090       94                                   
1892 817 100-4423 17115           Wakatipu          0      10063      111                                   
1892 818 100-4336 17225           Wakatipu        154      10114      100                                   
1892 819   0-4336 17336           Wakatipu        226      10229       83                                   
1892 820   0-4117 17446           Wakatipu         93      10313       89                                   
1892 821 100-3956 17116           Wakatipu        123      10287      117                                   
1892 822 100-3807 16553           Wakatipu        154      10088      128                                   
1892 823 100-3642 16052           Wakatipu         26      10041      161                                   
1892 824 200-3520 15634           Wakatipu         93       9996      178                                   
1892 825 200-3410 15241           Wakatipu        123      10050      194                                   
1892 8251000-3349 14848           Wakatipu                                                                  
1893 3161400 6038 15283           Wakatipu         46      10255      200                                   
1893 3162200 4831 15361           Wakatipu         67      10235      256                                   
1893 317 200 3623 15439           Wakatipu         67      10222      267                                   
1893 317 600 2415 15517           Wakatipu         67      10226      206                                   
1893 3171000 1208 15595           Wakatipu         46      10216      200                                   
1893 3171400    0 15672           Wakatipu         26      10181      194                                   
1893 3171700-1208 15750           Wakatipu         46      10193      200                                   
1893 3172100-2415 15828           Wakatipu         46      10200      194                                   
1893 318 100-3623 15906           Wakatipu         46      10213      200                                   
1893 318 500-3645 15979           Wakatipu         26      10194      194                                   
1893 318 900-3667 16053           Wakatipu         46      10198      189                                   
1893 3181300-3690 16126           Wakatipu         46      10223      161                                   
1893 3181700-3712 16199           Wakatipu         26      10201      194                                   
1893 3182100-3734 16273           Wakatipu         46      10210      200                                   
1893 319 100-3756 16346           Wakatipu         46      10207      222                                   
1893 319 500-3783 16431           Wakatipu         26      10214      222                                   
1893 319 900-3810 16516           Wakatipu         46      10230      167                                   
1893 3191300-3837 16600           Wakatipu         46      10211      161                                   
1893 3191700-3864 16685           Wakatipu         26      10225      178                                   
1893 3192100-3891 16770           Wakatipu         26      10224      189                                   
1893 320 100-3918 16855           Wakatipu         10      10209      217                                   
1893 320 500-3938 16952           Wakatipu         46      10203      233                                   
1893 320 900-3959 17050           Wakatipu         46      10215      167                                   
1893 3201300-3979 17147           Wakatipu         67      10144      167                                   
1893 3201700-3999 17245           Wakatipu         46      10208      150                                   
1893 3202000-4020 17342           Wakatipu         46      10175      167                                   
1893 321   0-4040 17440           Wakatipu         26      10149      222                                   
1893 321 400-4060 17537           Wakatipu         26      10153      200                                   
1893 321 800-4081 17635           Wakatipu         67      10152      167                                   
1893 3211600-4101 17732           Wakatipu         67      10145      167                                   
1893 3212000-4121 17830           Wakatipu         46      10140      178                                   
1893 322   0-4142 17927           Wakatipu         93      10196      144                                   
1893 8171300-3953 17126           Wakatipu         67      10273      122                                   
1893 818 100-3953 17126           Wakatipu         93                 128                                   
1893 818 500-3953 17126           Wakatipu         93      10270      117                                   
1893 818 900-3953 17126           Wakatipu         67      10278      128                                   
1893 8181700-3953 17126           Wakatipu         67      10289      122                                   
1893 8182100-3953 17126           Wakatipu         67      10296      144                                   
1893 819 100-3830 16707           Wakatipu         67      10294      150                                   
1893 819 500-3830 16611           Wakatipu         67      10295      144                                   
1893 819 900-3830 16514           Wakatipu         46      10320      133                                   
1893 8191700-3790 16418           Wakatipu         46      10281      122                                   
1893 8192100-3750 16321           Wakatipu         46      10268      139                                   
1893 820 100-3710 16225           Wakatipu         67      10224      156                                   
1893 820 500-3679 16156           Wakatipu         67      10205      150                                   
1893 820 900-3648 16087           Wakatipu         46      10199      144                                   
1893 8201700-3617 16018           Wakatipu         46      10169      139                                   
1893 8202100-3586 15949           Wakatipu         46      10189      156                                   
1893 821 100-3555 15880           Wakatipu         26      10179      156                                   
1893 821 500-3529 15766           Wakatipu         26      10168      161                                   
1893 8211000-3503 15651           Wakatipu         26      10158      156                                   
1893 8211800-3476 15537           Wakatipu         26      10117      178                                   
1893 8212200-3450 15422           Wakatipu         26      10140      200                                   
1893 822 200-3424 15308           Wakatipu          0      10118      211                                   
1893 822 600-3398 15194           Wakatipu         26      10099      183                                   
189312 11300-3924 16909           Wakatipu         67      10088      156                                   
189312 11700-3924 16909           Wakatipu         93      10066      144                                   
189312 12100-3924 16909           Wakatipu         67      10060      161                                   
189312 2 100-3924 16909           Wakatipu         67      10087      183                                   
189312 2 500-3924 16909           Wakatipu         67      10067      178                                   
189312 2 900-3924 16909           Wakatipu         67      10093      167                                   
189312 21300-3737 16440           Wakatipu        123      10117      150                                   
189312 21700-3737 16440           Wakatipu         67      10085      144                                   
189312 22100-3737 16440           Wakatipu         67      10093      133                                   
189312 3 100-3737 16440           Wakatipu         67      10089      161                                   
189312 3 500-3737 16440           Wakatipu         93      10086      156                                   
189312 3 900-3737 16440           Wakatipu         93      10108      144                                   
189312 31300-3544 15825           Wakatipu         46      10180      167                                   
189312 31700-3544 15825           Wakatipu        123      10128      156                                   
189312 32100-3544 15825           Wakatipu         93      10149      156                                   
189312 4 100-3544 15825           Wakatipu         67      10160      167                                   
189312 4 500-3544 15825           Wakatipu         67      10167      167                                   
189312 41000-3544 15709           Wakatipu         46      10184      167                                   
189312 41400-3513 15593           Wakatipu         46      10180      167                                   
189312 41800-3482 15476           Wakatipu         26      10180      167                                   
189312 42200-3451 15360           Wakatipu         26      10168      194                                   
189312 5 200-3420 15244           Wakatipu         46      10160      200                                   
189312 5 600-3420 15244           Wakatipu         46      10113      200                                   
189312 91800-3534 15327           Wakatipu         46      10114      200                                   
189312 92200-3523 15414           Wakatipu         46      10109      211                                   
18931210 200-3513 15500           Wakatipu         46      10097      222                                   
18931210 600-3502 15586           Wakatipu         46      10090      222                                   
189312101000-3492 15673           Wakatipu         46      10143      189                                   
189312101300-3481 15759           Wakatipu         46      10144      178                                   
189312101700-3471 15845           Wakatipu         46      10151      178                                   
189312102100-3460 15932           Wakatipu         46      10134      200                                   
18931211 100-3450 16018           Wakatipu         46      10130      222                                   
18931211 500-3450 16018           Wakatipu         46      10140      222                                   
18931211 900-3450 16018           Wakatipu         46      10146      189                                   
189312111300-3450 16018           Wakatipu         46      10142      172                                   
189312111700-3450 16018           Wakatipu         46      10142      172                                   
189312112100-3642 16284           Wakatipu         46      10139      178                                   
18931212 100-3835 16550           Wakatipu         46      10135      211                                   
18931212 500-3864 16644           Wakatipu         46      10129      211                                   
18931212 900-3893 16739           Wakatipu         46      10150      189                                   
189312121300-3922 16833           Wakatipu         46      10122      172                                   
189312121700-3952 16927           Wakatipu         46      10125      156                                   
189312122100-3981 17022           Wakatipu         46      10111      200                                   
18931213 100-4010 17116           Wakatipu         46      10095      222                                   
18931213 500-4039 17210           Wakatipu         46      10098      222                                   
189312211700-3992 17237           Wakatipu         46      10042      150                                   
189312212100-3962 17138           Wakatipu         46      10049      189                                   
18931222 100-3932 17039           Wakatipu         46      10048      211                                   
18931222 500-3902 16940           Wakatipu         46      10056      206                                   
18931222 900-3872 16841           Wakatipu         67      10084      156                                   
189312221300-3841 16742           Wakatipu         67      10091      150                                   
189312221700-3811 16643           Wakatipu         67      10106      144                                   
189312222100-3781 16544           Wakatipu         93      10102      167                                   
18931223 100-3751 16445           Wakatipu         93      10114      172                                   
18931223 500-3727 16347           Wakatipu         93      10138      167                                   
18931223 900-3703 16249           Wakatipu         93      10143      156                                   
189312231300-3679 16151           Wakatipu         46      10146      156                                   
189312231700-3656 16053           Wakatipu         46      10392      161                                   
189312232100-3632 15955           Wakatipu         46      10387      189                                   
18931224 100-3608 15857           Wakatipu         46      10383      211                                   
18931224 500-3578 15771           Wakatipu         46      10383      206                                   
189312241000-3549 15685           Wakatipu         46      10315      211                                   
189312241400-3519 15599           Wakatipu         46      10246      217                                   
189312241800-3489 15512           Wakatipu         46      10103      222                                   
189312242200-3460 15426           Wakatipu         46      10042      222                                   
18931225 200-3430 15340           Wakatipu         67      10008      222                                   
18931225 600-3400 15254           Wakatipu         67       9975      222                                   
189312291400-3430 15191           Wakatipu         46      10045      206                                   
189312291800-3453 15275           Wakatipu         46      10009      178                                   
189312292200-3477 15360           Wakatipu         46      10014      211                                   
18931230 200-3500 15444           Wakatipu         46      10019      267                                   
18931230 600-3523 15528           Wakatipu         46      10024      256                                   
189312301000-3547 15613           Wakatipu         46      10045      211                                   
189312301400-3570 15697           Wakatipu         26      10067      200                                   
189312301700-3593 15781           Wakatipu         26      10047      200                                   
189312302100-3617 15866           Wakatipu         26      10061      222                                   
18931231 100-3640 15950           Wakatipu         26      10061      222                                   
18931231 500-3667 16043           Wakatipu         26      10064      222                                   
18931231 900-3695 16135           Wakatipu         26      10067      211                                   
189312311300-3722 16228           Wakatipu         26      10094      211                                   
189312311700-3750 16321           Wakatipu         26      10071      189                                   
189312312100-3777 16413           Wakatipu         26      10081      211                                   
1894 1 1 100-3805 16506           Wakatipu         26      10077      233                                   
1894 1 1 500-3832 16611           Wakatipu         26      10078      233                                   
1894 1 1 900-3859 16716           Wakatipu         26      10086      222                                   
1894 1 11700-3886 16820           Wakatipu         26      10106      189                                   
1894 1 12100-3913 16925           Wakatipu         26      10104      200                                   
1894 1 2 100-3940 17030           Wakatipu         26      10109      211                                   
1894 1 2 500-3967 17135           Wakatipu         26      10116      211                                   
1894 2 11700-3971 17100           Wakatipu         93       9955      167                                   
1894 2 12100-3951 17050           Wakatipu        154       9869      178                                   
1894 2 2 100-3932 17000           Wakatipu        190       9749      189                                   
1894 2 2 500-3913 16950           Wakatipu        190       9715      189                                   
1894 2 2 900-3893 16900           Wakatipu        190       9784      178                                   
1894 2 21300-3874 16850           Wakatipu                                                                  
1894 2 21700-3855 16800           Wakatipu        154      10004      167                                   
1894 2 22100-3835 16750           Wakatipu        123      10020      172                                   
1894 2 3 100-3816 16700           Wakatipu        123      10036      178                                   
1894 2 3 500-3799 16625           Wakatipu         93      10036      178                                   
1894 2 3 900-3782 16549           Wakatipu         93      10054      167                                   
1894 2 31300-3765 16474           Wakatipu                                                                  
1894 2 31700-3748 16399           Wakatipu         93      10090      156                                   
1894 2 32100-3731 16323           Wakatipu         67      10121      167                                   
1894 2 4 100-3714 16248           Wakatipu         67      10168      189                                   
1894 2 4 500-3685 16162           Wakatipu         67      10185      189                                   
1894 2 4 900-3657 16075           Wakatipu         46      10196      183                                   
1894 2 41300-3628 15989           Wakatipu         46                                                       
1894 2 41700-3599 15903           Wakatipu         46      10199      178                                   
1894 2 42100-3571 15816           Wakatipu         46      10201      189                                   
1894 2 5 200-3542 15730           Wakatipu         46      10179      217                                   
1894 2 5 600-3518 15630           Wakatipu         46      10162      217                                   
1894 2 51000-3493 15530           Wakatipu         46      10155      217                                   
1894 2 51800-3469 15430           Wakatipu         46      10132      211                                   
1894 2 52200-3444 15330           Wakatipu         67      10108      233                                   
1894 2 6 200-3420 15230           Wakatipu         67      10106      244                                   
1894 2 91400-3453 15412           Wakatipu         26      10090      222                                   
1894 2 91800-3453 15412           Wakatipu         46      10091      233                                   
1894 2 92200-3453 15412           Wakatipu         46      10087      256                                   
1894 210 200-3453 15412           Wakatipu         46      10087      261                                   
1894 210 600-3453 15412           Wakatipu         26      10087      256                                   
1894 2101000-3453 15412           Wakatipu         26      10091      233                                   
1894 2101300-3614 15960           Wakatipu         26      10061      222                                   
1894 2101700-3614 15960           Wakatipu         26      10093      211                                   
1894 2102100-3614 15960           Wakatipu         26      10086      233                                   
1894 211 100-3614 15960           Wakatipu         26      10079      256                                   
1894 211 500-3614 15960           Wakatipu         26      10074      244                                   
1894 211 900-3614 15960           Wakatipu         26      10068      239                                   
1894 2111300-3739 16400           Wakatipu         46      10090      172                                   
1894 2111700-3739 16400           Wakatipu         26      10060      211                                   
1894 2112100-3739 16400           Wakatipu         26      10049      200                                   
1894 212 100-3739 16400           Wakatipu         26      10067      189                                   
1894 212 500-3739 16400           Wakatipu         46      10075      183                                   
1894 212 900-3739 16400           Wakatipu         46      10079      178                                   
1894 2121300-3914 16840           Wakatipu         67      10082      172                                   
1894 2121700-3914 16840           Wakatipu         46      10103      167                                   
1894 2122100-3914 16840           Wakatipu         67      10105      172                                   
1894 213 100-3914 16840           Wakatipu         67      10099      189                                   
1894 213 500-3914 16840           Wakatipu         67      10087      183                                   
1894 213 900-3914 16840           Wakatipu         67      10087      178                                   
1894 2131600-4037 17347           Wakatipu         67      10084      167                                   
1894 2132000-4037 17347           Wakatipu         46      10053      189                                   
1894 214   0-4037 17347           Wakatipu         46      10044      206                                   
1894 214 400-4037 17347           Wakatipu         46      10029      211                                   
1894 2231200-3980 17612           Wakatipu         93      10090      167                                   
1894 2231600-3953 17447           Wakatipu         93      10103      189                                   
1894 2232000-3927 17281           Wakatipu         93      10084      200                                   
1894 224 100-3900 17116           Wakatipu         93      10053      222                                   
1894 224 500-3873 16951           Wakatipu         93      10029      222                                   
1894 224 900-3847 16785           Wakatipu         93      10066      200                                   
1894 2241300-3820 16620           Wakatipu         93      10208      156                                   
1894 2241700-3820 16620           Wakatipu         93      10102      167                                   
1894 2242100-3820 16620           Wakatipu         93      10122      167                                   
1894 225 100-3820 16620           Wakatipu         93      10137      178                                   
1894 225 500-3820 16620           Wakatipu         93      10158      156                                   
1894 225 900-3820 16620           Wakatipu         93      10192      156                                   
1894 2251300-3640 16120           Wakatipu         67      10239      167                                   
1894 2251700-3640 16120           Wakatipu         93      10207      156                                   
1894 2252100-3640 16120           Wakatipu         93      10222      167                                   
1894 226 100-3640 16120           Wakatipu         93      10237      178                                   
1894 226 500-3640 16120           Wakatipu         67      10237      178                                   
1894 226 900-3640 16120           Wakatipu         67      10239      167                                   
1894 2261400-3516 15660           Wakatipu         26      10212      217                                   
1894 2261700-3640 16120           Wakatipu         46      10240      161                                   
1894 2262100-3640 16120           Wakatipu         46      10237      178                                   
1894 227 200-3516 15660           Wakatipu         46      10230      211                                   
1894 227 600-3516 15660           Wakatipu         46      10228      222                                   
1894 2271000-3516 15660           Wakatipu         46      10228      222                                   
1894 2271800-3516 15660           Wakatipu         26      10196      211                                   
1894 2272200-3516 15660           Wakatipu         26      10174      244                                   
1894 3 31400-3500 15440           Wakatipu         67      10190      211                                   
1894 3 31800-3500 15440           Wakatipu         67      10172      217                                   
1894 3 32200-3500 15440           Wakatipu         67      10169      233                                   
1894 3 4 200-3500 15440           Wakatipu         67      10167      244                                   
1894 3 4 600-3500 15440           Wakatipu         67      10167      244                                   
1894 3 41000-3500 15440           Wakatipu         67      10179      217                                   
1894 3 41300-3630 15857           Wakatipu         46      10248      172                                   
1894 3 41800-3500 15440           Wakatipu         67      10200      189                                   
1894 3 42200-3500 15440           Wakatipu         67      10208      200                                   
1894 3 5 100-3630 15857           Wakatipu         46      10220      217                                   
1894 3 5 500-3630 15857           Wakatipu         46      10231      211                                   
1894 3 5 900-3630 15857           Wakatipu         46      10245      189                                   
1894 3 51300-3745 16344           Wakatipu         46      10249      172                                   
1894 3 51700-3630 15857           Wakatipu         46      10242      167                                   
1894 3 52100-3630 15857           Wakatipu         46      10242      206                                   
1894 3 6 100-3745 16344           Wakatipu         46      10240      222                                   
1894 3 6 500-3745 16344           Wakatipu         46      10241      217                                   
1894 3 6 900-3745 16344           Wakatipu         46      10242      194                                   
1894 3 61300-3990 16540           Wakatipu         46      10199      161                                   
1894 3 61700-3745 16344           Wakatipu         46      10240      167                                   
1894 3 62100-3745 16344           Wakatipu         46      10239      172                                   
1894 3 7 100-3990 16540           Wakatipu         46      10237      178                                   
1894 3 7 500-3990 16540           Wakatipu         46      10203      178                                   
1894 3 7 900-3990 16540           Wakatipu         46      10546      167                                   
1894 3 71700-4007 16810           Wakatipu         67      10186      156                                   
1894 3 72100-4024 17080           Wakatipu         67      10181      167                                   
1894 3 8   0-4041 17350           Wakatipu         46      10173      178                                   
