1893 8 3 100-2550 15950           Warrimoo         46      10070      233                                   
1893 8241600 -617 17367           Warrimoo         93      10037      278                                   
1893 8242000 -558 17433           Warrimoo         67      10070      283                                   
1893 825   0 -500 17500           Warrimoo         67      10059      289                                   
1893 825 400 -442 17567           Warrimoo         67      10041      294                                   
1893 825 800 -383 17633           Warrimoo         67      10057      278                                   
1893 8251200 -325 17700           Warrimoo                                                                  
1893 8251600 -267 17767           Warrimoo         67      10050      278                                   
1893 8252000 -208 17833           Warrimoo         93      10063      283                                   
1893 826   0 -150 17900           Warrimoo         67      10049      283                                   
1893 826 400  -92 17967           Warrimoo         67      10030      278                                   
1893 827 800  -33-17967           Warrimoo         93      10052      267                                   
1893 8271200   25-17900           Warrimoo                                                                  
1893 8271600   83-17833           Warrimoo         93      10048      267                                   
1893 8272000  142-17767           Warrimoo        123      10074      278                                   
1893 828   0  200-17700           Warrimoo         93      10056      283                                   
1893 828 400  267-17650           Warrimoo         93      10029      283                                   
1893 828 800  333-17600           Warrimoo        123      10050      278                                   
1893 8281200  400-17550           Warrimoo                            278                                   
1893 8281600  467-17500           Warrimoo         93                 278                                   
1893 8282000  533-17450           Warrimoo        123      10055      272                                   
1893 829   0  600-17400           Warrimoo         93      10062      289                                   
1893 829 400  667-17350           Warrimoo         67      10046      289                                   
1893 829 800  733-17300           Warrimoo         46      10057      283                                   
1893 8291100  800-17250           Warrimoo         46                                                       
1893 8291100 1400-16600           Warrimoo         67      10115      267                                   
1893 8291500  867-17200           Warrimoo         26      10047      261                                   
1893 8291500 1400-16600           Warrimoo         26      10082      267                                   
1893 8291900  933-17150           Warrimoo         46      10068      261                                   
1893 8291900 1400-16600           Warrimoo         67      10093      261                                   
1893 8292300 1000-17100           Warrimoo         26      10074      267                                   
1893 8292300 1400-16600           Warrimoo         67      10098      272                                   
1893 830 300 1067-17050           Warrimoo         26      10074      267                                   
1893 830 300 1400-16600           Warrimoo         67      10089      267                                   
1893 830 700 1133-17000           Warrimoo         67      10089      256                                   
1893 830 700 1400-16600           Warrimoo         67      10106      261                                   
1893 8301100 1400-16600           Warrimoo         93      10133      261                                   
1893 8301500 1400-16600           Warrimoo         67      10111      256                                   
1893 8301900 1400-16600           Warrimoo         67      10116      261                                   
1893 8302300 1400-16600           Warrimoo        123      10122      267                                   
1893 831 300 1400-16600           Warrimoo        123      10103      278                                   
1893 831 700 1400-16600           Warrimoo         93      10123      261                                   
1893 8311100 1400-16600           Warrimoo         93      10157      261                                   
1893 8311500 1400-16600           Warrimoo         46      10131      256                                   
1893 8311900 1400-16600           Warrimoo         93      10156      267                                   
1893 8312300 2130-15751           Warrimoo        123      10160      267                                   
1893 9 1 200 2187-15684           Warrimoo         46      10162      278                                   
1893 9 1 600 2243-15617           Warrimoo         46      10163      272                                   
1893 9 11000 2300-15550           Warrimoo         67      10173      256                                   
1893 9 11400 2300-15550           Warrimoo        123      10156      256                                   
1893 9 11800 2300-15550           Warrimoo         93      10177      250                                   
1893 9 12200 2300-15550           Warrimoo         67      10174      250                                   
1893 9 2 200 2300-15550           Warrimoo         46      10156      256                                   
1893 9 2 600 2300-15550           Warrimoo         67      10169      256                                   
1893 9 21000 2700-15100           Warrimoo         46      10201      244                                   
1893 9 21100 1400-16600           Warrimoo                 10193      244                                   
1893 9 21400 2300-15550           Warrimoo         46      10164      250                                   
1893 9 21800 2300-15550           Warrimoo         46      10177      250                                   
1893 9 22200 2700-15100           Warrimoo         46      10179      256                                   
1893 9 3 200 2700-15100           Warrimoo         46      10178      261                                   
1893 9 3 600 2700-15100           Warrimoo         46      10193      250                                   
1893 9 8 800 4727-12364           Warrimoo         26      10094      144                                   
1893 9 81200 4760-12355           Warrimoo         26      10026      144                                   
1893 9 81600 4793-12346           Warrimoo         46      10050      189                                   
1893 9 82000 4826-12337           Warrimoo         46      10077      150                                   
1893 9 9   0 4859-12328           Warrimoo         26      10075      144                                   
1893 9 9 400 4892-12319           Warrimoo         46      10088      144                                   
1893 9 92000 4925-12310           Warrimoo         26      10114      156                                   
1893 9102000 4894-12356           Warrimoo         26      10089      144                                   
1893 9112000 4863-12403           Warrimoo         26      10107      156                                   
1893 9122000 4832-12449           Warrimoo         10      10121      150                                   
1893 9132000 4801-12496           Warrimoo         10      10196      144                                   
1893 9142000 4771-12542           Warrimoo         10      10233      144                                   
1893 9152000 4740-12589           Warrimoo         10      10242      144                                   
1893 9162000 4709-12635           Warrimoo         46      10050      144                                   
1893 917 800 4678-12682           Warrimoo        123      10108      156                                   
1893 9171200 4647-12728           Warrimoo         10      10080      100                                   
1893 9171700 4616-12775           Warrimoo         10      10086      106                                   
1893 9172100 4585-12821           Warrimoo         10      10089      144                                   
1893 918 100 4554-12868           Warrimoo         46      10101      150                                   
1893 918 500 4524-12914           Warrimoo         93      10104      150                                   
1893 918 900 4493-12961           Warrimoo         93      10134      172                                   
1893 9181300 4462-13007           Warrimoo        123      10103      156                                   
1893 9181700 4431-13054           Warrimoo         93      10099      156                                   
1893 9182100 4400-13100           Warrimoo        123      10089      156                                   
1893 919 100 4317-13183           Warrimoo         93      10085      172                                   
1893 919 500 4233-13267           Warrimoo         93      10105      172                                   
1893 919 900 4150-13350           Warrimoo          0      10238      178                                   
1893 9191300 4067-13433           Warrimoo         67      10149      183                                   
1893 9191700 3983-13517           Warrimoo         67      10173      194                                   
1893 9192100 3900-13600           Warrimoo         46      10205      183                                   
1893 920 100 3817-13683           Warrimoo         46      10247      189                                   
1893 920 500 3733-13767           Warrimoo         26      10228      172                                   
1893 920 900 3650-13850           Warrimoo          0      10234      178                                   
1894 217 200-3367 15400           Warrimoo         67                 239                                   
1894 2171400-3350 15400           Warrimoo         67      10150      239                                   
1894 2171800-3333 15400           Warrimoo         67      10122      244                                   
1894 2172200-3317 15400           Warrimoo         93      10125      228                                   
1894 218 200-3300 15400           Warrimoo         67      10115      244                                   
1894 218 600-3300 15400           Warrimoo         93      10095      244                                   
1894 2181000-3300 15400           Warrimoo        123      10086      233                                   
1894 2181400-3300 15400           Warrimoo        123      10071      228                                   
1894 2181800-3300 15400           Warrimoo        123      10036      233                                   
1894 2182200-3300 15400           Warrimoo         93      10027      228                                   
1894 219 100-3243 15800           Warrimoo         67      10015      256                                   
1894 219 500-3186 15800           Warrimoo         67      10001      256                                   
1894 219 900-3129 15800           Warrimoo         93      10012      250                                   
1894 2191300-3071 15800           Warrimoo         93       9999      261                                   
1894 2191700-3014 15800           Warrimoo        123       9991      267                                   
1894 2192100-2957 15800           Warrimoo        154      10033      256                                   
1894 220 100-2900 16300           Warrimoo        123      10069      261                                   
1894 220 500-2900 16300           Warrimoo         67      10076      278                                   
1894 220 900-2900 16300           Warrimoo         67      10101      267                                   
1894 2201300-2900 16300           Warrimoo         67      10115      267                                   
1894 2201700-2900 16300           Warrimoo         67      10115      267                                   
1894 2202100-2900 16300           Warrimoo         46      10124      272                                   
1894 221 100-2650 16800           Warrimoo         26      10124      278                                   
1894 221 500-2600 16800           Warrimoo         26      10102      289                                   
1894 221 900-2600 16800           Warrimoo         10      10107      278                                   
1894 2211300-2300 16800           Warrimoo         26      10102      278                                   
1894 2211700-2600 16800           Warrimoo         46      10089      267                                   
1894 2212100-2600 16800           Warrimoo         67      10092      267                                   
1894 222 100-2300 17200           Warrimoo         67      10088      278                                   
1894 222 500-2300 17200           Warrimoo         46      10064      283                                   
1894 222 900-2300 17200           Warrimoo         67      10074      283                                   
1894 2221300-2300 17200           Warrimoo         67      10075      278                                   
1894 223   0-2000 17600           Warrimoo         46      10054      289                                   
1894 3 91000 3650-14350           Warrimoo         93                 161                                   
1894 3 91300 3700-14200           Warrimoo         46      10258      156                                   
1894 3 91700 3750-14050           Warrimoo         46      10259      150                                   
1894 3 92100 3800-13900           Warrimoo         46      10255      161                                   
1894 310 100 3850-13750           Warrimoo         46      10224      167                                   
1894 310 500 3900-13600           Warrimoo         93      10197      150                                   
1894 310 900 3950-13450           Warrimoo                                                                  
1894 3101300 4000-13300           Warrimoo         67      10126      156                                   
1894 3101700 4050-13150           Warrimoo         67                                                       
1894 3102100 4100-13000           Warrimoo         10      10120      133                                   
1894 311 100 4183-12983           Warrimoo         46      10099      122                                   
1894 311 500 4267-12967           Warrimoo         67      10078      111                                   
1894 311 900 4350-12950           Warrimoo         46      10045      111                                   
1894 3111300 4433-12933           Warrimoo         46      10005      111                                   
1894 3111700 4517-12917           Warrimoo         93      10012      117                                   
1894 3112100 4600-12900           Warrimoo        154      10046      122                                   
1894 312 100 4637-12883           Warrimoo        123      10087      117                                   
1894 312 500 4675-12867           Warrimoo        123      10122      111                                   
1894 312 900 4712-12850           Warrimoo         26      10165      100                                   
1894 3121300 4750-12833           Warrimoo         46                  89                                   
1894 3121700 4787-12817           Warrimoo         67                  83                                   
1894 3122100 4825-12800           Warrimoo         67                 100                                   
1894 313 100 4825-12783           Warrimoo         46                 100                                   
1894 313 500 4800-12767           Warrimoo         67                  83                                   
1894 313 800 4775-12750           Warrimoo         93      10097       83                                   
1894 3171200 4750-12733           Warrimoo         46      10181       67                                   
1894 3171600 4725-12717           Warrimoo         93      10158       44                                   
1894 3172000 4700-12700           Warrimoo        190      10060       78                                   
1894 318   0 4675-12683           Warrimoo        226       9974       89                                   
1894 318 400 4650-12667           Warrimoo        123       9963       94                                   
1894 6181000-3333 15267           Warrimoo         10      10148      189                                   
1894 6181400-3300 15350           Warrimoo         10      10149      183                                   
1894 6181800-3267 15433           Warrimoo         46      10162      200                                   
1894 6182200-3233 15517           Warrimoo         46                 194                                   
1894 619 200-3200 15600           Warrimoo         46      10202      222                                   
1894 619 600-3167 15683           Warrimoo         46      10202      222                                   
1894 619 900-3133 15767           Warrimoo         10      10225      200                                   
1894 6191300-3100 15850           Warrimoo         10      10231      206                                   
1894 6191700-3067 15933           Warrimoo                 10238      200                                   
1894 6192100-3033 16017           Warrimoo         26      10250      189                                   
1894 620 100-3000 16100           Warrimoo         26      10249      211                                   
1894 620 500-2950 16183           Warrimoo         26      10244      200                                   
1894 620 900-2900 16267           Warrimoo         46      10248      194                                   
1894 6201300-2850 16350           Warrimoo         67      10245      189                                   
1894 6201700-2800 16433           Warrimoo         67      10244      194                                   
1894 6202100-2750 16517           Warrimoo         93      10243      194                                   
1894 621 100-2700 16600           Warrimoo         93      10243      194                                   
1894 621 500-2633 16683           Warrimoo         93      10212      217                                   
1894 621 900-2567 16767           Warrimoo         93      10224      200                                   
1894 6211300-2500 16850           Warrimoo                                                                  
1894 6211700-2433 16933           Warrimoo         93      10209      206                                   
1894 6212100-2367 17017           Warrimoo         93      10198      206                                   
1894 622 100-2300 17100           Warrimoo         93      10196      217                                   
1894 622 500-2267 17183           Warrimoo         93      10177      206                                   
1894 622 800-2233 17267           Warrimoo         93      10177      206                                   
1894 6221200-2200 17350           Warrimoo         46                                                       
1894 6221600-2167 17433           Warrimoo         46      10164      200                                   
1894 6222000-2133 17517           Warrimoo         67      10161      217                                   
1894 623   0-2100 17600           Warrimoo         67      10152      228                                   
1894 623 400-2067 17683           Warrimoo         46      10132      228                                   
1894 623 800-2033 17767           Warrimoo         46      10122      228                                   
1894 6281100  400-16800           Warrimoo         93                 272                                   
1894 6281500  400-16800           Warrimoo         67                 283                                   
1894 6281900  400-16800           Warrimoo         93                 283                                   
1894 6282300  400-16800           Warrimoo        123                 283                                   
1894 629 300  467-16758           Warrimoo         93                 294                                   
1894 629 700  533-16717           Warrimoo        123                 278                                   
1894 6291100  600-16675           Warrimoo         93                 261                                   
1894 6291500  667-16633           Warrimoo         67                 267                                   
1894 6291900  733-16592           Warrimoo         93                 272                                   
1894 6292300  800-16550           Warrimoo         93                 283                                   
1894 630 300  867-16508           Warrimoo         93                 283                                   
1894 630 700  933-16467           Warrimoo         93                 261                                   
1894 6301100 1000-16425           Warrimoo        123                 256                                   
1894 6301500 1067-16383           Warrimoo         93                 267                                   
1894 6301900 1133-16342           Warrimoo        123      10087      267                                   
1894 6302300 1200-16300           Warrimoo        123      10087      272                                   
1894 7 1 300 1283-16267           Warrimoo        123                 267                                   
1894 7 1 700 1367-16233           Warrimoo         93                 261                                   
1894 7 11100 1450-16200           Warrimoo         26                 239                                   
1894 7 11500 1533-16167           Warrimoo         93                 250                                   
1894 7 11900 1617-16133           Warrimoo         93                 256                                   
1894 7 12300 1700-16100           Warrimoo         93                 256                                   
1894 7 2 300 1783-16067           Warrimoo         67                 256                                   
1894 7 2 700 1867-16033           Warrimoo         93                 244                                   
1894 7 21100 1950-16000           Warrimoo        123                 239                                   
1894 7 21500 2033-15967           Warrimoo         26                 239                                   
1894 7 21900 2117-15933           Warrimoo         67                 256                                   
1894 7 22300 2200-15900           Warrimoo                            294                                   
1894 7 3 300 2283-15867           Warrimoo                            294                                   
1894 7 3 700 2367-15833           Warrimoo        123                 267                                   
1894 7 31400 2140-15660           Warrimoo         93                 228                                   
1894 7 31800 2220-15580           Warrimoo         93                 239                                   
1894 7 32200 2300-15500           Warrimoo         93      11106      250                                   
1894 7 4 600 2380-15420           Warrimoo         67                 239                                   
1894 7 41000 2460-15340           Warrimoo        123                                                       
1894 7 41400 2540-15260           Warrimoo         93                 239                                   
1894 7 41800 2620-15180           Warrimoo        123                 233                                   
1894 7 42200 2700-15100           Warrimoo         67                 239                                   
1894 7 5 200 2767-15033           Warrimoo         67                 233                                   
1894 7 5 600 2833-14967           Warrimoo        123                                                       
1894 7 51000 2900-14900           Warrimoo                            211                                   
1894 7 51400 2967-14833           Warrimoo         93      10263      211                                   
1894 7 51800 3033-14767           Warrimoo         93                 222                                   
1894 7 52200 3100-14700           Warrimoo         67                 233                                   
1894 7 6 200 3167-14633           Warrimoo         67                 233                                   
1894 7 6 600 3233-14567           Warrimoo         46                 217                                   
1894 7 61000 3300-14500           Warrimoo                            211                                   
1894 7 61400 3367-14433           Warrimoo         26                 217                                   
1894 7 61800 3433-14367           Warrimoo         26                 217                                   
1894 7 62200 3500-14300           Warrimoo         26                 233                                   
1894 7 7 100 3567-14233           Warrimoo         46                 250                                   
1894 7 7 500 3633-14167           Warrimoo         46                 211                                   
1894 7 7 900 3700-14100           Warrimoo                                                                  
1894 7 71300 3767-14033           Warrimoo         46                 228                                   
1894 7 71700 3833-13967           Warrimoo         46                 233                                   
1894 7 72100 3900-13900           Warrimoo         46                 200                                   
1894 7 8 100 3967-13833           Warrimoo         46                 194                                   
1894 7 8 500 4033-13767           Warrimoo         46                 183                                   
1894 7281100  900-16650           Warrimoo                            272                                   
1894 7281500  800-16700           Warrimoo         67                 250                                   
1894 7281900  700-16750           Warrimoo         10                 256                                   
1894 7282300  600-16800           Warrimoo         46                 278                                   
1894 729 300  500-16850           Warrimoo                            283                                   
1894 729 700  400-16900           Warrimoo                            278                                   
1894 7291100  300-16950           Warrimoo                            272                                   
1894 7291500  200-17000           Warrimoo         67                 267                                   
1894 7291900  100-17050           Warrimoo         93                 278                                   
1894 7292300    0-17100           Warrimoo                                                                  
1894 730 300 -100-17140           Warrimoo         67                 283                                   
1894 730 700 -200-17180           Warrimoo         93                 278                                   
1894 7301500 -300-17220           Warrimoo         67                 267                                   
1894 7302000 -400-17260           Warrimoo         93                 278                                   
1894 731   0 -500-17300           Warrimoo                            283                                   
1894 731 400 -600-17340           Warrimoo         67                 289                                   
1894 731 800 -700-17380           Warrimoo                            278                                   
1894 7311600 -800-17420           Warrimoo         46                 283                                   
1894 7312000 -900-17460           Warrimoo         67                 278                                   
1894 8 1   0-1000-17500           Warrimoo                            283                                   
1894 8 1 400-1100-17560           Warrimoo                            289                                   
1894 8 1 800-1200-17620           Warrimoo         93                 278                                   
1894 8 11600-1300-17680           Warrimoo         67                                                       
1894 8 12000-1400-17740           Warrimoo        123                                                       
1894 8 2   0-1500-17800           Warrimoo                            278                                   
1894 8 2 400-1600-17860           Warrimoo         67                                                       
1894 8 2 800-1700-17920           Warrimoo                                                                  
1895 1 6 100-2829 16337           Warrimoo         10                 267                                   
1895 118 600-3320 15261           Warrimoo         93      10141      211                                   
1895 1181000-3298 15332           Warrimoo        123      10155      228                                   
1895 1181400-3276 15403           Warrimoo                                                                  
1895 1181800-3255 15474           Warrimoo         93      10122      222                                   
1895 1182200-3233 15545           Warrimoo        123      10133      211                                   
1895 119 200-3211 15616           Warrimoo        154      10117      228                                   
1895 119 600-3189 15687           Warrimoo        154      10113      228                                   
1895 119 900-3167 15758           Warrimoo                 10119      233                                   
1895 1191300-3145 15829           Warrimoo                                                                  
1895 1191700-3124 15900           Warrimoo        123      10078      233                                   
1895 1192100-3102 15971           Warrimoo         93      10084      239                                   
1895 120 100-3080 16042           Warrimoo         26      10070      239                                   
1895 120 500-3020 16121           Warrimoo         93      10062      244                                   
1895 120 900-2961 16201           Warrimoo         93      10094      233                                   
1895 1201300-2901 16280           Warrimoo         93                                                       
1895 1201700-2842 16359           Warrimoo        123      10077      228                                   
1895 1202100-2782 16439           Warrimoo         67      10087      228                                   
1895 121 100-2723 16518           Warrimoo         67      10092      256                                   
1895 121 500-2672 16591           Warrimoo         93      10085      256                                   
1895 121 900-2621 16664           Warrimoo         93      10092      250                                   
1895 1211300-2570 16737           Warrimoo                                                                  
1895 1211700-2519 16811           Warrimoo         93      10065      244                                   
1895 1212100-2468 16884           Warrimoo         93      10068      244                                   
1895 122 100-2417 16957           Warrimoo         67      10062      278                                   
1895 122 500-2417 16957           Warrimoo         67      10054      267                                   
1895 122 900-2417 16957           Warrimoo         67      10067      267                                   
1895 1221300-2357 17237           Warrimoo         46                 272                                   
1895 1221600-2279 17303           Warrimoo         46                 267                                   
1895 1222000-2200 17368           Warrimoo         46                 272                                   
1895 123   0-2121 17433           Warrimoo         67                 272                                   
1895 123 400-2042 17498           Warrimoo         67                 278                                   
1895 123 800-1963 17563           Warrimoo         46                 272                                   
1895 1231200-1884 17628           Warrimoo         46                 272                                   
1895 1231600-1806 17694           Warrimoo         93                 272                                   
1895 1232000-1727 17759           Warrimoo         46                 283                                   
1895 124   0-1648 17824           Warrimoo         26                 289                                   
1895 124 400-1814 17824           Warrimoo         10                 289                                   
1895 124 800-1698 17929           Warrimoo         46                 267                                   
1895 1251200-1582-17967           Warrimoo         46                 283                                   
1895 1251600-1466-17862           Warrimoo         46                 283                                   
1895 1252000-1350-17758           Warrimoo         67                 283                                   
1895 126   0-1234-17653           Warrimoo         93                 283                                   
1895 126 400-1154-17615           Warrimoo         93                 294                                   
1895 126 800-1074-17576           Warrimoo         93                 283                                   
1895 1261200 -994-17538           Warrimoo         67                 278                                   
1895 1261600 -914-17500           Warrimoo         67                 283                                   
1895 1262000 -834-17461           Warrimoo         67                 272                                   
1895 127   0 -754-17423           Warrimoo         46                 283                                   
1895 127 400 -674-17385           Warrimoo         46                 289                                   
1895 127 800 -594-17346           Warrimoo         67                 283                                   
1895 1271200 -514-17308           Warrimoo                            278                                   
1895 2 11100 1790-16041           Warrimoo         46                                                       
1895 2 11500 1833-16000           Warrimoo         10                                                       
1895 2 11900 1876-15960           Warrimoo         26                                                       
1895 2 12300 1919-15919           Warrimoo         67                                                       
1895 2 2 300 1962-15878           Warrimoo         93                                                       
1895 2 2 700 2005-15837           Warrimoo         67                                                       
1895 2 21100 2048-15797           Warrimoo         93                                                       
1895 2 21500 2091-15756           Warrimoo         67                                                       
1895 2 21800 2134-15715           Warrimoo                                                                  
1895 2 22200 2177-15674           Warrimoo                                                                  
1895 2 3 200 2221-15634           Warrimoo         93                                                       
1895 2 3 600 2264-15593           Warrimoo         93                                                       
1895 2 31000 2307-15552           Warrimoo                                                                  
1895 2 31400 2350-15511           Warrimoo         67                                                       
1895 2 31800 2393-15471           Warrimoo        123                                                       
1895 2 32200 2436-15430           Warrimoo         93                                                       
1895 2 5 200 3280 14553           Warrimoo         26                 200                                   
1895 2 61400 3494-14287           Warrimoo         26                                                       
1895 2 61700 3552-14203           Warrimoo         26                                                       
1895 2 62100 3610-14120           Warrimoo         26                                                       
1895 2 7 100 3668-14037           Warrimoo         46                                                       
1895 2 7 500 3726-13953           Warrimoo         46                                                       
1895 2 7 900 3784-13870           Warrimoo         46                                                       
1895 2 71200-3239   647           Warrimoo          0      10105      239                                   
1895 2 71300 3842-13787           Warrimoo         26                                                       
1895 2 71700 3900-13703           Warrimoo         46                                                       
1895 2 72100 3958-13620           Warrimoo         46                                                       
1895 2 8 100 4022-13537           Warrimoo         10                                                       
1895 2 8 500 4087-13453           Warrimoo         46                                                       
1895 2 8 700-3393   787           Warrimoo         93                                                       
1895 2 8 900 4151-13370           Warrimoo                                                                  
1895 2 81100-3547   927           Warrimoo         93                                                       
1895 2 81300 4216-13287           Warrimoo         67                                                       
1895 2 81700 4280-13203           Warrimoo         67                                                       
1895 2 82100 4345-13120           Warrimoo         67                                                       
1895 2 9 100 4409-13038           Warrimoo         46                                                       
1895 2 9 500 4474-12956           Warrimoo         26                                                       
1895 2 9 700-3748  1077           Warrimoo         93                                                       
1895 2 9 900 4538-12874           Warrimoo                                                                  
1895 2 91100-3950  1228           Warrimoo         93                                                       
1895 2 91300 4603-12792           Warrimoo         26                                                       
1895 2 91600 4667-12710           Warrimoo         26                                                       
1895 2 92000 4732-12628           Warrimoo         26                                                       
1895 210   0 4796-12546           Warrimoo                                                                  
1895 210 400 4861-12464           Warrimoo         93                                                       
1895 210 700-4035  1431           Warrimoo         67                                                       
1895 2101100-4120  1635           Warrimoo         46                                                       
1895 2101200 4925-12382           Warrimoo                                                                  
1895 2101600 4990-12300           Warrimoo         93                                                       
1895 2102000 5054-12218           Warrimoo         93                                                       
1895 211 700-4232  1885           Warrimoo         67                                                       
1895 2111100-4345  2136           Warrimoo        154       9988      147                                   
1895 212 600-4422  2423           Warrimoo         67                                                       
1895 2121000-4500  2710           Warrimoo         67                                                       
1895 213 600-4540  3014           Warrimoo         93                                                       
1895 2131000-4580  3318           Warrimoo         93                                                       
1895 214 600-4565  3616           Warrimoo        190                                                       
1895 214 900-4550  3915           Warrimoo        268                                                       
1895 2141300-4583  4137           Warrimoo        226                                                       
1895 215 500-4617  4358           Warrimoo        154                                                       
1895 215 900-4650  4580           Warrimoo        154                                                       
1895 216 500-4689  4850           Warrimoo         93                                                       
1895 216 800 4750-12652           Warrimoo         67                  94                                   
1895 216 900-4728  5120           Warrimoo         93                                                       
1895 2161400 4750-12652           Warrimoo         46                  72                                   
1895 2161600 4750-12652           Warrimoo         67                  67                                   
1895 2162000 4750-12652           Warrimoo                                                                  
1895 217   0 4750-12652           Warrimoo         26                  89                                   
1895 217 400 4750-12652           Warrimoo         46                  89                                   
1895 217 800 4750-12652           Warrimoo         67                  89                                   
1895 2171200 4750-12652           Warrimoo        123                  89                                   
1895 2172000 4750-12652           Warrimoo         67                 100                                   
1895 218   0 4750-12652           Warrimoo         46                 100                                   
1895 218 400 4750-12652           Warrimoo         46                 111                                   
1895 218 800-4733  6321           Warrimoo         10                                                       
1895 2181300 4335-13149           Warrimoo         93                  89                                   
1895 219 400-4734  6631           Warrimoo         67                                                       
1895 219 700-4736  6940           Warrimoo         67                                                       
1895 219 900 3920-13645           Warrimoo                            122                                   
1895 2191700 3920-13645           Warrimoo                                                                  
1895 2192100 3920-13645           Warrimoo                                                                  
1895 220 100 3920-13645           Warrimoo                                                                  
1895 220 300-4735  7279           Warrimoo        123                                                       
1895 220 500 3920-13645           Warrimoo                                                                  
1895 220 700-4734  7618           Warrimoo         93                                                       
1895 221 300-4733  7957           Warrimoo         67                                                       
1895 2211400 3277-14355           Warrimoo        154      10044      139                                   
1895 2211800 3212-14445           Warrimoo        123      10124      144                                   
1895 2212200 3147-14534           Warrimoo         93      10146      189                                   
1895 222 200 3082-14623           Warrimoo         67      10155      172                                   
1895 222 600 3017-14713           Warrimoo         93      10189      172                                   
1895 2221000 2952-14802           Warrimoo         46      10194      156                                   
1895 2221400 2887-14891           Warrimoo         46      10195      167                                   
1895 2221800 2822-14981           Warrimoo         26      10214      172                                   
1895 2222200 2757-15070           Warrimoo         26      10190      211                                   
1895 223 200 2701-15131           Warrimoo         26      10186      211                                   
1895 223 600 2645-15192           Warrimoo         46      10199      211                                   
1895 2231000 2588-15253           Warrimoo                 10193      183                                   
1895 2231400 2532-15314           Warrimoo         46      10179      189                                   
1895 2231800 2476-15375           Warrimoo         46      10181      194                                   
1895 2232200 2420-15436           Warrimoo         67      10159      222                                   
1895 224 200 2362-15484           Warrimoo         67                 222                                   
1895 224 600 2304-15532           Warrimoo         67      10138      222                                   
1895 2241000 2246-15580           Warrimoo         67      10125      217                                   
1895 2241400 2189-15628           Warrimoo         26      10110      222                                   
1895 2241800 2131-15676           Warrimoo                                                                  
1895 2242200 2073-15724           Warrimoo                                                                  
1895 225 300 2015-15772           Warrimoo                                                                  
1895 225 700 1957-15820           Warrimoo         26      10115      244                                   
1895 2251100 1899-15868           Warrimoo         26      10113      233                                   
1895 2251500 1842-15916           Warrimoo         10      10110      233                                   
1895 2251900 1784-15964           Warrimoo          0      10121      244                                   
1895 2252300 1726-16012           Warrimoo         26      10106      250                                   
1895 226 300 1668-16060           Warrimoo         26      10099      272                                   
1895 226 700 1610-16108           Warrimoo         67      10109      272                                   
1895 2261100 1552-16156           Warrimoo         93      10116      267                                   
1895 2261500 1382-16210           Warrimoo         67      10095      267                                   
1895 2261900 1301-16261           Warrimoo         93      10102      261                                   
1895 2262300 1219-16312           Warrimoo         93      10087      272                                   
1895 227 300 1137-16363           Warrimoo         93      10416      272                                   
1895 227 700 1056-16414           Warrimoo         93      10409      272                                   
1895 2271100  974-16465           Warrimoo         93      10077      267                                   
1895 2271500  892-16517           Warrimoo         93      10395      256                                   
1895 2271900  811-16568           Warrimoo         93      10405      272                                   
1895 2272300  729-16619           Warrimoo         93      10397      278                                   
1895 228 300  647-16681           Warrimoo         93      10362      283                                   
1895 228 700  565-16743           Warrimoo         93      10370      278                                   
1895 2281100  483-16804           Warrimoo         93      10037      278                                   
1895 2281500  401-16866           Warrimoo         46      10024      272                                   
1895 2281900  319-16928           Warrimoo         46      10037      278                                   
1895 2282300  237-16990           Warrimoo         46      10030      278                                   
1895 3 1 300  161-17018           Warrimoo         67      10003      278                                   
1895 3 1 700   85-17045           Warrimoo         67      10016      278                                   
1895 3 11100    9-17073           Warrimoo         46                 267                                   
1895 3 11100 -227-17136           Warrimoo         46      10032      283                                   
1895 3 11500  -67-17101           Warrimoo         46      10015      267                                   
1895 3 11900 -143-17128           Warrimoo         46      10023      278                                   
1895 3 12300 -219-17156           Warrimoo         46      10016      283                                   
1895 3 2 300 -312-17185           Warrimoo         46      10000      294                                   
1895 3 2 700 -397-17235           Warrimoo         67                                                       
1895 3 21200 -481-17284           Warrimoo         26      10029      283                                   
1895 3 21600 -566-17334           Warrimoo         46      10026      283                                   
1895 3 22000 -651-17383           Warrimoo         46      10031      294                                   
1895 3 3   0 -736-17433           Warrimoo         46      10028      294                                   
1895 3 3 400 -821-17482           Warrimoo         26      10017      300                                   
1895 3 3 800 -906-17532           Warrimoo         26      10026      289                                   
1895 3 31200 -990-17581           Warrimoo         26      10049      272                                   
1895 3 31600-1075-17631           Warrimoo         10      10027      267                                   
1895 3 32000-1160-17680           Warrimoo         10      10052      278                                   
1895 3 4   0-1245-17730           Warrimoo         26      10041      289                                   
1895 3 4 400-1323-17768           Warrimoo         10      10034      289                                   
1895 3 4 800-1402-17806           Warrimoo         67      10044      272                                   
1895 3 5 800-1872 17967           Warrimoo         26      10022      278                                   
1895 3 51200-1480-17843           Warrimoo                                                                  
1895 3 51600-1558-17881           Warrimoo         26      10024      272                                   
1895 3 52000-1637-17919           Warrimoo         46      10034      278                                   
1895 3 6   0-1715-17957           Warrimoo         46      10028      294                                   
1895 3 6 400-1793-17995           Warrimoo         26      10014      283                                   
