1892 8162100-2717 15948           Welcome           0      10225      200                                   
1892 817 100-2717 15948           Welcome           0      10214      206                                   
1892 817 500-2717 15948           Welcome           0      10204      206                                   
1892 8172100-2721 15881           Welcome          46      10191      206                                   
1892 818 100-2726 15814           Welcome          26      10187      206                                   
1892 818 500-2726 15814           Welcome          26      10173      211                                   
1892 8182100-2726 15814           Welcome           0      10148      200                                   
1892 819 100-2726 15814           Welcome                  10139      211                                   
1892 819 500-2726 15814           Welcome          10      10123      211                                   
1892 822 500-2726 15814           Welcome                                                                   
