1891 126 200-4625  9242           Wicklow          67      10142      156                                   
1891 126 600-4625  9634           Wicklow          67                 156                                   
1891 127 100-4620 10026           Wicklow         154      10082      156                                   
1891 128 100-4550 10560           Wicklow          93      10101      156                                   
1891 129 100-4528 11043           Wicklow          67      10081      156                                   
1891 130   0-4420 11543           Wicklow         190      10127      156                                   
1891 131   0-4329 12030           Wicklow          46      10187      156                                   
1891 2 1   0-4234 12530           Wicklow          46      10159      156                                   
1891 2 12300-4144 12944           Wicklow          67      10098      156                                   
1891 2 22300-4160 13415           Wicklow         123      10054      156                                   
1891 2 32300-3937 13910           Wicklow         154      10139      156                                   
1891 2 42200-3851 14320           Wicklow         123      10182      156                                   
1891 2132200-3920 14649           Wicklow          67      10066      183                                   
1891 2142200-3750 15060           Wicklow         123      10034      183                                   
1891 2152200-3495 15142           Wicklow         154      10174      183                                   
1891 2212200-3241 15225           Wicklow          67      10094      211                                   
1891 2222200-3043 15312           Wicklow         190      10022      211                                   
1891 2232200-2847 15341           Wicklow          67      10020      211                                   
1891 2282200-2530 15326           Wicklow          46      10085      211                                   
1891 3 12200-2432 15225           Wicklow          46      10074      211                                   
1891 4 32200-2334 15125           Wicklow         123      10127      211                                   
1891 4 42200-2416 15390           Wicklow         154      10151      211                                   
1891 4 52200-2650 15331           Wicklow         190      10176      211                                   
1891 4 6 200-2650 15331           Wicklow         190      10176      211                                   
