1893 8 3 700-3315 15314           Wrestler                 10223      183                                   
1893 8 31400-3318 15385           Wrestler                 10215      189                                   
1893 8 4 200-3321 15456           Wrestler                 10220      161                                   
1893 8 41000-3324 15527           Wrestler                 10222      189                                   
1893 8 41800-3326 15598           Wrestler                 10189      183                                   
1893 8 42200-3329 15669           Wrestler                 10156      183                                   
1893 8 5 200-3332 15740           Wrestler                 10155      189                                   
1893 8 5 500-3326 15802           Wrestler                 10150      178                                   
1893 8 5 900-3320 15864           Wrestler                 10099      178                                   
1893 8 51700-3314 15926           Wrestler                 10083      172                                   
1893 8 52100-3308 15988           Wrestler                                                                  
1893 8 6 100-3302 16050           Wrestler                 10069      178                                   
1893 8 6 500-3266 16106           Wrestler                 10250      178                                   
1893 8 6 900-3231 16162           Wrestler                 10155      183                                   
1893 8 61300-3195 16219           Wrestler                 10248      189                                   
1893 8 62100-3160 16275           Wrestler                 10214      189                                   
1893 8 7 100-3124 16331           Wrestler                 10220      189                                   
1893 8 7 900-3106 16367           Wrestler                 10234      189                                   
1893 8 71300-3088 16403           Wrestler                 10292      200                                   
1893 8 71700-3071 16440           Wrestler                 10272      200                                   
1893 8 72100-3053 16476           Wrestler                 10279      200                                   
1893 8 8 100-3035 16512           Wrestler                 10292      200                                   
1893 8 8 900-2999 16512           Wrestler                 10292      200                                   
1893 8 81300-2963 16512           Wrestler                 10310      211                                   
1893 8 81700-2928 16512           Wrestler                 10291      200                                   
1893 8 82100-2892 16512           Wrestler                 10324      200                                   
1893 8 9 100-2856 16512           Wrestler                 10317      200                                   
1893 8 9 900-2820 16512           Wrestler                            200                                   
1893 8 92100-2784 16512           Wrestler                 10241      211                                   
1893 810 100-2749 16512           Wrestler                 10214      211                                   
1893 810 900-2713 16512           Wrestler                 10207      211                                   
1893 8101700 2609 16703           Wrestler         93      10218      217                                   
1893 811 100-2609 16703           Wrestler                 10218      217                                   
1893 811 900-2609 16703           Wrestler                 10220      228                                   
1893 8111300-2609 16711           Wrestler                 10220      228                                   
1893 8112100-2242 16720           Wrestler                 10221      228                                   
1893 812 100-2242 16720           Wrestler                 10220      233                                   
1893 812 500-2242 16720           Wrestler                 10219      239                                   
1893 812 600-2242 16720           Wrestler                 10212      239                                   
1893 8122100-2263 16668           Wrestler                 10205      244                                   
1893 813 100-2285 16615           Wrestler                 10205      244                                   
1893 8291300-2306 16563           Wrestler                 10198      267                                   
1893 8292300-2328 16510           Wrestler                 10195      267                                   
1893 830 500-2349 16458           Wrestler                 10198      267                                   
1893 8301300-2371 16406           Wrestler                 10198      267                                   
1893 8302100-2392 16353           Wrestler                 10199      261                                   
1893 831 100-2414 16301           Wrestler                 10189      267                                   
1893 831 500-2414 16301           Wrestler                 10182      267                                   
1893 831 900-2414 16301           Wrestler                 10182      267                                   
1893 8311300-2425 16255           Wrestler                 10183      261                                   
1893 8312100-2436 16209           Wrestler                 10187      256                                   
1893 9 1 100-2436 16209           Wrestler                 10190      256                                   
1893 9 1 900-2436 16209           Wrestler                 10190      256                                   
1893 9 11300-2428 16153           Wrestler                                                                  
1893 9 11700-2421 16096           Wrestler                 10185      250                                   
1893 9 2 900-2413 16040           Wrestler                 10185      244                                   
1893 9 21300-2455 15945           Wrestler                 10203      244                                   
1893 9 22100-2455 15945           Wrestler                 10192      250                                   
1893 9 3 100-2455 15945           Wrestler                 10185      250                                   
1893 9 3 900-2455 15945           Wrestler                 10189      244                                   
1893 9 81400-2756 15472           Wrestler        268      10276      200                                   
1893 9 9 600-2791 15460           Wrestler        268      10070      206                                   
1893 9 91000-2827 15448           Wrestler        268      10077      206                                   
1893 9 91400-2863 15436           Wrestler         26      10176      200                                   
1893 9 91800-2898 15424           Wrestler                 10379      194                                   
1893 9 92200-2934 15412           Wrestler                 10150      194                                   
1893 910 200-2970 15400           Wrestler                 10178      194                                   
1893 910 600-3005 15388           Wrestler         93      10172      189                                   
1893 9101000-3041 15376           Wrestler         26      10172      194                                   
1893 9101400-3077 15364           Wrestler         93      10174      200                                   
1893 9102200-3112 15352           Wrestler         26      10181      200                                   
1893 911 200-3148 15340           Wrestler         26      10178      200                                   
1893 9111800-3184 15297           Wrestler         93      10172      200                                   
1893 9112200-3219 15253           Wrestler         93      10165      200                                   
1893 912 200-3255 15210           Wrestler                 10171      211                                   
1893 912 600-3291 15167           Wrestler                 10178      211                                   
