1893 6232300-3653  1304           Yarrawong        46      10162      222                                   
1893 624 300-3653  1304           Yarrawong        46      10164      211                                   
1893 624 700-3653  1304           Yarrawong        46      10165      206                                   
1893 6241100-3653  1304           Yarrawong        46      10193      217                                   
1893 6241500-3653  1304           Yarrawong        46      10177      217                                   
1893 6241900-3653  1304           Yarrawong        46      10177      233                                   
1893 6242300-3849  1831           Yarrawong        10      10179      194                                   
1893 625 300-3849  1831           Yarrawong        10      10173      167                                   
1893 625 700-3849  1831           Yarrawong        10      10198      200                                   
1893 6251100-3849  1831           Yarrawong        46      10166      208                                   
1893 6251500-3849  1831           Yarrawong         0      10168      200                                   
1893 6251900-3849  1831           Yarrawong        10      10182      194                                   
1893 6252200-3944  2424           Yarrawong        46      10232      183                                   
1893 626 200-3944  2424           Yarrawong        46      10259      161                                   
1893 626 600-3944  2424           Yarrawong        46      10208      144                                   
1893 6261000-3944  2424           Yarrawong        10      10204      189                                   
1893 6261400-3944  2424           Yarrawong        46      10206      178                                   
1893 6261800-3944  2424           Yarrawong        46      10231      189                                   
1893 6262200-4035  3013           Yarrawong        67      10320      144                                   
1893 627 200-4035  3013           Yarrawong        46      10332      133                                   
1893 627 600-4035  3013           Yarrawong        46      10365      122                                   
1893 6271000-4035  3013           Yarrawong        46      10298      133                                   
1893 6271400-4035  3013           Yarrawong        46      10293      144                                   
1893 6271800-4035  3013           Yarrawong        67      10325      156                                   
1893 6272200-4121  3551           Yarrawong        26      10348      144                                   
1893 628 200-4121  3551           Yarrawong        26      10340      133                                   
1893 628 600-4121  3551           Yarrawong        10      10342      122                                   
1893 6281000-4121  3551           Yarrawong        46      10366      136                                   
1893 6281400-4121  3551           Yarrawong        46      10349      139                                   
1893 6281800-4121  3551           Yarrawong        46      10349      139                                   
1893 6282100-4276  4164           Yarrawong         0                 117                                   
1893 6282200-4144  3731           Yarrawong        26      10348      144                                   
1893 629 100-4168  3910           Yarrawong        26      10340      133                                   
1893 629 500-4191  4090           Yarrawong        10      10343      117                                   
1893 629 900-4215  4270           Yarrawong         0      10342      128                                   
1893 6291300-4280  4272           Yarrawong        10      10330      122                                   
1893 6291700-4284  4379           Yarrawong        10      10331      117                                   
1893 6292100-4288  4487           Yarrawong         0      10327      117                                   
1893 630 100-4293  4595           Yarrawong        10      10314      117                                   
1893 630 500-4297  4702           Yarrawong        26      10311      117                                   
1893 630 900-4301  4810           Yarrawong        46      10305      111                                   
1893 6301300-4305  4918           Yarrawong        26      10281      133                                   
1893 6301700-4309  5025           Yarrawong        26      10279      144                                   
1893 6302100-4313  5133           Yarrawong        26      10264      156                                   
1893 7 1 100-4318  5241           Yarrawong        26      10221      150                                   
1893 7 1 400-4322  5348           Yarrawong        26      10222      144                                   
1893 7 1 800-4326  5456           Yarrawong        26      10207      133                                   
1893 7 11200-4330  5575           Yarrawong        10      10174      144                                   
1893 7 11600-4334  5694           Yarrawong        26      10168      144                                   
1893 7 12000-4338  5813           Yarrawong        26      10181      144                                   
1893 7 2   0-4342  5932           Yarrawong        26      10182      122                                   
1893 7 2 400-4346  6051           Yarrawong        26      10219      122                                   
1893 7 2 800-4350  6170           Yarrawong        46      10239      122                                   
1893 7 21200-4350  6263           Yarrawong        26      10233      139                                   
1893 7 21600-4350  6357           Yarrawong        26      10263      161                                   
1893 7 22000-4350  6450           Yarrawong        26      10263      161                                   
1893 7 3   0-4351  6544           Yarrawong        26      10264      156                                   
1893 7 3 400-4351  6637           Yarrawong        67      10243      161                                   
1893 7 3 800-4351  6731           Yarrawong        93      10230      156                                   
1893 7 31100-4350  6846           Yarrawong        93      10231      150                                   
1893 7 31500-4349  6961           Yarrawong       123      10183      156                                   
1893 7 31900-4348  7075           Yarrawong       123      10161      144                                   
1893 7 32300-4348  7190           Yarrawong       154      10149      133                                   
1893 7 4 300-4347  7305           Yarrawong       154      10175      122                                   
1893 7 4 700-4346  7420           Yarrawong       154      10190      111                                   
189312 92000 5103   632           Yarrawong        26       9996       83                                   
18931210   0 5088   480           Yarrawong       154                                                       
18931210 400 5073   328           Yarrawong        26      10008      111                                   
18931210 800 5057   175           Yarrawong        67      10045      150                                   
189312101200 5042    23           Yarrawong        67       9995       83                                   
189312101600 5027  -129           Yarrawong       123       9954      106                                   
189312102000 5011  -282           Yarrawong       154       9988      106                                   
18931211   0 4996  -434           Yarrawong       123      10069      106                                   
18931211 400 4981  -434           Yarrawong       154       9967       89                                   
18931211 800 4965  -434           Yarrawong       123      10008      106                                   
189312111200 4950  -434           Yarrawong        93      10022      122                                   
18931213   0-4518  -608           Yarrawong       123      10064      128                                   
18931213 400-4518  -651           Yarrawong       154      10018      139                                   
18931213 800-4518  -695           Yarrawong       154      10029      139                                   
189312131200-4518  -738           Yarrawong       190      10025      139                                   
189312131700-4518  -770           Yarrawong       154      10007      144                                   
189312132100-4518  -801           Yarrawong       123      10047      111                                   
18931214 100-4518  -833           Yarrawong                                                                 
18931214 500-4518  -865           Yarrawong       123      10084      128                                   
18931214 900-4518  -896           Yarrawong       123      10169      128                                   
189312141300 4259  -928           Yarrawong        93      10215      139                                   
18931220 100-1940  -843           Yarrawong        93      10122      183                                   
18931220 500-1940 -1143           Yarrawong        26      10082      161                                   
18931220 900-1940 -1443           Yarrawong        46      10106      178                                   
189312201300 1940 -1743           Yarrawong        46      10106      178                                   
189312201700-1940 -1443           Yarrawong        46      10087      167                                   
189312202100-1940 -1443           Yarrawong        67      10114      211                                   
18931221 100-1435 -1744           Yarrawong        93      10125      211                                   
18931221 500 1940 -1443           Yarrawong        67      10108      167                                   
18931221 900 1940 -1443           Yarrawong        46      10127      194                                   
189312211300 1435 -1744           Yarrawong        46      10123      200                                   
189312211700-1435 -1744           Yarrawong        26      10112      189                                   
189312212100-1435 -1744           Yarrawong        46      10132      206                                   
18931222 100-1435 -1650           Yarrawong        46      10139      267                                   
18931222 500-1435 -1744           Yarrawong        67      10132      206                                   
18931222 900-1435 -1744           Yarrawong        46      10125      228                                   
189312221300 1010 -1650           Yarrawong        46      10104      244                                   
189312221700-1010 -1650           Yarrawong        46      10087      244                                   
189312222100-1010 -1650           Yarrawong        46      10098      261                                   
18931223 100-1010 -1422           Yarrawong         0      10120      272                                   
18931223 500-1010 -1650           Yarrawong        26      10122      256                                   
18931223 900-1010 -1650           Yarrawong         0      10109      256                                   
189312231300  628 -1422           Yarrawong        26      10114      283                                   
18931224 500 -628 -1422           Yarrawong        10      10104      261                                   
18931224 900  628 -1422           Yarrawong        10      10117      261                                   
189312241300  233 -1150           Yarrawong        10      10106      283                                   
189312241700 -233 -1150           Yarrawong        10      10082      289                                   
189312242100 -233 -1150           Yarrawong        10      10116      267                                   
18931225 100 -233 -1150           Yarrawong                10118      256                                   
18931225 500 -130  -924           Yarrawong        46      10098      250                                   
18931225 900 -130  -924           Yarrawong        46      10110      278                                   
189312251300 -130  -924           Yarrawong        46      10108      272                                   
189312251700 -130  -924           Yarrawong        67      10087      256                                   
189312252100 -130  -924           Yarrawong        67      10140      244                                   
18931226 100 -130  -924           Yarrawong        67      10119      244                                   
18931226 500 -130  -924           Yarrawong        67      10105      250                                   
18931226 900 -130  -924           Yarrawong        67      10112      289                                   
189312261300 -429  -862           Yarrawong        67      10120      261                                   
189312261700 -483  -800           Yarrawong        67      10129      250                                   
189312262000 -537  -738           Yarrawong        67      10130      244                                   
18931227   0 -591  -676           Yarrawong        67      10134      239                                   
18931227 400 -646  -614           Yarrawong        67      10132      233                                   
18931227 800 -700  -552           Yarrawong        67      10137      244                                   
189312271200 -754  -491           Yarrawong                10133      250                                   
189312271600 -814  -429           Yarrawong        67      10108      239                                   
189312272000 -875  -367           Yarrawong        46      10126      233                                   
18931228   0 -935  -305           Yarrawong        46      10127      228                                   
18931228 400 -995  -243           Yarrawong        46      10121      222                                   
18931228 800-1056  -181           Yarrawong        46      10133      233                                   
189312281200-1116  -119           Yarrawong        46      10136      239                                   
18931230 400-1890   426           Yarrawong        67      10136      200                                   
18931230 800-1890   426           Yarrawong        67      10158      206                                   
189312301200-1890   426           Yarrawong        67      10146      217                                   
189312301600-1890   426           Yarrawong        67      10120      211                                   
189312302000-1890   426           Yarrawong        67      10149      200                                   
18931231   0-1890   426           Yarrawong        67      10153      178                                   
18931231 400-1890   426           Yarrawong        67      10140      194                                   
18931231 800-1890   426           Yarrawong        67      10149      200                                   
189312311200 2125   656           Yarrawong        67      10154      217                                   
189312311600-2125   656           Yarrawong        67      10150      206                                   
189312312000-2125   656           Yarrawong        67      10150      200                                   
1894 1 1   0-2125   656           Yarrawong        46      10158      178                                   
1894 1 1 400-2125   656           Yarrawong        46      10147      178                                   
1894 1 1 800-2125   656           Yarrawong        46      10150      206                                   
1894 1 11100-2451   952           Yarrawong        46      10155      206                                   
1894 1 11500-2451   952           Yarrawong        67                 178                                   
1894 1 11900 2451   952           Yarrawong        67      10154      194                                   
1894 1 12300-2451   952           Yarrawong        67      10150      178                                   
1894 1 2 300-2451   952           Yarrawong        93      10144      189                                   
1894 1 2 700-2451   952           Yarrawong        93      10153      217                                   
1894 1 21100-2811  1244           Yarrawong        93      10165      200                                   
1894 1 21500-2811  1244           Yarrawong       123      10161      183                                   
1894 1 21900-2811  1244           Yarrawong       123      10184      167                                   
1894 1 22300-2811  1244           Yarrawong       123      10188      167                                   
1894 1 3 300-2811  1244           Yarrawong       123      10179      178                                   
1894 1 3 700-2811  1244           Yarrawong       123      10196      178                                   
1894 1 31100-3112  1525           Yarrawong       123      10205      178                                   
1894 1 31500-3112  1525           Yarrawong        93      10181      183                                   
1894 1 31900-3112  1525           Yarrawong        93      10188      178                                   
1894 1 32300-3112  1525           Yarrawong        67      10183      167                                   
1894 1 82100-4427  4519           Yarrawong        67      10240      100                                   
1894 1 9 100-4427  4520           Yarrawong        93      10219       83                                   
1894 1 9 500-4427  4520           Yarrawong        93      10221       94                                   
1894 1 9 900-4427  4521           Yarrawong        93      10237      100                                   
1894 1 91300-4427  4522           Yarrawong        67      10225       89                                   
1894 1 91700-4427  4522           Yarrawong        67      10235       89                                   
1894 1 92100-4427  4523           Yarrawong        26      10220       78                                   
1894 110 100-4427  4523           Yarrawong        67      10237      100                                   
1894 110 500-4427  4524           Yarrawong        67      10229       67                                   
1894 110 900-4458  5158           Yarrawong        67      10225       94                                   
1894 1101300-4458  5158           Yarrawong        46      10207      100                                   
1894 1101700-4458  5158           Yarrawong        26      10219       89                                   
1894 1102000-4477  5325           Yarrawong        67      10153      100                                   
1894 111   0-4496  5493           Yarrawong        26      10206       89                                   
1894 111 400-4516  5660           Yarrawong        46      10189      106                                   
1894 111 800-4535  5828           Yarrawong        93      10166      128                                   
1894 1111200-4496  5828           Yarrawong        93      10121      128                                   
1894 1111600-4458  5828           Yarrawong        67      10135      122                                   
1894 1112000-4478  5828           Yarrawong        67      10200       78                                   
1894 112   0-4497  5828           Yarrawong        67      10175      128                                   
1894 112 400-4517  5828           Yarrawong        67      10190      100                                   
1894 112 800-4537  6539           Yarrawong        67      10189      111                                   
1894 1121200-4537  6539           Yarrawong        67      10191      100                                   
1894 1121600-4537  6539           Yarrawong        67      10206       67                                   
1894 1122000-4537  6539           Yarrawong        93      10139      106                                   
1894 113   0-4537  6539           Yarrawong        67      10185       94                                   
1894 113 400-4537  6539           Yarrawong        93      10163      122                                   
1894 113 700-4547  7259           Yarrawong       123      10149      144                                   
1894 1131100-4547  7259           Yarrawong       123      10135      128                                   
1894 1131500-4547  7259           Yarrawong        93      10138      111                                   
1894 119 400 4230 11360           Yarrawong                                                                 
1894 523 700-3006  1447           Yarrawong       123      10209      150                                   
1894 5231300 3435 -1310           Yarrawong        93      10220      167                                   
1894 5231700 3435 -1310           Yarrawong        93      10209      172                                   
1894 5232100 3435 -1378           Yarrawong        67      10209      172                                   
1894 524 100 3006 -1447           Yarrawong        46      10180      178                                   
1894 524 500 3006 -1447           Yarrawong        67      10205      156                                   
1894 524 900 3006 -1447           Yarrawong        67      10199      167                                   
1894 5241300 3006 -1447           Yarrawong        46      10197      183                                   
1894 5241700 3006 -1447           Yarrawong        46      10199      189                                   
1894 5242100 2765 -1533           Yarrawong        46      10187      178                                   
1894 525 100 2525 -1619           Yarrawong        67      10158      178                                   
1894 525 500 2525 -1619           Yarrawong        67      10176      183                                   
1894 525 900 2525 -1619           Yarrawong        67      10176      183                                   
1894 5251300 2525 -1619           Yarrawong        67      10176      189                                   
1894 5251700 2525 -1619           Yarrawong        67      10166      189                                   
1894 5252100 2525 -1619           Yarrawong        67      10164      183                                   
1894 526 100 2033 -1740           Yarrawong        46      10119      206                                   
1894 526 500 2033 -1740           Yarrawong        67      10148      178                                   
1894 526 900 2033 -1740           Yarrawong        67      10156      183                                   
1894 5261300 2033 -1740           Yarrawong        46      10146      183                                   
1894 5261700 2033 -1740           Yarrawong        46      10131      200                                   
1894 5262100 2033 -1740           Yarrawong        46      10129      194                                   
1894 527 100 1911 -1739           Yarrawong        46      10110      256                                   
1894 527 500 1790 -1737           Yarrawong        46      10119      211                                   
1894 527 900 1668 -1735           Yarrawong        46      10135      217                                   
1894 5271300 1547 -1734           Yarrawong        46      10131      228                                   
1894 5271700 1425 -1732           Yarrawong        46      10109      244                                   
1894 5272100 1304 -1731           Yarrawong        46      10115      244                                   
1894 6 2   0 -657  -226           Yarrawong        93      10155      258                                   
1894 6 2 400 -657  -227           Yarrawong        93      10159       89                                   
1894 6 2 800 -657  -228           Yarrawong        93      10154      267                                   
1894 6 21200 -657  -229           Yarrawong        93      10153      269                                   
1894 6 21600 -657  -229           Yarrawong        93      10127      261                                   
1894 6 22000 -657  -230           Yarrawong        93      10151      258                                   
1894 6 3   0 -747  -231           Yarrawong        93      10178      233                                   
1894 6 3 400 -838  -232           Yarrawong        93      10146      250                                   
1894 6 3 800 -928  -232           Yarrawong        67                                                       
1894 6 31200-1019  -233           Yarrawong        67      10174      247                                   
1894 6 31600-1073  -234           Yarrawong        67      10155      242                                   
1894 6 32000-1128  -234           Yarrawong        93      10162      240                                   
1894 6 4   0-1182  -235           Yarrawong       123      10188      208                                   
1894 6 4 400 2224   741           Yarrawong        67                 189                                   
1894 6 4 400-1236  -236           Yarrawong        93      10165      225                                   
1894 6 4 800 2224   741           Yarrawong        67      10205      189                                   
1894 6 4 800-1291  -237           Yarrawong        93      10179      222                                   
1894 6 41200 2224   741           Yarrawong        67      10209      178                                   
1894 6 41200-1345  -237           Yarrawong        93      10187      226                                   
1894 6 41600 2224   741           Yarrawong        67      10209      178                                   
1894 6 41600-1405  -238           Yarrawong        93      10171      225                                   
1894 6 42000 2224   741           Yarrawong                                                                 
1894 6 42000-1465  -239           Yarrawong        93      10187      211                                   
1894 6 5   0-1525  -240           Yarrawong       123      10197      206                                   
1894 6 5 400-1585  -240           Yarrawong       123      10183      211                                   
1894 6 5 800-1645  -241           Yarrawong       123      10191      211                                   
1894 6 52000 1645   241           Yarrawong       123      10195      206                                   
1894 6 62000-1925  -459           Yarrawong        93      10196      200                                   
1894 6 71200-2224   741           Yarrawong        67      10209      178                                   
1894 6 71500-2278   791           Yarrawong        67      10198      186                                   
1894 6 71900-2332   841           Yarrawong        67                 189                                   
1894 6 72300-2386   890           Yarrawong                           178                                   
1894 6 8 300-2440   940           Yarrawong        26      10225      181                                   
1894 6 8 700-2494   990           Yarrawong        10      10225      183                                   
1894 6 81100-2548  1040           Yarrawong        10      10224      197                                   
1894 6 9 300 2548  1040           Yarrawong        26      10194      167                                   
1894 6 91100-2927  1342           Yarrawong        26      10188      189                                   
1894 6 91500-3001  1395           Yarrawong        26      10179      189                                   
1894 6 91900-3075  1447           Yarrawong        26      10188      181                                   
1894 6 92300-3148  1500           Yarrawong                                                                 
1894 610 300-3222  1553           Yarrawong        26      10181      167                                   
1894 610 700-3296  1605           Yarrawong        46      10182      172                                   
1894 6101100-3370  1658           Yarrawong        67      10177      189                                   
1894 6101500-3444  1658           Yarrawong        67      10169      172                                   
1894 6101900-3518  1658           Yarrawong        93      10158      167                                   
1894 6102300-3591  1658           Yarrawong       123                 156                                   
1894 611 300-3665  1658           Yarrawong       154      10123      156                                   
1894 611 700-3739  1658           Yarrawong       123      10122      161                                   
1894 6111500-3813  1658           Yarrawong        93                 172                                   
1894 6111900-3887  1658           Yarrawong        93                 178                                   
1894 6112200 3880  2645           Yarrawong       154       9981      175                                   
1894 612 200 3880  2645           Yarrawong        67      10123      167                                   
1894 612 600 3880  2645           Yarrawong        26      10116      161                                   
1894 6121000 3880  2645           Yarrawong        26      10112      178                                   
1894 6121400 3880  2645           Yarrawong        67      10079      158                                   
1894 6121800 3880  2645           Yarrawong       123      10037      167                                   
1894 613 200-3880  2645           Yarrawong       154       9935      181                                   
1894 613 600-3880  2645           Yarrawong       154       9892      178                                   
1894 6131000-4020  3216           Yarrawong       154       9841      167                                   
1894 6131200-4020  3216           Yarrawong       154       9819      156                                   
1894 6131400-4020  3216           Yarrawong       190       9901      150                                   
1894 6131800-4020  3216           Yarrawong       154      10007      117                                   
1894 6132100-4150  3800           Yarrawong       123       9975      117                                   
1894 614 200-4020  3216           Yarrawong       154       9910      111                                   
1894 614 600-4020  3216           Yarrawong       154       9915      111                                   
1894 614 900-4150  3800           Yarrawong       190       9950      122                                   
1894 6141300-4150  3800           Yarrawong       190       9967      122                                   
1894 6141700-4150  3800           Yarrawong       154       9987      122                                   
1894 6142100-4150  3800           Yarrawong       154                                                       
1894 615 100-4150  3800           Yarrawong       154       9961      161                                   
1894 615 500-4150  3800           Yarrawong       123       9956      106                                   
1894 615 900-4132  4350           Yarrawong       123       9923       83                                   
1894 6151300-4132  4350           Yarrawong       154       9909       83                                   
1894 6151700-4132  4350           Yarrawong       154       9923      122                                   
1894 6152100-4132  4350           Yarrawong       154                                                       
1894 616 100-4132  4350           Yarrawong       154       9913      100                                   
1894 616 500-4132  4350           Yarrawong       154       9913       89                                   
1894 616 900-4157  4940           Yarrawong       123       9935       89                                   
1894 6161300-4182  4940           Yarrawong       123       9923       61                                   
1894 6161700-4207  4940           Yarrawong       123       9899      106                                   
1894 6162100-4232  4940           Yarrawong       123                                                       
1894 617   0-4232  5333           Yarrawong       154       9887       78                                   
1894 617 400-4232  5436           Yarrawong       154       9863       78                                   
1894 617 800-4232  5539           Yarrawong       154       9866       78                                   
1894 6171200-4232  5642           Yarrawong       154       9857       81                                   
1894 6171600-4232  5745           Yarrawong       154       9855      111                                   
1894 6172000-4236  5848           Yarrawong       154       9860       89                                   
1894 618   0-4240  5951           Yarrawong       154       9875       89                                   
1894 618 400-4244  6054           Yarrawong       154       9895       83                                   
1894 618 800-4248  6157           Yarrawong       123       9906      100                                   
1894 6181200-4248  6157           Yarrawong       123       9887      100                                   
1894 6181600-4248  6157           Yarrawong       123       9887      122                                   
1894 6182000-4248  6448           Yarrawong       123                                                       
1894 619   0-4248  6740           Yarrawong       123       9893       89                                   
1894 619 400-4248  6740           Yarrawong                 9903       78                                   
1894 619 800-4248  6740           Yarrawong       123       9909       94                                   
1894 6191100-4248  6841           Yarrawong        93       9896       89                                   
1894 6191500-4248  6941           Yarrawong        67       9888       94                                   
1894 6191900-4264  7042           Yarrawong                                                                 
1894 6192300-4279  7143           Yarrawong        26       9837      100                                   
1894 620 300-4295  7243           Yarrawong        26                  92                                   
1894 620 700-4311  7344           Yarrawong        67       9727       94                                   
1894 6201100-4311  7344           Yarrawong       123       9734       92                                   
1894 6201500-4311  7344           Yarrawong       154                 117                                   
1894 6201900-4321  7488           Yarrawong                                                                 
1894 6202300-4330  7631           Yarrawong       154       9878      100                                   
1894 621 300-4340  7775           Yarrawong       154       9912       67                                   
1894 621 700-4350  7919           Yarrawong       154       9940      117                                   
1894 6211100-4350  7919           Yarrawong       123       9975      106                                   
1894 6211500-4350  7919           Yarrawong        93       9997      122                                   
1894 6211800-4350  8531           Yarrawong       154       9956      144                                   
1894 6212200-4350  8531           Yarrawong       123       9987      122                                   
1894 622 200-4350  8531           Yarrawong       123       9973      117                                   
1894 622 600-4350  8531           Yarrawong       123       9971      122                                   
1894 6221000-4350  8531           Yarrawong       154       9955      122                                   
1894 6221400-4350  8531           Yarrawong       154       9949      122                                   
1894 6221800-4330  9153           Yarrawong       154       9903      139                                   
1894 6222200-4330  9153           Yarrawong       123       9964      133                                   
1894 623 200-4330  9153           Yarrawong        93       9961      150                                   
1894 623 600-4330  9153           Yarrawong        67       9962      133                                   
1894 6231000-4330  9153           Yarrawong        93       9932      117                                   
1894 6231400-4330  9153           Yarrawong       123       9923      150                                   
1894 6231700-4312  9823           Yarrawong        93      10141      128                                   
1894 6232100-4312  9823           Yarrawong       154       9876      133                                   
1894 624 100-4312  9823           Yarrawong       154       9845      133                                   
1894 624 500-4312  9823           Yarrawong       268       9855      117                                   
1894 624 900-4312  9823           Yarrawong       154      10015       86                                   
1894 6241300-4312  9823           Yarrawong       123      10097      122                                   
1894 6241700-4157 10445           Yarrawong       154      10063      117                                   
1894 6242100-4157 10445           Yarrawong        93      10168      111                                   
1894 625 100-4157 10445           Yarrawong        93      10178       94                                   
1894 625 500-4157 10445           Yarrawong        93      10182      100                                   
1894 625 900-4157 10445           Yarrawong       123      10152      106                                   
1894 6251300-4157 10445           Yarrawong       154      10125      117                                   
1894 6251700-4125 11012           Yarrawong       123      10025      106                                   
1894 6252100-4125 11012           Yarrawong       154       9980      122                                   
1894 626 100-4125 11012           Yarrawong       123       9970      122                                   
1894 626 500-4125 11012           Yarrawong       123       9965      111                                   
1894 626 900-4125 11012           Yarrawong       123       9958       94                                   
1894 6261300-4125 11012           Yarrawong       123       9992      100                                   
1894 6261600-4018 11610           Yarrawong       123      10031      128                                   
1894 6262000-4018 11610           Yarrawong        93      10044      139                                   
1894 6262300-4018 11610           Yarrawong        93      10044      139                                   
1894 627   0-4018 11610           Yarrawong        93      10049      142                                   
1894 627 400-4018 11610           Yarrawong        93      10047      122                                   
1894 627 800-4018 11610           Yarrawong        93      10047      122                                   
1894 6271200-4018 11610           Yarrawong       123      10049      122                                   
1894 6271600-4018 11610           Yarrawong       123      10031      128                                   
1894 6272000-4018 11610           Yarrawong        93      10051      117                                   
1894 628   0-4018 11610           Yarrawong        93      10077      133                                   
1894 628 400-3980 12150           Yarrawong        67      10105      144                                   
1894 628 800-3980 12150           Yarrawong        67      10126      150                                   
1894 6281200-3980 12150           Yarrawong        67      10164      150                                   
1894 6281600-3980 12150           Yarrawong        67      10165      139                                   
1894 6282000-3980 12150           Yarrawong        67      10188      144                                   
1894 629   0-3980 12150           Yarrawong        67      10214      122                                   
1894 629 400-3758 12739           Yarrawong        67      10216      156                                   
1894 629 800-3758 12739           Yarrawong        67      10218      156                                   
1894 6291200-3758 12739           Yarrawong        67      10240      167                                   
1894 6291600-3758 12739           Yarrawong        93      10250      156                                   
1894 6292000-3758 12739           Yarrawong        93      10253      144                                   
1894 630   0-3758 12739           Yarrawong        93      10254      150                                   
1894 630 300-3637 13370           Yarrawong        93      10255      156                                   
1894 630 700-3637 13370           Yarrawong        93      10251      156                                   
1894 6301100-3637 13370           Yarrawong        67      10252      167                                   
1894 6301500-3637 13370           Yarrawong        67      10240      161                                   
1894 6301900-3637 13370           Yarrawong        67      10230      156                                   
1894 6302300-3637 13370           Yarrawong        67      10234      144                                   
1894 7 1 300-3452 13823           Yarrawong        93      10232      156                                   
1894 7 92300-3961  1658           Yarrawong                                                                 
1894 710 300-4034  1658           Yarrawong                                                                 
1894 710 700-4108  1658           Yarrawong                                                                 
1894 7101100-4182  1658           Yarrawong                                                                 
1894 7101500-4256  1658           Yarrawong                           172                                   
1894 7101900-4330  1658           Yarrawong        93                                                       
1895 9 62300-3310  1710           Yarrawong       123                 133                                   
1895 9 7 300-3310  1710           Yarrawong        67      10188      128                                   
1895 9 7 700-3310  1710           Yarrawong        67      10212      128                                   
1895 9 71100-3310  1710           Yarrawong        67      10206      137                                   
1895 9 71500-3310  1710           Yarrawong        67      10183      131                                   
1895 9 71900-3310  1710           Yarrawong        93      10183      119                                   
1895 9 72300-3384  1814           Yarrawong       154                                                       
1895 9 8 300-3458  1919           Yarrawong       123      10138      133                                   
1895 9 8 700-3533  2023           Yarrawong       123      10146      147                                   
1895 9 81100-3607  2128           Yarrawong       123      10155      161                                   
1895 9 81500-3642  2128           Yarrawong       123      10155      172                                   
1895 9 81900-3677  2128           Yarrawong       154      10121      167                                   
1895 9 82200-3712  2255           Yarrawong        67                 144                                   
1895 9 9 200-3747  2383           Yarrawong       123      10098      156                                   
1895 9 9 600-3782  2510           Yarrawong        93      10123      157                                   
1895 9 91000-3817  2638           Yarrawong        46      10112      128                                   
1895 9 91400-3817  2638           Yarrawong        26      10091      128                                   
1895 9 91800-3817  2638           Yarrawong        46      10084      133                                   
1895 9 92200-3871  2781           Yarrawong       123       9980      108                                   
1895 910 200-3924  2924           Yarrawong        46      10071      128                                   
1895 910 600-3978  3068           Yarrawong        93       9949      164                                   
1895 9101000-4032  3211           Yarrawong       154                 163                                   
1895 9101400-4032  3211           Yarrawong       123      10038      133                                   
1895 9101800-4032  3211           Yarrawong        93      10015      111                                   
1895 9102200-4058  3366           Yarrawong        67                  79                                   
1895 911 200-4085  3522           Yarrawong       154       9962      108                                   
1895 911 600-4111  3677           Yarrawong       190       9929       86                                   
1895 911 900-4138  3832           Yarrawong       154       9956       64                                   
1895 9111300-4138  3832           Yarrawong       123      10003       62                                   
1895 9111700-4138  3832           Yarrawong        93      10040       67                                   
1895 9112100-4335  4194           Yarrawong                            33                                   
1895 912 100-4336  4299           Yarrawong        67      10089       69                                   
1895 912 500-4336  4403           Yarrawong        67      10123       50                                   
1895 912 900-4336  4507           Yarrawong        67                                                       
1895 9121300-4336  4611           Yarrawong        26                  50                                   
1895 9121700-4336  4715           Yarrawong        26      10161       44                                   
1895 9122100-4336  4819           Yarrawong        46      10096       50                                   
1895 913 100-4337  4924           Yarrawong        67      10160       31                                   
1895 913 500-4337  5028           Yarrawong        93      10153       28                                   
1895 913 900-4337  5132           Yarrawong        93      10148       38                                   
1895 9131300-4337  5236           Yarrawong        93      10129       54                                   
1895 9131600-4337  5340           Yarrawong        67      10119       48                                   
1895 9132000-4337  5444           Yarrawong        93      10055       90                                   
1895 914   0-4338  5549           Yarrawong        67      10087       61                                   
1895 914 400-4338  5653           Yarrawong                10081      136                                   
1895 914 800-4338  5757           Yarrawong                10080      139                                   
1895 9141200-4338  5872           Yarrawong        93      10075      133                                   
1895 9141600-4338  5986           Yarrawong        93                  75                                   
1895 9142000-4338  6101           Yarrawong       123       9962       67                                   
1895 915   0-4339  6216           Yarrawong       123      10010      117                                   
1895 915 400-4339  6330           Yarrawong       154       9981      128                                   
1895 915 800-4339  6445           Yarrawong       154       9983      111                                   
1895 9151200-4339  6557           Yarrawong       154       9949      117                                   
1895 9151600-4339  6670           Yarrawong       190       9933      100                                   
1895 9151900-4339  6782           Yarrawong        46      10036       97                                   
1895 9152300-4340  6894           Yarrawong        67                  72                                   
1895 916 300-4340  7007           Yarrawong        46      10025       69                                   
1895 916 700-4340  7119           Yarrawong        46      10037       54                                   
1895 9161100-4340  7231           Yarrawong        67      10035      111                                   
1895 9161500-4340  7344           Yarrawong        67      10036      103                                   
1895 9161900-4340  7753           Yarrawong         0                  98                                   
1895 9162300-4340  7753           Yarrawong        46      10032       89                                   
1895 917 300-4340  7753           Yarrawong        46      10042       67                                   
1895 917 700-4340  7753           Yarrawong         0      10036       97                                   
1895 9171100-4340  7753           Yarrawong        46      10025       92                                   
1895 9171500-4340  7753           Yarrawong        46      10037      106                                   
1895 9171800-4342  8415           Yarrawong        26                  90                                   
1895 9172300-4340  7753           Yarrawong         0      10058      100                                   
1895 918 300-4340  7753           Yarrawong        67      10098       94                                   
1895 918 600-4342  8415           Yarrawong        93      10117       98                                   
1895 9181000-4342  8415           Yarrawong        67      10126       94                                   
1895 9181400-4342  8415           Yarrawong        46      10156       94                                   
1895 9181800-4337  9045           Yarrawong        46      10089       90                                   
1895 9182200-4342  8415           Yarrawong        26      10139       89                                   
1895 919 200-4342  8415           Yarrawong        26      10141       83                                   
1895 919 600-4337  9045           Yarrawong        26      10139       94                                   
1895 9191000-4337  9045           Yarrawong        26      10122       92                                   
1895 9191400-4337  9045           Yarrawong        46      10106       89                                   
1895 9191800-4332  9725           Yarrawong        10                  97                                   
1895 9192200-4337  9045           Yarrawong        46      10054       94                                   
1895 920 200-4337  9045           Yarrawong        46      10037      100                                   
1895 920 600-4332  9725           Yarrawong        26      10018      102                                   
1895 9201000-4332  9725           Yarrawong        46       9992      103                                   
1895 9201400-4332  9725           Yarrawong        26       9989      100                                   
1895 9201700-4239 10347           Yarrawong       123                  96                                   
1895 9202200-4332  9725           Yarrawong        10       9930       92                                   
1895 921 200-4332  9725           Yarrawong        10       9928      100                                   
1895 921 500-4239 10347           Yarrawong        46       9915      104                                   
1895 921 900-4239 10347           Yarrawong        67       9909       89                                   
1895 9211300-4239 10347           Yarrawong       123       9951      100                                   
1895 9211700-4128 10948           Yarrawong        26                  96                                   
1895 9212100-4128 10948           Yarrawong       123      10016       89                                   
1895 922 100-4128 10948           Yarrawong        93      10052      100                                   
1895 922 500-4128 10948           Yarrawong       123      10073      106                                   
1895 922 900-4128 10948           Yarrawong        93      10102      106                                   
1895 9221300-4128 10948           Yarrawong        67      10136      100                                   
1895 924 700-3524 13727           Yarrawong                                                                 
1895 9261900-3524 13727           Yarrawong        46      10217      131                                   
1895 9262300-3524 13727           Yarrawong        46      10205      139                                   
1895 927 300-3524 13727           Yarrawong        46      10200      136                                   
1895 927 700-3524 13727           Yarrawong        10      10184      142                                   
1895 9271900-3524 13727           Yarrawong                                                                 
1896 2242300-3394  1723           Yarrawong        93      10152      222                                   
1896 225 300-3431  1793           Yarrawong        93      10113      183                                   
1896 225 700-3467  1862           Yarrawong        93      10126      189                                   
1896 2251100-3503  1932           Yarrawong        93      10162      216                                   
1896 2251500-3539  2001           Yarrawong        93      10163      233                                   
1896 2251900-3575  2071           Yarrawong        93      10161      228                                   
1896 2252300-3611  2140           Yarrawong        93      10154      222                                   
1896 226 300-3648  2210           Yarrawong        93      10144      233                                   
1896 226 600-3684  2279           Yarrawong        93      10152      222                                   
1896 2261000-3720  2349           Yarrawong        93      10138      233                                   
1896 2261400-3757  2434           Yarrawong        93      10134      233                                   
1896 2261800-3795  2519           Yarrawong        93      10140      225                                   
1896 2262200-3832  2603           Yarrawong        67      10136      211                                   
1896 227 200-3870  2688           Yarrawong        67      10125      211                                   
1896 227 600-3907  2773           Yarrawong        46      10134      231                                   
1896 2271000-3945  2858           Yarrawong        46      10092      240                                   
1896 2271400-3945  2858           Yarrawong        46      10125      217                                   
1896 2271800-3982  2990           Yarrawong        46      10165      219                                   
1896 2272200-4019  3122           Yarrawong        46      10175      189                                   
1896 228 200-4055  3254           Yarrawong        46      10174      178                                   
1896 228 600-4092  3386           Yarrawong        67      10188      159                                   
1896 2281000-4129  3518           Yarrawong        67      10183      164                                   
1896 2281400-4129  3518           Yarrawong        67      10180      161                                   
1896 2281800-4152  3639           Yarrawong        67      10185      150                                   
1896 2282100-4174  3760           Yarrawong        67      10188      125                                   
1896 229 100-4197  3880           Yarrawong        93      10184      122                                   
1896 229 500-4219  4001           Yarrawong        93      10179      122                                   
1896 229 900-4242  4122           Yarrawong        93      10181      116                                   
1896 2291300-4242  4122           Yarrawong        93      10160      122                                   
1896 2291700-4242  4122           Yarrawong        93      10143      128                                   
1896 3 1 100-4402  4425           Yarrawong       123      10067      122                                   
1896 3 1 500-4406  4539           Yarrawong       154      10023      117                                   
1896 3 1 900-4410  4654           Yarrawong       154       9965      119                                   
1896 3 11300-4414  4769           Yarrawong       123       9987      100                                   
1896 3 11700-4418  4883           Yarrawong        67      10039      128                                   
1896 3 12100-4422  4998           Yarrawong        67      10042      111                                   
1896 3 2 100-4426  5113           Yarrawong        67      10037      100                                   
1896 3 2 500-4430  5227           Yarrawong        67      10064       86                                   
1896 3 2 800-4434  5342           Yarrawong        93      10090       89                                   
1896 3 21200-4437  5457           Yarrawong       123      10115      100                                   
1896 3 21600-4439  5571           Yarrawong        93      10183      117                                   
1896 3 22000-4442  5686           Yarrawong        67      10153       97                                   
1896 3 3   0-4445  5801           Yarrawong        46      10156      100                                   
1896 3 3 400-4447  5915           Yarrawong        46      10166      100                                   
1896 3 3 800-4450  6030           Yarrawong        93      10164       98                                   
1896 3 31200-4451  6149           Yarrawong        93      10149      100                                   
1896 3 31600-4453  6268           Yarrawong        93      10142      125                                   
1896 3 32000-4454  6387           Yarrawong        67      10132      132                                   
1896 3 4   0-4455  6506           Yarrawong        46      10119      128                                   
1896 3 4 400-4457  6625           Yarrawong        46      10135      125                                   
1896 3 4 800-4458  6744           Yarrawong        26      10157      128                                   
1896 3 41100-4467  6861           Yarrawong        26      10173      100                                   
1896 3 41500-4477  6978           Yarrawong        26      10180      125                                   
1896 3 41900-4486  7095           Yarrawong        26                 115                                   
1896 3 42300-4495  7212           Yarrawong        26      10198      111                                   
1896 3 5 300-4505  7329           Yarrawong        26      10212      112                                   
1896 3 5 700-4514  7446           Yarrawong        26      10217      131                                   
1896 3 51100-4523  7563           Yarrawong        26      10218      156                                   
1896 3 51500-4533  7680           Yarrawong        10      10231      144                                   
1896 3 51900-4542  7797           Yarrawong        10      10233      133                                   
1896 3 51900-4512  7800           Yarrawong        67      10219      133                                   
1896 3 52300-4512  7917           Yarrawong        46      10214      122                                   
1896 3 6 300-4512  8033           Yarrawong        67      10222      117                                   
1896 3 6 700-4512  8150           Yarrawong        67      10214      133                                   
1896 3 61000-4512  8267           Yarrawong        67      10209      150                                   
1896 3 61400-4512  8383           Yarrawong        67      10232      117                                   
1896 3 61800-4512  8500           Yarrawong                                                                 
1896 3 62200-4512  8617           Yarrawong        46      10213      133                                   
1896 3 7 200-4512  8733           Yarrawong        46      10235      137                                   
1896 3 7 600-4512  8850           Yarrawong        46      10239      142                                   
1896 3 71000-4512  8967           Yarrawong        46      10230      144                                   
1896 3 71400-4513  9083           Yarrawong        46                 154                                   
1896 3 71800-4513  9200           Yarrawong        46                 139                                   
1896 3 72200-4514  9317           Yarrawong        67      10235      133                                   
1896 3 8 200-4514  9433           Yarrawong        67      10232      128                                   
1896 3 8 600-4515  9550           Yarrawong        46      10224      139                                   
1896 3 81000-4513  9550           Yarrawong        67      10205      156                                   
1896 3 81400-4497  9688           Yarrawong        67      10203      167                                   
1896 3 81700-4480  9827           Yarrawong        67      10183      133                                   
1896 3 82100-4464  9965           Yarrawong        93      10144      133                                   
1896 3 9 100-4447 10104           Yarrawong       123      10143      139                                   
1896 3 9 500-4431 10242           Yarrawong       123      10126      150                                   
1896 3 9 900-4413 10353           Yarrawong       123      10109      156                                   
1896 3 91300-4395 10464           Yarrawong       123      10098      156                                   
1896 3 91700-4377 10574           Yarrawong       123                                                       
1896 3 92100-4359 10685           Yarrawong       123                                                       
1896 310 100-4341 10796           Yarrawong       123                                                       
1896 310 500-4323 10907           Yarrawong                10060      156                                   
1896 310 900-4305 11018           Yarrawong                10052      156                                   
1896 3101300-4287 11129           Yarrawong       123      10040      161                                   
1896 3101600-4158 11504           Yarrawong        26      10117      156                                   
1896 3102000-4158 11504           Yarrawong        26      10055      144                                   
1896 311   0-4158 11504           Yarrawong        46      10072      144                                   
1896 311 400-4158 11504           Yarrawong        46      10076      156                                   
1896 311 800-4158 11504           Yarrawong        46      10098      167                                   
1896 3111200-4158 11504           Yarrawong        26      10113      161                                   
1896 3111600-4018 12104           Yarrawong        26      10148      187                                   
1896 3112000-4158 11504           Yarrawong        10      10121      156                                   
1896 312   0-4158 11504           Yarrawong        10      10142      140                                   
1896 312 400-4018 12104           Yarrawong        10      10141      156                                   
1896 312 800-4018 12104           Yarrawong        26      10137      161                                   
1896 3121200-4018 12104           Yarrawong        26      10150      178                                   
1896 3121600-3836 12104           Yarrawong        67      10112      183                                   
1896 3122000-4018 12104           Yarrawong        26      10147      172                                   
1896 313   0-4018 12104           Yarrawong        46      10143      178                                   
1896 313 400-3836 12720           Yarrawong        67      10141      183                                   
1896 313 700-3836 12893           Yarrawong        67      10120      183                                   
1896 3131100-3836 13067           Yarrawong        67      10151      187                                   
1896 3131500-3703 13240           Yarrawong        26                                                       
1896 3131900-3836 13240           Yarrawong        26      10126      183                                   
1896 3132300-3836 13240           Yarrawong        46      10130      186                                   
1896 314 300-3703 13240           Yarrawong        46      10101      189                                   
1896 314 700-3703 13240           Yarrawong        26      10091      189                                   
1896 3141100-3703 13240           Yarrawong        26      10107      211                                   
1896 3141900-3703 13240           Yarrawong        46      10076      194                                   
1896 3142300-3703 13240           Yarrawong        67      10109      189                                   
1896 315 300-3503 13805           Yarrawong        67      10117      189                                   
